# k [Mpc^-1], sensitivity [mK^2], z=14.0, 94.7 MHz
3.500000000000000333e-02 inf
3.572842282756675397e-02 inf
3.647200564986839699e-02 inf
3.723106397794004319e-02 inf
3.800591988925806214e-02 inf
3.879690216440116746e-02 inf
3.960434642655615706e-02 inf
4.042859528392659524e-02 inf
4.126999847510574859e-02 inf
4.212891301747467149e-02 inf
4.300570335868902916e-02 inf
4.390074153131857948e-02 inf
4.481440731070487210e-02 inf
4.574708837610465956e-02 inf
4.669918047518661214e-02 inf
4.767108759195193973e-02 inf
4.866322211814942678e-02 inf
4.967600502825834929e-02 inf
5.070986605811275694e-02 inf
5.176524388724366293e-02 inf
5.284258632501594166e-02 inf
5.394235050063903719e-02 inf
5.506500305713256382e-02 inf
5.621102034932823344e-02 inf
5.738088864599311806e-02 inf
5.857510433615904094e-02 inf
5.979417413974657397e-02 inf
6.103861532257209149e-02 inf
6.230895591583001519e-02 inf
6.360573494014265528e-02 inf
6.492950263427293978e-02 inf
6.628082068859754428e-02 inf
6.766026248343849636e-02 inf
6.906841333235554103e-02 inf
7.050587073050135212e-02 inf
7.197324460814619185e-02 inf
7.347115758947816988e-02 inf
7.500024525679045706e-02 inf
7.656115642016625422e-02 inf
7.815455339277647961e-02 inf
7.978111227190747001e-02 inf
8.144152322583671222e-02 inf
8.313649078667982584e-02 inf
8.486673414933156023e-02 inf
8.663298747662909194e-02 inf
8.843600021086570062e-02 5.861946005559605766e+00
9.027653739178835568e-02 5.873735378583760713e+00
9.215537998121303698e-02 5.885548462047448304e+00
9.407332519439604024e-02 5.897385303636405673e+00
9.603118683830201563e-02 5.909245951132271024e+00
9.802979565691193053e-02 5.921130452412786127e+00
1.000699996837176586e-01 5.933038855451978399e+00
1.021526646015524509e-01 5.944971208320358080e+00
1.042786741099108044e-01 5.956927559185119847e+00
1.064489302999123421e-01 5.968907956310324892e+00
1.086643540370700461e-01 5.980912448057100761e+00
1.109258853520242866e-01 5.992941082883844750e+00
1.132344838394090808e-01 6.004993909346404202e+00
1.155911290650195183e-01 6.017070976098286117e+00
1.179968209814531294e-01 6.091202233523397958e+00
1.204525803524016392e-01 6.192444549211223226e+00
1.229594491857733396e-01 6.295369620797287347e+00
1.255184911758291388e-01 6.400005417489864179e+00
1.281307921545208894e-01 6.506380373375460380e+00
1.307974605522227440e-01 6.614523395145618601e+00
1.335196278680513826e-01 6.724463869952095330e+00
1.362984491499744655e-01 6.836231673392643593e+00
1.391351034849112878e-01 6.949857177629495730e+00
1.420307944990333859e-01 7.065371259642804880e+00
1.449867508684773432e-01 7.182805309621255851e+00
1.480042268406868700e-01 7.441684380978605517e+00
1.510845027666047613e-01 7.730935941333795469e+00
1.542288856439409939e-01 8.031430448968738034e+00
1.574387096717475842e-01 8.343604907104371193e+00
1.607153368165349372e-01 8.667913304882693737e+00
1.640601573901705190e-01 9.004827277594223744e+00
1.674745906398046880e-01 9.354836792567846615e+00
1.709600853500741757e-01 9.718450861720635103e+00
1.745181204578385992e-01 1.009760194896917085e+01
1.781502056797110434e-01 1.055401645557519430e+01
1.818578821526486422e-01 1.103106102889340612e+01
1.856427230878753554e-01 1.152966815386106170e+01
1.895063344384143311e-01 1.205081246400223272e+01
1.934503555805126840e-01 1.259551264655604541e+01
1.974764600092484834e-01 1.316483343371726633e+01
2.015863560486145234e-01 1.375988768388147854e+01
2.057817875763805759e-01 1.443739906928264638e+01
2.100645347640413829e-01 1.519825175647423166e+01
2.144364148321648011e-01 1.599920147283491190e+01
2.188992828214597897e-01 1.684236133667948820e+01
2.234550323798925042e-01 1.772995582791502756e+01
2.281055965661834550e-01 1.866432665681029590e+01
2.328529486700275375e-01 1.965265360472457701e+01
2.376991030493841028e-01 2.077609055337077493e+01
2.426461159851931171e-01 2.196374837533862134e+01
2.476960865538796186e-01 2.321929823399441872e+01
2.528511575180167337e-01 2.454662115345163897e+01
2.581135162355253088e-01 2.594982001518590664e+01
2.634853955877961562e-01 2.746149746534826619e+01
2.689690749271278492e-01 2.911974097507826897e+01
2.745668810438831597e-01 3.087811637095288830e+01
2.802811891537738131e-01 3.274267004758430488e+01
2.861144239056928607e-01 3.471981350693673818e+01
2.920690604105219967e-01 3.683236206669695889e+01
2.981476252913505820e-01 3.913247946683049605e+01
3.043526977555517377e-01 4.157623522620952627e+01
3.106869106891708698e-01 4.417259931229983749e+01
3.171529517740905302e-01 4.693110185154409919e+01
3.237535646284456226e-01 4.988618958153104188e+01
3.304915499707733462e-01 5.304483506899317291e+01
3.373697668083914247e-01 5.640347661546796587e+01
3.443911336505087739e-01 5.997477737792551267e+01
3.515586297465838617e-01 6.377409718588052812e+01
3.588752963504552862e-01 6.781749370133256605e+01
3.663442380107827523e-01 7.211724908508064402e+01
3.739686238883428437e-01 7.668961696674092821e+01
3.817516891007428637e-01 8.155303179937432390e+01
3.896967360951185122e-01 8.672615979192705993e+01
3.978071360494027653e-01 9.222743319657411121e+01
4.060863303027552607e-01 9.807766715874232943e+01
4.145378318157649788e-01 1.042987509567028610e+02
4.231652266610403390e-01 1.109144064607947087e+02
4.319721755448220901e-01 1.179496920884242996e+02
4.409624153602658136e-01 1.254335376940346833e+02
4.501397607730483474e-01 1.333943292521151136e+02
4.595081058399779206e-01 1.418603620988995715e+02
4.690714256612865118e-01 1.508668266369599849e+02
4.788337780673142530e-01 1.604499522140303895e+02
4.887993053402931998e-01 1.706418020406461835e+02
4.989722359719687139e-01 1.814846456635698360e+02
5.093568864577977529e-01 1.930209030212409402e+02
5.199576631284887895e-01 2.052904743919831390e+02
5.307790640196620169e-01 2.183440916687335971e+02
5.418256807804173736e-01 2.322297215543605660e+02
5.531022006216277376e-01 2.469987477889586671e+02
5.646134083047763541e-01 2.627123343678370588e+02
5.763641881721900395e-01 2.794255891854505762e+02
5.883595262195214781e-01 2.972065446419233581e+02
6.006045122113689017e-01 3.161224846491413132e+02
6.131043418409223289e-01 3.362431448966642620e+02
6.258643189345570734e-01 3.576477612704301237e+02
6.388898577023131020e-01 3.804149559125177120e+02
6.521864850352057097e-01 4.046353906546759163e+02
6.657598428503537225e-01 4.303981404328484928e+02
6.796156904849094404e-01 4.578026999300583952e+02
6.937599071398169448e-01 4.869526128807714827e+02
7.081984943744236149e-01 5.179608306330385403e+02
7.229375786530161108e-01 5.509445047573084366e+02
7.379834139443505192e-01 5.860310728029890015e+02
7.533423843752851123e-01 6.233530402139417674e+02
7.690210069396433701e-01 6.630539956829001085e+02
7.850259342634492432e-01 7.052839271666614422e+02
8.013639574277185984e-01 7.502060418617176083e+02
8.180420088499924525e-01 7.979901008831327545e+02
8.350671652258471189e-01 8.488200911917130043e+02
8.524466505316175002e-01 9.028892421082751980e+02
8.701878390896189419e-01 9.604038642654248861e+02
8.882982586971583938e-01 1.021584723006983040e+03
9.067855938206671462e-01 1.086664113149948662e+03
9.256576888563147198e-01 1.155891297647898455e+03
9.449225514584753682e-01 1.229530675538600008e+03
9.645883559374751615e-01 1.307862849637345562e+03
9.846634467280448444e-01 1.391187592461280701e+03
1.005156341929967390e+00 1.479823196812508513e+03
1.026075736922404058e+00 1.574107569607519963e+03
1.047430508053451392e+00 1.674400863690869073e+03
1.069229716406479680e+00 1.781086920434234798e+03
1.091482611644857048e+00 1.894572482381794998e+03
1.114198635936694659e+00 2.015290931642453870e+03
1.137387427961266795e+00 2.143703365943409153e+03
1.161058826998822235e+00 2.280300461446901863e+03
1.185222877105502892e+00 inf
1.209889831375160485e+00 inf
1.235070156289862053e+00 inf
1.260774536160947035e+00 inf
1.287013877662505523e+00 inf
1.313799314459207501e+00 inf
1.341142211930455019e+00 inf
1.369054171992841074e+00 inf
1.397547038022987298e+00 inf
1.426632899882822825e+00 inf
1.456324099049463694e+00 inf
1.486633233851841318e+00 inf
1.517573164816328868e+00 inf
1.549157020123613560e+00 inf
1.581398201179137208e+00 inf
1.614310388299477594e+00 inf
1.647907546517062949e+00 inf
1.682203931505708239e+00 inf
1.717214095629459480e+00 inf
1.752952894117343119e+00 inf
1.789435491366608399e+00 inf
1.826677367377168348e+00 inf
1.864694324319941865e+00 inf
1.903502493241907789e+00 inf
1.943118340910698461e+00 inf
1.983558676801640885e+00 inf
2.024840660230225353e+00 inf
2.066981807632997992e+00 inf
2.109999999999999876e+00 inf
