# k [Mpc^-1], sensitivity [mK^2], z=6.5, 189.4 MHz
3.500000000000000333e-02 inf
3.572842282756675397e-02 inf
3.647200564986839699e-02 inf
3.723106397794004319e-02 inf
3.800591988925806214e-02 inf
3.879690216440116746e-02 inf
3.960434642655615706e-02 inf
4.042859528392659524e-02 inf
4.126999847510574859e-02 6.243333060856692818e-02
4.212891301747467149e-02 6.324199123587805060e-02
4.300570335868902916e-02 6.406112594816572303e-02
4.390074153131857948e-02 6.489087040982659260e-02
4.481440731070487210e-02 6.573136204243500147e-02
4.574708837610465956e-02 6.658274004750266983e-02
4.669918047518661214e-02 6.744514542953300440e-02
4.767108759195193973e-02 6.831872101937433439e-02
4.866322211814942678e-02 6.920361149787525312e-02
4.967600502825834929e-02 7.009996341984668644e-02
5.070986605811275694e-02 7.100792523833412973e-02
5.176524388724366293e-02 7.192764732920418902e-02
5.284258632501594166e-02 7.285928201604990884e-02
5.394235050063903719e-02 7.380298359541835607e-02
5.506500305713256382e-02 7.475890836236513681e-02
5.621102034932823344e-02 7.572721463633971806e-02
5.738088864599311806e-02 7.670806278740641138e-02
5.857510433615904094e-02 7.770161526280444653e-02
5.979417413974657397e-02 7.870803661385254724e-02
6.103861532257209149e-02 7.972749352320171456e-02
6.230895591583001519e-02 8.076015483244106119e-02
6.360573494014265528e-02 8.180619157006124853e-02
6.492950263427293978e-02 8.286577697977991208e-02
6.628082068859754428e-02 8.393908654923447343e-02
6.766026248343849636e-02 8.502629803904585004e-02
6.906841333235554103e-02 8.612759151225939103e-02
7.050587073050135212e-02 8.724314936416649457e-02
7.197324460814619185e-02 8.837315635251299928e-02
7.347115758947816988e-02 8.951779962809824909e-02
7.500024525679045706e-02 9.067726876577125728e-02
7.656115642016625422e-02 9.185175579582774419e-02
7.815455339277647961e-02 9.304145523581389132e-02
7.978111227190747001e-02 9.424656412274244610e-02
8.144152322583671222e-02 9.546728204572572929e-02
8.313649078667982584e-02 9.673928322450890682e-02
8.486673414933156023e-02 9.806903557399880567e-02
8.663298747662909194e-02 9.941706634412653121e-02
8.843600021086570062e-02 1.007836267851801165e-01
9.027653739178835568e-02 1.021689716010672072e-01
9.215537998121303698e-02 1.035733589967872542e-01
9.407332519439604024e-02 1.049970507265565317e-01
9.603118683830201563e-02 1.064403121425949728e-01
9.802979565691193053e-02 1.079034122445833022e-01
1.000699996837176586e-01 1.093866237297999172e-01
1.021526646015524509e-01 1.108902230439471753e-01
1.042786741099108044e-01 1.124144904326763034e-01
1.064489302999123421e-01 1.139597099938203378e-01
1.086643540370700461e-01 1.155261697303452545e-01
1.109258853520242866e-01 1.171141616040288769e-01
1.132344838394090808e-01 1.187239815898776252e-01
1.155911290650195183e-01 1.203559297312914028e-01
1.179968209814531294e-01 1.220103101959864461e-01
1.204525803524016392e-01 1.236874313326871977e-01
1.229594491857733396e-01 1.253876057285973900e-01
1.255184911758291388e-01 1.256307133334953752e-01
1.281307921545208894e-01 1.254691712595738251e-01
1.307974605522227440e-01 1.253078369042980589e-01
1.335196278680513826e-01 1.251467100005734245e-01
1.362984491499744655e-01 1.249857902816486205e-01
1.391351034849112878e-01 1.248250774811153346e-01
1.420307944990333859e-01 1.246645713329078281e-01
1.449867508684773432e-01 1.245042715713025605e-01
1.480042268406868700e-01 1.243441779309175932e-01
1.510845027666047613e-01 1.241842901467122423e-01
1.542288856439409939e-01 1.240246079539866070e-01
1.574387096717475842e-01 1.238651310883812223e-01
1.607153368165349372e-01 1.237058592858764905e-01
1.640601573901705190e-01 1.235467922827922782e-01
1.674745906398046880e-01 1.231223745774701339e-01
1.709600853500741757e-01 1.226406195905587609e-01
1.745181204578385992e-01 1.221607496214454358e-01
1.781502056797110434e-01 1.216827572944055441e-01
1.818578821526486422e-01 1.212066352625743859e-01
1.856427230878753554e-01 1.207323762078340856e-01
1.895063344384143311e-01 1.202599728407012930e-01
1.934503555805126840e-01 1.197894179002149950e-01
1.974764600092484834e-01 1.193207041538249941e-01
2.015863560486145234e-01 1.188538243972807606e-01
2.057817875763805759e-01 1.183887714545205500e-01
2.100645347640413829e-01 1.173097414054380533e-01
2.144364148321648011e-01 1.162312817229488038e-01
2.188992828214597897e-01 1.151627366074240849e-01
2.234550323798925042e-01 1.141040149116103741e-01
2.281055965661834550e-01 1.130550263261950877e-01
2.328529486700275375e-01 1.120156813721032291e-01
2.376991030493841028e-01 1.109858913928647717e-01
2.426461159851931171e-01 1.099655685470521949e-01
2.476960865538796186e-01 1.090842407738587538e-01
2.528511575180167337e-01 1.090461681800357074e-01
2.581135162355253088e-01 1.090081088743135723e-01
2.634853955877961562e-01 1.089700628520545306e-01
2.689690749271278492e-01 1.089320301086224158e-01
2.745668810438831597e-01 1.088940106393826435e-01
2.802811891537738131e-01 1.088560044397022530e-01
2.861144239056928607e-01 1.088180115049498520e-01
2.920690604105219967e-01 1.093641999132471121e-01
2.981476252913505820e-01 1.102303045803370851e-01
3.043526977555517377e-01 1.111032683228370121e-01
3.106869106891708698e-01 1.119831454608738730e-01
3.171529517740905302e-01 1.128699907447603124e-01
3.237535646284456226e-01 1.137638593584015673e-01
3.304915499707733462e-01 1.145498937108770099e-01
3.373697668083914247e-01 1.147683980610286897e-01
3.443911336505087739e-01 1.149873192090445084e-01
3.515586297465838617e-01 1.152066579499679416e-01
3.588752963504552862e-01 1.154264150803590155e-01
3.663442380107827523e-01 1.156465913982972077e-01
3.739686238883428437e-01 1.160851064916531006e-01
3.817516891007428637e-01 1.167936864439136635e-01
3.896967360951185122e-01 1.175065915466083771e-01
3.978071360494027653e-01 1.182238482003237640e-01
4.060863303027552607e-01 1.189454829667945523e-01
4.145378318157649788e-01 1.196371529503128806e-01
4.231652266610403390e-01 1.202641224422491134e-01
4.319721755448220901e-01 1.208943776254118724e-01
4.409624153602658136e-01 1.215279357187679654e-01
4.501397607730483474e-01 1.221648140315216569e-01
4.595081058399779206e-01 1.226139598899222971e-01
4.690714256612865118e-01 1.229855715571354091e-01
4.788337780673142530e-01 1.233583094846155553e-01
4.887993053402931998e-01 1.237321770857706255e-01
4.989722359719687139e-01 1.242634988437590071e-01
5.093568864577977529e-01 1.249651207060486352e-01
5.199576631284887895e-01 1.256707040955946653e-01
5.307790640196620169e-01 1.263802713801410460e-01
5.418256807804173736e-01 1.270538999020348891e-01
5.531022006216277376e-01 1.277040745731350402e-01
5.646134083047763541e-01 1.283575763920304647e-01
5.763641881721900395e-01 1.290144223847803640e-01
5.883595262195214781e-01 1.293781569466724291e-01
6.006045122113689017e-01 1.297428466335530384e-01
6.131043418409223289e-01 1.301085643036021811e-01
6.258643189345570734e-01 1.303191334997810258e-01
6.388898577023131020e-01 1.304460160858840201e-01
6.521864850352057097e-01 1.305730222086482761e-01
6.657598428503537225e-01 1.308032418176030554e-01
6.796156904849094404e-01 1.311303534460037390e-01
6.937599071398169448e-01 1.314582831123669859e-01
7.081984943744236149e-01 1.317100982285969446e-01
7.229375786530161108e-01 1.319052206297022523e-01
7.379834139443505192e-01 1.321006320955940005e-01
7.533423843752851123e-01 1.324092718820282510e-01
7.690210069396433701e-01 1.327471033459666494e-01
7.850259342634492432e-01 1.330639882089884596e-01
8.013639574277185984e-01 1.332781256473515308e-01
8.180420088499924525e-01 1.334926076931709227e-01
8.350671652258471189e-01 1.337113328623527608e-01
8.524466505316175002e-01 1.339322188932808022e-01
8.701878390896189419e-01 1.341166907569903977e-01
8.882982586971583938e-01 1.342215567166622492e-01
9.067855938206671462e-01 1.343320791448193441e-01
9.256576888563147198e-01 1.345348436002617720e-01
9.449225514584753682e-01 1.347379141138300984e-01
9.645883559374751615e-01 1.346640324735775274e-01
9.846634467280448444e-01 1.345591266693466626e-01
1.005156341929967390e+00 1.346046601006441190e-01
1.026075736922404058e+00 1.346803963869463439e-01
1.047430508053451392e+00 1.350357518381529176e-01
1.069229716406479680e+00 1.354411297144215431e-01
1.091482611644857048e+00 1.355230936947829090e-01
1.114198635936694659e+00 1.356007177669956709e-01
1.137387427961266795e+00 1.357843263341976248e-01
1.161058826998822235e+00 1.359795138138494008e-01
1.185222877105502892e+00 1.361961179235107178e-01
1.209889831375160485e+00 1.365371669551616041e-01
1.235070156289862053e+00 1.369473679379338282e-01
1.260774536160947035e+00 1.371327415347003420e-01
1.287013877662505523e+00 1.371513764938541990e-01
1.313799314459207501e+00 1.369281336958282080e-01
1.341142211930455019e+00 1.374259108116268613e-01
1.369054171992841074e+00 1.378167460302662517e-01
1.397547038022987298e+00 1.378379429865359551e-01
1.426632899882822825e+00 1.382357493051591668e-01
1.456324099049463694e+00 1.384184209431918167e-01
1.486633233851841318e+00 1.384792950271316880e-01
1.517573164816328868e+00 1.391706748200743360e-01
1.549157020123613560e+00 1.395736744469832369e-01
1.581398201179137208e+00 1.398464911472004357e-01
1.614310388299477594e+00 1.400921015298224881e-01
1.647907546517062949e+00 1.446027541660006022e-01
1.682203931505708239e+00 3.452632119924541887e-01
1.717214095629459480e+00 inf
1.752952894117343119e+00 inf
1.789435491366608399e+00 inf
1.826677367377168348e+00 inf
1.864694324319941865e+00 inf
1.903502493241907789e+00 inf
1.943118340910698461e+00 inf
1.983558676801640885e+00 inf
2.024840660230225353e+00 inf
2.066981807632997992e+00 inf
2.109999999999999876e+00 inf
