# k [Mpc^-1], sensitivity [mK^2], z=14.0, 94.7 MHz
3.500000000000000333e-02 1.173936072365597966e-02
3.572842282756675397e-02 1.190759735764632468e-02
3.647200564986839699e-02 1.207824498876698162e-02
3.723106397794004319e-02 1.225133816898813649e-02
3.800591988925806214e-02 1.242691194544384529e-02
3.879690216440116746e-02 1.260500186752818927e-02
3.960434642655615706e-02 1.278564399409320637e-02
4.042859528392659524e-02 1.296887490074987055e-02
4.126999847510574859e-02 1.315473168727381015e-02
4.212891301747467149e-02 1.334325198511707167e-02
4.300570335868902916e-02 1.353447396502757520e-02
4.390074153131857948e-02 1.372843634477777242e-02
4.481440731070487210e-02 1.392517839700400765e-02
4.574708837610465956e-02 1.412473995715832729e-02
4.669918047518661214e-02 1.432716143157411817e-02
4.767108759195193973e-02 1.453248380564746423e-02
4.866322211814942678e-02 1.474074865213562471e-02
4.967600502825834929e-02 1.495199813957455437e-02
5.070986605811275694e-02 1.516627504081697296e-02
5.176524388724366293e-02 1.538362274169282132e-02
5.284258632501594166e-02 1.560408524979384377e-02
5.394235050063903719e-02 1.582770720338402132e-02
5.506500305713256382e-02 1.605453388043777060e-02
5.621102034932823344e-02 1.628461120780757415e-02
5.738088864599311806e-02 1.651798577052309910e-02
5.857510433615904094e-02 1.671436207932850554e-02
5.979417413974657397e-02 1.683996673249692558e-02
6.103861532257209149e-02 1.696651527624415748e-02
6.230895591583001519e-02 1.709401480369456341e-02
6.360573494014265528e-02 1.722247246127572851e-02
6.492950263427293978e-02 1.735189544911901194e-02
6.628082068859754428e-02 1.748229102146315467e-02
6.766026248343849636e-02 1.761366648706085003e-02
6.906841333235554103e-02 1.774602920958842645e-02
7.050587073050135212e-02 1.787938660805855548e-02
7.197324460814619185e-02 1.801374615723612405e-02
7.347115758947816988e-02 1.814911538805720481e-02
7.500024525679045706e-02 1.828550188805111443e-02
7.656115642016625422e-02 1.842291330176576772e-02
7.815455339277647961e-02 1.856135733119612316e-02
7.978111227190747001e-02 1.870084173621589310e-02
8.144152322583671222e-02 1.884137433501246323e-02
8.313649078667982584e-02 1.898296300452516003e-02
8.486673414933156023e-02 1.912561568088671365e-02
8.663298747662909194e-02 1.926934035986811733e-02
8.843600021086570062e-02 1.951553491298849141e-02
9.027653739178835568e-02 1.981489214249115491e-02
9.215537998121303698e-02 2.011884134199387608e-02
9.407332519439604024e-02 2.042745294971028136e-02
9.603118683830201563e-02 2.074079848433619741e-02
9.802979565691193053e-02 2.105895056162368148e-02
1.000699996837176586e-01 2.138198291120921996e-02
1.021526646015524509e-01 2.170997039370003295e-02
1.042786741099108044e-01 2.204298901802262400e-02
1.064489302999123421e-01 2.238111595903723855e-02
1.086643540370700461e-01 2.272442957542272421e-02
1.109258853520242866e-01 2.307300942783555367e-02
1.132344838394090808e-01 2.342693629734752050e-02
1.155911290650195183e-01 2.378629220416624002e-02
1.179968209814531294e-01 2.404684420683021739e-02
1.204525803524016392e-01 2.426670339459150588e-02
1.229594491857733396e-01 2.448857274476858373e-02
1.255184911758291388e-01 2.471247063618375178e-02
1.281307921545208894e-01 2.493841561569597881e-02
1.307974605522227440e-01 2.516642639973735995e-02
1.335196278680513826e-01 2.539652187586344603e-02
1.362984491499744655e-01 2.562872110431784270e-02
1.391351034849112878e-01 2.586304331961109329e-02
1.420307944990333859e-01 2.609950793211394948e-02
1.449867508684773432e-01 2.633813452966532118e-02
1.480042268406868700e-01 2.701901314468803730e-02
1.510845027666047613e-01 2.778313000182329115e-02
1.542288856439409939e-01 2.856885662568953502e-02
1.574387096717475842e-01 2.937680415581838539e-02
1.607153368165349372e-01 3.020760101520090363e-02
1.640601573901705190e-01 3.106189339907610564e-02
1.674745906398046880e-01 3.194034577754273352e-02
1.709600853500741757e-01 3.284364141238523688e-02
1.745181204578385992e-01 3.376495633094923204e-02
1.781502056797110434e-01 3.438328396175926310e-02
1.818578821526486422e-01 3.501293484308014292e-02
1.856427230878753554e-01 3.565411633424007964e-02
1.895063344384143311e-01 3.630703959187712299e-02
1.934503555805126840e-01 3.697191963947824705e-02
1.974764600092484834e-01 3.764897543819176878e-02
2.015863560486145234e-01 3.833842995893652073e-02
2.057817875763805759e-01 3.917804796816451440e-02
2.100645347640413829e-01 4.015652021859054260e-02
2.144364148321648011e-01 4.115942982601893813e-02
2.188992828214597897e-01 4.218738711375422112e-02
2.234550323798925042e-01 4.324101764793325531e-02
2.281055965661834550e-01 4.432096261821522748e-02
2.328529486700275375e-01 4.541426440129568698e-02
2.376991030493841028e-01 4.630302539304622517e-02
2.426461159851931171e-01 4.720917951250390432e-02
2.476960865538796186e-01 4.813306714464765657e-02
2.528511575180167337e-01 4.907503533581914629e-02
2.581135162355253088e-01 5.003543792408632340e-02
2.634853955877961562e-01 5.103460603452028566e-02
2.689690749271278492e-01 5.209352959891980217e-02
2.745668810438831597e-01 5.317442490371998565e-02
2.802811891537738131e-01 5.427774784337104086e-02
2.861144239056928607e-01 5.540396377173545384e-02
2.920690604105219967e-01 5.656499566571594750e-02
2.981476252913505820e-01 5.779094183131701368e-02
3.043526977555517377e-01 5.904345821023222751e-02
3.106869106891708698e-01 6.032312066480801510e-02
3.171529517740905302e-01 6.163051753818804546e-02
3.237535646284456226e-01 6.285826601408268932e-02
3.304915499707733462e-01 6.403611775890044600e-02
3.373697668083914247e-01 6.523604034373246818e-02
3.443911336505087739e-01 6.645844733673879345e-02
3.515586297465838617e-01 6.775234393912923925e-02
3.588752963504552862e-01 6.915496350934899339e-02
3.663442380107827523e-01 7.058662032823628807e-02
3.739686238883428437e-01 7.204791552943266841e-02
3.817516891007428637e-01 7.354942671012572319e-02
3.896967360951185122e-01 7.509296345220219104e-02
3.978071360494027653e-01 7.666889345389615862e-02
4.060863303027552607e-01 7.827789653269436043e-02
4.145378318157649788e-01 7.977124262152181233e-02
4.231652266610403390e-01 8.127405773837065306e-02
4.319721755448220901e-01 8.280518447731798071e-02
4.409624153602658136e-01 8.435922323234246178e-02
4.501397607730483474e-01 8.593726713012173057e-02
4.595081058399779206e-01 8.754483029619082590e-02
4.690714256612865118e-01 8.909132811235065397e-02
4.788337780673142530e-01 9.052977356076591375e-02
4.887993053402931998e-01 9.199144377585492804e-02
4.989722359719687139e-01 9.344947665341400700e-02
5.093568864577977529e-01 9.489855184759647677e-02
5.199576631284887895e-01 9.637009713999225569e-02
5.307790640196620169e-01 9.790269386341142466e-02
5.418256807804173736e-01 9.947726459801793653e-02
5.531022006216277376e-01 1.010740209163124570e-01
5.646134083047763541e-01 1.026493165689332104e-01
5.763641881721900395e-01 1.042491640932483171e-01
5.883595262195214781e-01 1.059367777383353054e-01
6.006045122113689017e-01 1.076992665299885132e-01
6.131043418409223289e-01 1.094415299256382978e-01
6.258643189345570734e-01 1.110164818080583704e-01
6.388898577023131020e-01 1.126140985182967902e-01
6.521864850352057097e-01 1.141289506417488969e-01
6.657598428503537225e-01 1.156580891559205182e-01
6.796156904849094404e-01 1.173546268469708997e-01
6.937599071398169448e-01 1.191161411774810386e-01
7.081984943744236149e-01 1.206525766196115818e-01
7.229375786530161108e-01 1.221108930547458449e-01
7.379834139443505192e-01 1.236905356900540459e-01
7.533423843752851123e-01 1.253274947862618172e-01
7.690210069396433701e-01 1.272812871971940596e-01
7.850259342634492432e-01 1.293224027891830552e-01
8.013639574277185984e-01 1.309024690989992745e-01
8.180420088499924525e-01 1.325082314446713039e-01
8.350671652258471189e-01 1.341543560780334432e-01
8.524466505316175002e-01 1.360055781559550425e-01
8.701878390896189419e-01 1.380453566009151867e-01
8.882982586971583938e-01 1.398865113914034564e-01
9.067855938206671462e-01 1.416773531253127105e-01
9.256576888563147198e-01 1.433812306428906280e-01
9.449225514584753682e-01 1.449975414564274034e-01
9.645883559374751615e-01 1.466692168302076438e-01
9.846634467280448444e-01 1.485667564938574214e-01
1.005156341929967390e+00 1.504542741397832673e-01
1.026075736922404058e+00 1.523010312769298435e-01
1.047430508053451392e+00 1.540855419339905164e-01
1.069229716406479680e+00 1.558699139498131714e-01
1.091482611644857048e+00 1.576600428881420046e-01
1.114198635936694659e+00 1.594561291789059199e-01
1.137387427961266795e+00 1.612576731624496273e-01
1.161058826998822235e+00 1.630628248901675459e-01
1.185222877105502892e+00 inf
1.209889831375160485e+00 inf
1.235070156289862053e+00 inf
1.260774536160947035e+00 inf
1.287013877662505523e+00 inf
1.313799314459207501e+00 inf
1.341142211930455019e+00 inf
1.369054171992841074e+00 inf
1.397547038022987298e+00 inf
1.426632899882822825e+00 inf
1.456324099049463694e+00 inf
1.486633233851841318e+00 inf
1.517573164816328868e+00 inf
1.549157020123613560e+00 inf
1.581398201179137208e+00 inf
1.614310388299477594e+00 inf
1.647907546517062949e+00 inf
1.682203931505708239e+00 inf
1.717214095629459480e+00 inf
1.752952894117343119e+00 inf
1.789435491366608399e+00 inf
1.826677367377168348e+00 inf
1.864694324319941865e+00 inf
1.903502493241907789e+00 inf
1.943118340910698461e+00 inf
1.983558676801640885e+00 inf
2.024840660230225353e+00 inf
2.066981807632997992e+00 inf
2.109999999999999876e+00 inf
