# k [Mpc^-1], sensitivity [mK^2], z=11.0, 118.4 MHz
3.500000000000000333e-02 1.927252391891675146e-02
3.572842282756675397e-02 2.009849511524423177e-02
3.647200564986839699e-02 2.095986532936685437e-02
3.723106397794004319e-02 2.185815167285751551e-02
3.800591988925806214e-02 2.279493627681990556e-02
3.879690216440116746e-02 2.377186907845950728e-02
3.960434642655615706e-02 2.479067072708029604e-02
4.042859528392659524e-02 2.585313561462461787e-02
4.126999847510574859e-02 2.696113503609472856e-02
4.212891301747467149e-02 2.811662048542146880e-02
4.300570335868902916e-02 2.932162709258588976e-02
4.390074153131857948e-02 3.057827720804692784e-02
4.481440731070487210e-02 3.188878414078825940e-02
4.574708837610465956e-02 3.325545605656900910e-02
4.669918047518661214e-02 3.468070004324266126e-02
4.767108759195193973e-02 3.616702635030594887e-02
4.866322211814942678e-02 3.771705281014332833e-02
4.967600502825834929e-02 3.933350944875532718e-02
5.070986605811275694e-02 4.101924329409035314e-02
5.176524388724366293e-02 4.277722339044983529e-02
5.284258632501594166e-02 4.461054602779771644e-02
5.394235050063903719e-02 4.652244019518465834e-02
5.506500305713256382e-02 4.851627326789260952e-02
5.621102034932823344e-02 5.059555693831518930e-02
5.738088864599311806e-02 5.276395340102121856e-02
5.857510433615904094e-02 5.502528180289347620e-02
5.979417413974657397e-02 5.738352496970482858e-02
6.103861532257209149e-02 5.984283642097731892e-02
6.230895591583001519e-02 6.240754768548110315e-02
6.360573494014265528e-02 6.508217593025640568e-02
6.492950263427293978e-02 6.787143191659589236e-02
6.628082068859754428e-02 7.263864159034449930e-02
6.766026248343849636e-02 7.787015546951291112e-02
6.906841333235554103e-02 8.347844866157501376e-02
7.050587073050135212e-02 8.949065722196372641e-02
7.197324460814619185e-02 9.593587157430437384e-02
7.347115758947816988e-02 1.028452772661338499e-01
7.500024525679045706e-02 1.102523058620020480e-01
7.656115642016625422e-02 1.181927967040563854e-01
7.815455339277647961e-02 1.267051703227996540e-01
7.978111227190747001e-02 1.358306143370810182e-01
8.144152322583671222e-02 1.456132827428028020e-01
8.313649078667982584e-02 1.561005095546203203e-01
8.486673414933156023e-02 1.673430378343452873e-01
8.663298747662909194e-02 1.793952652142275228e-01
8.843600021086570062e-02 1.923155071030857033e-01
9.027653739178835568e-02 2.061662788488343168e-01
9.215537998121303698e-02 2.210145982226587313e-01
9.407332519439604024e-02 2.369323096884302648e-01
9.603118683830201563e-02 2.539964320263569109e-01
9.802979565691193053e-02 2.718237625771388055e-01
1.000699996837176586e-01 2.894542623791402369e-01
1.021526646015524509e-01 3.082282770833020269e-01
1.042786741099108044e-01 3.282199751106081864e-01
1.064489302999123421e-01 3.495083354487087401e-01
1.086643540370700461e-01 3.721774596654613965e-01
1.109258853520242866e-01 3.963169041596826814e-01
1.132344838394090808e-01 4.220220339616960747e-01
1.155911290650195183e-01 4.493943994813969778e-01
1.179968209814531294e-01 4.785421376922121550e-01
1.204525803524016392e-01 5.095803993358659634e-01
1.229594491857733396e-01 5.426318038356663376e-01
1.255184911758291388e-01 5.778269237154799454e-01
1.281307921545208894e-01 6.153048004381436176e-01
1.307974605522227440e-01 6.547906160307055412e-01
1.335196278680513826e-01 6.957057886959943094e-01
1.362984491499744655e-01 7.391775822309868405e-01
1.391351034849112878e-01 7.853657493593215744e-01
1.420307944990333859e-01 8.344400250953282194e-01
1.449867508684773432e-01 8.865807504963192365e-01
1.480042268406868700e-01 9.419795353905993096e-01
1.510845027666047613e-01 1.000839962516615778e+00
1.542288856439409939e-01 1.063378335660876139e+00
1.574387096717475842e-01 1.129824474543922985e+00
1.607153368165349372e-01 1.200422559375465603e+00
1.640601573901705190e-01 1.275352699504157750e+00
1.674745906398046880e-01 1.354859520111625137e+00
1.709600853500741757e-01 1.439322879036348368e+00
1.745181204578385992e-01 1.529051772058848346e+00
1.781502056797110434e-01 1.624374458079647088e+00
1.818578821526486422e-01 1.725639660002301179e+00
1.856427230878753554e-01 1.833217840480749095e+00
1.895063344384143311e-01 1.947502557198076856e+00
1.934503555805126840e-01 2.068911902634779310e+00
1.974764600092484834e-01 2.198318170121245529e+00
2.015863560486145234e-01 2.336115581532548724e+00
2.057817875763805759e-01 2.482550562723211396e+00
2.100645347640413829e-01 2.638164543397383266e+00
2.144364148321648011e-01 2.803532891754887846e+00
2.188992828214597897e-01 2.979267041861540566e+00
2.234550323798925042e-01 3.166016754369665787e+00
2.281055965661834550e-01 3.364570685508723180e+00
2.328529486700275375e-01 3.576331753979537176e+00
2.376991030493841028e-01 3.801420748748062906e+00
2.426461159851931171e-01 4.040676509647703085e+00
2.476960865538796186e-01 4.294990671841784291e+00
2.528511575180167337e-01 4.565310988683004112e+00
2.581135162355253088e-01 4.852644863708690082e+00
2.634853955877961562e-01 5.158610569952065461e+00
2.689690749271278492e-01 5.484196885842185232e+00
2.745668810438831597e-01 5.830332620545259914e+00
2.802811891537738131e-01 6.198314753058692617e+00
2.861144239056928607e-01 6.589522121362613838e+00
2.920690604105219967e-01 7.005420588959250239e+00
2.981476252913505820e-01 7.448378225618893289e+00
3.043526977555517377e-01 7.919418457471381068e+00
3.106869106891708698e-01 8.420247576690041313e+00
3.171529517740905302e-01 8.952749451680400483e+00
3.237535646284456226e-01 9.518927087898164885e+00
3.304915499707733462e-01 1.012163697555515007e+01
3.373697668083914247e-01 1.076269489716814043e+01
3.443911336505087739e-01 1.144435447836003128e+01
3.515586297465838617e-01 1.216918724146131758e+01
3.588752963504552862e-01 1.294004178188617438e+01
3.663442380107827523e-01 1.376028386555203298e+01
3.739686238883428437e-01 1.463251937297624039e+01
3.817516891007428637e-01 1.556004405814164038e+01
3.896967360951185122e-01 1.654636258595724030e+01
3.978071360494027653e-01 1.759614136502649373e+01
4.060863303027552607e-01 1.871257056355489112e+01
4.145378318157649788e-01 1.989983427798483362e+01
4.231652266610403390e-01 2.116247188600125995e+01
4.319721755448220901e-01 2.250587345218513491e+01
4.409624153602658136e-01 2.393455464816592126e+01
4.501397607730483474e-01 2.545392905648014903e+01
4.595081058399779206e-01 2.707015847328614200e+01
4.690714256612865118e-01 2.878949567465767245e+01
4.788337780673142530e-01 3.061803505949401583e+01
4.887993053402931998e-01 3.256280444989759104e+01
4.989722359719687139e-01 3.463180652531494985e+01
5.093568864577977529e-01 3.683227054513177023e+01
5.199576631284887895e-01 3.917254944578555609e+01
5.307790640196620169e-01 4.166253973862963278e+01
5.418256807804173736e-01 4.431081809089999979e+01
5.531022006216277376e-01 4.712747097880852465e+01
5.646134083047763541e-01 5.012399235660357277e+01
5.763641881721900395e-01 5.331104253174535756e+01
5.883595262195214781e-01 5.670091363089363767e+01
6.006045122113689017e-01 6.030684531477062649e+01
6.131043418409223289e-01 6.414209858230739769e+01
6.258643189345570734e-01 6.822177576186604142e+01
6.388898577023131020e-01 7.256123845956176410e+01
6.521864850352057097e-01 7.717688510489799114e+01
6.657598428503537225e-01 8.208705188352737991e+01
6.796156904849094404e-01 8.730961450141842306e+01
6.937599071398169448e-01 9.286515915367900220e+01
7.081984943744236149e-01 9.877441020723809117e+01
7.229375786530161108e-01 1.050601389666809524e+02
7.379834139443505192e-01 1.117463077137203555e+02
7.533423843752851123e-01 1.188582945027603444e+02
7.690210069396433701e-01 1.264234617353534134e+02
7.850259342634492432e-01 1.344705517512700794e+02
8.013639574277185984e-01 1.430308524436833011e+02
8.180420088499924525e-01 1.521363147938632210e+02
8.350671652258471189e-01 1.618219279280735634e+02
8.524466505316175002e-01 1.721245439920879505e+02
8.701878390896189419e-01 1.830836488561293152e+02
8.882982586971583938e-01 1.947412485397318278e+02
9.067855938206671462e-01 2.071416802278975524e+02
9.256576888563147198e-01 2.203323434404460954e+02
9.449225514584753682e-01 2.343632335464754703e+02
9.645883559374751615e-01 2.492885000085045419e+02
9.846634467280448444e-01 2.651647196847835630e+02
1.005156341929967390e+00 2.820525687092298881e+02
1.026075736922404058e+00 3.000168128900264719e+02
1.047430508053451392e+00 3.191257129531278451e+02
1.069229716406479680e+00 3.394524835651916419e+02
1.091482611644857048e+00 3.610747122331354149e+02
1.114198635936694659e+00 3.840747441918563254e+02
1.137387427961266795e+00 4.085404685719088889e+02
1.161058826998822235e+00 4.345657200232539594e+02
1.185222877105502892e+00 4.622495339021764948e+02
1.209889831375160485e+00 4.916975999715118064e+02
1.235070156289862053e+00 5.230222986432494281e+02
1.260774536160947035e+00 5.563435630945901949e+02
1.287013877662505523e+00 5.917884932150533359e+02
1.313799314459207501e+00 1.821742018071435450e+04
1.341142211930455019e+00 inf
1.369054171992841074e+00 inf
1.397547038022987298e+00 inf
1.426632899882822825e+00 inf
1.456324099049463694e+00 inf
1.486633233851841318e+00 inf
1.517573164816328868e+00 inf
1.549157020123613560e+00 inf
1.581398201179137208e+00 inf
1.614310388299477594e+00 inf
1.647907546517062949e+00 inf
1.682203931505708239e+00 inf
1.717214095629459480e+00 inf
1.752952894117343119e+00 inf
1.789435491366608399e+00 inf
1.826677367377168348e+00 inf
1.864694324319941865e+00 inf
1.903502493241907789e+00 inf
1.943118340910698461e+00 inf
1.983558676801640885e+00 inf
2.024840660230225353e+00 inf
2.066981807632997992e+00 inf
2.109999999999999876e+00 inf
