# k [Mpc^-1], sensitivity [mK^2], z=7.0, 177.6 MHz
3.500000000000000333e-02 inf
3.572842282756675397e-02 inf
3.647200564986839699e-02 inf
3.723106397794004319e-02 inf
3.800591988925806214e-02 inf
3.879690216440116746e-02 inf
3.960434642655615706e-02 inf
4.042859528392659524e-02 inf
4.126999847510574859e-02 inf
4.212891301747467149e-02 inf
4.300570335868902916e-02 inf
4.390074153131857948e-02 inf
4.481440731070487210e-02 inf
4.574708837610465956e-02 inf
4.669918047518661214e-02 inf
4.767108759195193973e-02 inf
4.866322211814942678e-02 inf
4.967600502825834929e-02 inf
5.070986605811275694e-02 inf
5.176524388724366293e-02 inf
5.284258632501594166e-02 inf
5.394235050063903719e-02 inf
5.506500305713256382e-02 inf
5.621102034932823344e-02 inf
5.738088864599311806e-02 inf
5.857510433615904094e-02 inf
5.979417413974657397e-02 inf
6.103861532257209149e-02 inf
6.230895591583001519e-02 inf
6.360573494014265528e-02 inf
6.492950263427293978e-02 inf
6.628082068859754428e-02 inf
6.766026248343849636e-02 inf
6.906841333235554103e-02 inf
7.050587073050135212e-02 inf
7.197324460814619185e-02 inf
7.347115758947816988e-02 inf
7.500024525679045706e-02 inf
7.656115642016625422e-02 inf
7.815455339277647961e-02 inf
7.978111227190747001e-02 inf
8.144152322583671222e-02 inf
8.313649078667982584e-02 inf
8.486673414933156023e-02 inf
8.663298747662909194e-02 inf
8.843600021086570062e-02 inf
9.027653739178835568e-02 inf
9.215537998121303698e-02 inf
9.407332519439604024e-02 inf
9.603118683830201563e-02 inf
9.802979565691193053e-02 inf
1.000699996837176586e-01 inf
1.021526646015524509e-01 inf
1.042786741099108044e-01 inf
1.064489302999123421e-01 inf
1.086643540370700461e-01 inf
1.109258853520242866e-01 inf
1.132344838394090808e-01 inf
1.155911290650195183e-01 inf
1.179968209814531294e-01 inf
1.204525803524016392e-01 1.313356676516050259e+00
1.229594491857733396e-01 1.289638442605510082e+00
1.255184911758291388e-01 1.266348542162864632e+00
1.281307921545208894e-01 1.243479239807798731e+00
1.307974605522227440e-01 1.221022939855147316e+00
1.335196278680513826e-01 1.198972183792107682e+00
1.362984491499744655e-01 1.177319647801009950e+00
1.391351034849112878e-01 1.156058140326823080e+00
1.420307944990333859e-01 1.135180599688592196e+00
1.449867508684773432e-01 1.114680091734010059e+00
1.480042268406868700e-01 1.094549807536344455e+00
1.510845027666047613e-01 1.074783061132960738e+00
1.542288856439409939e-01 1.055373287304680829e+00
1.574387096717475842e-01 1.036314039395247910e+00
1.607153368165349372e-01 1.015471340854542825e+00
1.640601573901705190e-01 9.919104525605587641e-01
1.674745906398046880e-01 9.688962221926706864e-01
1.709600853500741757e-01 9.464159662355362546e-01
1.745181204578385992e-01 9.244572954557644939e-01
1.781502056797110434e-01 9.030081080740086641e-01
1.818578821526486422e-01 8.820565830954802955e-01
1.856427230878753554e-01 8.615911737952066662e-01
1.895063344384143311e-01 8.416006013544437003e-01
1.934503555805126840e-01 8.220738486447360938e-01
1.974764600092484834e-01 8.030001541561994083e-01
2.015863560486145234e-01 7.872645375197905304e-01
2.057817875763805759e-01 7.740248568808157925e-01
2.100645347640413829e-01 7.610078322044409038e-01
2.144364148321648011e-01 7.482097190138135012e-01
2.188992828214597897e-01 7.356268358041516686e-01
2.234550323798925042e-01 7.232555629837222888e-01
2.281055965661834550e-01 7.110923418326291490e-01
2.328529486700275375e-01 6.991336734791113727e-01
2.376991030493841028e-01 6.873761178930590798e-01
2.426461159851931171e-01 6.734208272189179389e-01
2.476960865538796186e-01 6.588128019487917708e-01
2.528511575180167337e-01 6.445216578823163012e-01
2.581135162355253088e-01 6.305405211473995575e-01
2.634853955877961562e-01 6.168626669818270125e-01
2.689690749271278492e-01 6.034815164987298308e-01
2.745668810438831597e-01 5.903906335222196544e-01
2.802811891537738131e-01 5.776355031014313024e-01
2.861144239056928607e-01 5.653248581906707981e-01
2.920690604105219967e-01 5.532765793867460147e-01
2.981476252913505820e-01 5.414850751081830005e-01
3.043526977555517377e-01 5.299448729420380699e-01
3.106869106891708698e-01 5.186506171041627145e-01
3.171529517740905302e-01 5.075970659535939955e-01
3.237535646284456226e-01 4.972296883412067325e-01
3.304915499707733462e-01 4.872227175247569320e-01
3.373697668083914247e-01 4.774171414907775191e-01
3.443911336505087739e-01 4.678089070788115644e-01
3.515586297465838617e-01 4.583940427000769424e-01
3.588752963504552862e-01 4.491680581956240537e-01
3.663442380107827523e-01 4.401088821131826645e-01
3.739686238883428437e-01 4.312324186475343102e-01
3.817516891007428637e-01 4.225349827063443753e-01
3.896967360951185122e-01 4.140129635211312609e-01
3.978071360494027653e-01 4.056628231482425351e-01
4.060863303027552607e-01 3.975109852691600110e-01
4.145378318157649788e-01 3.895256749879340008e-01
4.231652266610403390e-01 3.817007758214956414e-01
4.319721755448220901e-01 3.740330653871399846e-01
4.409624153602658136e-01 3.663720329381795482e-01
4.501397607730483474e-01 3.585115177107864870e-01
4.595081058399779206e-01 3.508196499075553754e-01
4.690714256612865118e-01 3.432928111965002915e-01
4.788337780673142530e-01 3.359463280995501067e-01
4.887993053402931998e-01 3.290274913560151671e-01
4.989722359719687139e-01 3.222511485107004692e-01
5.093568864577977529e-01 3.156143648923911971e-01
5.199576631284887895e-01 3.097722035926350204e-01
5.307790640196620169e-01 3.070365160559490048e-01
5.418256807804173736e-01 3.043249881637101195e-01
5.531022006216277376e-01 3.016374065551406525e-01
5.646134083047763541e-01 2.972858806721693781e-01
5.763641881721900395e-01 2.918001716906390985e-01
5.883595262195214781e-01 2.864156885156021182e-01
6.006045122113689017e-01 2.811357322448012619e-01
6.131043418409223289e-01 2.759700084207005744e-01
6.258643189345570734e-01 2.708992021028658881e-01
6.388898577023131020e-01 2.658728946249905301e-01
6.521864850352057097e-01 2.604993157776990809e-01
6.657598428503537225e-01 2.552343427725666802e-01
6.796156904849094404e-01 2.500879263491184723e-01
6.937599071398169448e-01 2.451103736950851764e-01
7.081984943744236149e-01 2.402318903195468092e-01
7.229375786530161108e-01 2.355276950536268898e-01
7.379834139443505192e-01 2.310393034484550800e-01
7.533423843752851123e-01 2.266364459848067003e-01
7.690210069396433701e-01 2.223713796594307401e-01
7.850259342634492432e-01 2.182037485257829479e-01
8.013639574277185984e-01 2.142236217076303184e-01
8.180420088499924525e-01 2.106146749215150327e-01
8.350671652258471189e-01 2.070665267382856833e-01
8.524466505316175002e-01 2.053447808232441441e-01
8.701878390896189419e-01 2.038414600278312949e-01
8.882982586971583938e-01 2.032897930971439837e-01
9.067855938206671462e-01 2.032745745042185692e-01
9.256576888563147198e-01 2.032393443702218139e-01
9.449225514584753682e-01 2.031824170413203678e-01
9.645883559374751615e-01 2.031705508854792785e-01
9.846634467280448444e-01 2.032225865490511207e-01
1.005156341929967390e+00 2.034843654738565377e-01
1.026075736922404058e+00 2.040232432855060285e-01
1.047430508053451392e+00 2.045360435152999978e-01
1.069229716406479680e+00 2.050254524357396357e-01
1.091482611644857048e+00 2.054172886267409959e-01
1.114198635936694659e+00 2.057665674111713583e-01
1.137387427961266795e+00 2.053826976357844003e-01
1.161058826998822235e+00 2.051164373299347865e-01
1.185222877105502892e+00 2.054387666890160613e-01
1.209889831375160485e+00 2.059307935499833653e-01
1.235070156289862053e+00 2.065466465341742053e-01
1.260774536160947035e+00 2.074296164106733398e-01
1.287013877662505523e+00 2.084329454658331859e-01
1.313799314459207501e+00 2.095821481537510911e-01
1.341142211930455019e+00 2.106385139182910260e-01
1.369054171992841074e+00 2.118903365192110477e-01
1.397547038022987298e+00 2.133111797932227549e-01
1.426632899882822825e+00 2.144461093319022515e-01
1.456324099049463694e+00 2.157474268878625256e-01
1.486633233851841318e+00 2.170680951793054203e-01
1.517573164816328868e+00 2.183131924002214841e-01
1.549157020123613560e+00 2.194768895529112807e-01
1.581398201179137208e+00 2.209837447888815531e-01
1.614310388299477594e+00 4.020888200807034019e-01
1.647907546517062949e+00 inf
1.682203931505708239e+00 inf
1.717214095629459480e+00 inf
1.752952894117343119e+00 inf
1.789435491366608399e+00 inf
1.826677367377168348e+00 inf
1.864694324319941865e+00 inf
1.903502493241907789e+00 inf
1.943118340910698461e+00 inf
1.983558676801640885e+00 inf
2.024840660230225353e+00 inf
2.066981807632997992e+00 inf
2.109999999999999876e+00 inf
