# k [Mpc^-1], sensitivity [mK^2], z=5.5, 218.5 MHz
3.500000000000000333e-02 inf
3.572842282756675397e-02 inf
3.647200564986839699e-02 inf
3.723106397794004319e-02 inf
3.800591988925806214e-02 inf
3.879690216440116746e-02 inf
3.960434642655615706e-02 inf
4.042859528392659524e-02 inf
4.126999847510574859e-02 inf
4.212891301747467149e-02 inf
4.300570335868902916e-02 inf
4.390074153131857948e-02 inf
4.481440731070487210e-02 1.087458271061927375e-03
4.574708837610465956e-02 1.120720419232856509e-03
4.669918047518661214e-02 1.154999958627325176e-03
4.767108759195193973e-02 1.190328008248725316e-03
4.866322211814942678e-02 1.226736638939180833e-03
4.967600502825834929e-02 1.264258902493492140e-03
5.070986605811275694e-02 1.302928861663593197e-03
5.176524388724366293e-02 1.342781621080754457e-03
5.284258632501594166e-02 1.383853359123606930e-03
5.394235050063903719e-02 1.426181360760906498e-03
5.506500305713256382e-02 1.469804051398886351e-03
5.621102034932823344e-02 1.514761031763860741e-03
5.738088864599311806e-02 1.561093113851825696e-03
5.857510433615904094e-02 1.608842357977624407e-03
5.979417413974657397e-02 1.658052110957349999e-03
6.103861532257209149e-02 1.708767045458632660e-03
6.230895591583001519e-02 1.761033200554534524e-03
6.360573494014265528e-02 1.814898023517872881e-03
6.492950263427293978e-02 1.870410412893904698e-03
6.628082068859754428e-02 1.927620762890482238e-03
6.766026248343849636e-02 1.986581009125960254e-03
6.906841333235554103e-02 2.047344675776428726e-03
7.050587073050135212e-02 2.109966924164991074e-03
7.197324460814619185e-02 2.174504602837294253e-03
7.347115758947816988e-02 2.241016299168693479e-03
7.500024525679045706e-02 2.309562392549935079e-03
7.656115642016625422e-02 2.380205109199633531e-03
7.815455339277647961e-02 2.453008578653304104e-03
7.978111227190747001e-02 2.528038891980223871e-03
8.144152322583671222e-02 2.605364161780968600e-03
8.313649078667982584e-02 2.685054584020121846e-03
8.486673414933156023e-02 2.767182501750236820e-03
8.663298747662909194e-02 2.851822470784942665e-03
8.843600021086570062e-02 2.939051327380791563e-03
9.027653739178835568e-02 3.122715777814732627e-03
9.215537998121303698e-02 3.324587466122590554e-03
9.407332519439604024e-02 3.539509390647845814e-03
9.603118683830201563e-02 3.768325199485757226e-03
9.802979565691193053e-02 4.011933079369584335e-03
1.000699996837176586e-01 4.271289281385908659e-03
1.021526646015524509e-01 4.547411874614042983e-03
1.042786741099108044e-01 4.841384742423981459e-03
1.064489302999123421e-01 5.154361837119725634e-03
1.086643540370700461e-01 5.487571709629193197e-03
1.109258853520242866e-01 5.842322332021253860e-03
1.132344838394090808e-01 6.220006231780184601e-03
1.155911290650195183e-01 6.622105957991437572e-03
1.179968209814531294e-01 7.050199900895442497e-03
1.204525803524016392e-01 7.505968487653467101e-03
1.229594491857733396e-01 7.991200778646196518e-03
1.255184911758291388e-01 8.507801490197766658e-03
1.281307921545208894e-01 9.057798471292267950e-03
1.307974605522227440e-01 9.643350663631622063e-03
1.335196278680513826e-01 1.028301860007543693e-02
1.362984491499744655e-01 1.101635713985200590e-02
1.391351034849112878e-01 1.180199407904191852e-02
1.420307944990333859e-01 1.264365910377626863e-02
1.449867508684773432e-01 1.354534788459086855e-02
1.480042268406868700e-01 1.451134104523522060e-02
1.510845027666047613e-01 1.554622448425131524e-02
1.542288856439409939e-01 1.665491114579600168e-02
1.574387096717475842e-01 1.784266434306017515e-02
1.607153368165349372e-01 1.911512274500910477e-02
1.640601573901705190e-01 2.047832714506455515e-02
1.674745906398046880e-01 2.193874913880852068e-02
1.709600853500741757e-01 2.350332184685169357e-02
1.745181204578385992e-01 2.517947282871825856e-02
1.781502056797110434e-01 2.694191850089484516e-02
1.818578821526486422e-01 2.873966507074207297e-02
1.856427230878753554e-01 3.065736942048126468e-02
1.895063344384143311e-01 3.270303594249895224e-02
1.934503555805126840e-01 3.488520313624447061e-02
1.974764600092484834e-01 3.721297924745659014e-02
2.015863560486145234e-01 3.969608028547989137e-02
2.057817875763805759e-01 4.234487057735281113e-02
2.100645347640413829e-01 4.517040602793816195e-02
2.144364148321648011e-01 4.818448026666156264e-02
2.188992828214597897e-01 5.139967387347116334e-02
2.234550323798925042e-01 5.476488344008680759e-02
2.281055965661834550e-01 5.826792520801399311e-02
2.328529486700275375e-01 6.199503942633297071e-02
2.376991030493841028e-01 6.596055891387692105e-02
2.426461159851931171e-01 7.017973328980552095e-02
2.476960865538796186e-01 7.466878761683848342e-02
2.528511575180167337e-01 7.944498479560956061e-02
2.581135162355253088e-01 8.452669195008233327e-02
2.634853955877961562e-01 8.993345105931670191e-02
2.689690749271278492e-01 9.574606598802572199e-02
2.745668810438831597e-01 1.019764466967553601e-01
2.802811891537738131e-01 1.086122502641178045e-01
2.861144239056928607e-01 1.156798583354708421e-01
2.920690604105219967e-01 1.232073692605884230e-01
2.981476252913505820e-01 1.312247098029194203e-01
3.043526977555517377e-01 1.397637541179830301e-01
3.106869106891708698e-01 1.488358930407779612e-01
3.171529517740905302e-01 1.583198900309509549e-01
3.237535646284456226e-01 1.684082183895323215e-01
3.304915499707733462e-01 1.791393868173598858e-01
3.373697668083914247e-01 1.905543578346789169e-01
3.443911336505087739e-01 2.026967041413812731e-01
3.515586297465838617e-01 2.156127749407022454e-01
3.588752963504552862e-01 2.292821065833910987e-01
3.663442380107827523e-01 2.437757428041801566e-01
3.739686238883428437e-01 2.591855669213155022e-01
3.817516891007428637e-01 2.755694940258505699e-01
3.896967360951185122e-01 2.929891002021610125e-01
3.978071360494027653e-01 3.115098539507400455e-01
4.060863303027552607e-01 3.312318271546276782e-01
4.145378318157649788e-01 3.522052801137262046e-01
4.231652266610403390e-01 3.745067628482434685e-01
4.319721755448220901e-01 3.982203656168418759e-01
4.409624153602658136e-01 4.234355032362140947e-01
4.501397607730483474e-01 4.501484369800068941e-01
4.595081058399779206e-01 4.785209523439566959e-01
4.690714256612865118e-01 5.086817658823440391e-01
4.788337780673142530e-01 5.407435926759333045e-01
4.887993053402931998e-01 5.748170279758378909e-01
4.989722359719687139e-01 6.109918401433532820e-01
5.093568864577977529e-01 6.494432324601449036e-01
5.199576631284887895e-01 6.903144763591638755e-01
5.307790640196620169e-01 7.337578597376042122e-01
5.418256807804173736e-01 7.799857180034069914e-01
5.531022006216277376e-01 8.291286710362585355e-01
5.646134083047763541e-01 8.813678728555240927e-01
5.763641881721900395e-01 9.369024480039116476e-01
5.883595262195214781e-01 9.959963705087399033e-01
6.006045122113689017e-01 1.058817566524751008e+00
6.131043418409223289e-01 1.125601129057085981e+00
6.258643189345570734e-01 1.196643486767324571e+00
6.388898577023131020e-01 1.272225667720791487e+00
6.521864850352057097e-01 1.352581756810518510e+00
6.657598428503537225e-01 1.438025054741073339e+00
6.796156904849094404e-01 1.528958002632425872e+00
6.937599071398169448e-01 1.625641059664752142e+00
7.081984943744236149e-01 1.728437831724579210e+00
7.229375786530161108e-01 1.837819341414378860e+00
7.379834139443505192e-01 1.954124127440772574e+00
7.533423843752851123e-01 2.077793289340334137e+00
7.690210069396433701e-01 2.209386149184517034e+00
7.850259342634492432e-01 2.349313178193074503e+00
8.013639574277185984e-01 2.498137862670617881e+00
8.180420088499924525e-01 2.656493696867563870e+00
8.350671652258471189e-01 2.824887636086227616e+00
8.524466505316175002e-01 3.004005541954948733e+00
8.701878390896189419e-01 3.194509979907612873e+00
8.882982586971583938e-01 3.397100307200981995e+00
9.067855938206671462e-01 3.612566187312713950e+00
9.256576888563147198e-01 3.841698294881413123e+00
9.449225514584753682e-01 4.085545488394280333e+00
9.645883559374751615e-01 4.344923695334431457e+00
9.846634467280448444e-01 4.620777516053685474e+00
1.005156341929967390e+00 4.914153109587038770e+00
1.026075736922404058e+00 5.226234086379434096e+00
1.047430508053451392e+00 5.558278002828959785e+00
1.069229716406479680e+00 5.911417658682611709e+00
1.091482611644857048e+00 6.286992802514831169e+00
1.114198635936694659e+00 6.686512843916639248e+00
1.137387427961266795e+00 7.111608846679542850e+00
1.161058826998822235e+00 7.563644985344014415e+00
1.185222877105502892e+00 8.044286610608201826e+00
1.209889831375160485e+00 8.555647773677000245e+00
1.235070156289862053e+00 9.099648952311261141e+00
1.260774536160947035e+00 9.678356407585740229e+00
1.287013877662505523e+00 1.029389281827927149e+01
1.313799314459207501e+00 1.094855726053486933e+01
1.341142211930455019e+00 1.164491343890641772e+01
1.369054171992841074e+00 1.238562800830917077e+01
1.397547038022987298e+00 1.317356201041234520e+01
1.426632899882822825e+00 1.401165436708442336e+01
1.456324099049463694e+00 1.490310145276812825e+01
1.486633233851841318e+00 1.585141040340685770e+01
1.517573164816328868e+00 1.686009542636321967e+01
1.549157020123613560e+00 1.793297414243769694e+01
1.581398201179137208e+00 1.907437392786456698e+01
1.614310388299477594e+00 2.028836568877392921e+01
1.647907546517062949e+00 2.157962602275667052e+01
1.682203931505708239e+00 2.295318284242740958e+01
1.717214095629459480e+00 2.441432767498601208e+01
1.752952894117343119e+00 2.596859571446071513e+01
1.789435491366608399e+00 1.628285962050705677e+02
1.826677367377168348e+00 6.710370022996004991e+03
1.864694324319941865e+00 inf
1.903502493241907789e+00 inf
1.943118340910698461e+00 inf
1.983558676801640885e+00 inf
2.024840660230225353e+00 inf
2.066981807632997992e+00 inf
2.109999999999999876e+00 inf
