# k [Mpc^-1], sensitivity [mK^2], z=7.0, 177.6 MHz
3.500000000000000333e-02 inf
3.572842282756675397e-02 inf
3.647200564986839699e-02 inf
3.723106397794004319e-02 inf
3.800591988925806214e-02 inf
3.879690216440116746e-02 inf
3.960434642655615706e-02 inf
4.042859528392659524e-02 5.940308192720913927e-02
4.126999847510574859e-02 6.015163546931555361e-02
4.212891301747467149e-02 6.090962172749022491e-02
4.300570335868902916e-02 6.167715956581895642e-02
4.390074153131857948e-02 6.245436934622443370e-02
4.481440731070487210e-02 6.324137294734104298e-02
4.574708837610465956e-02 6.403829378362717317e-02
4.669918047518661214e-02 6.484525682471860286e-02
4.767108759195193973e-02 6.566238861502576851e-02
4.866322211814942678e-02 6.648981729357771042e-02
4.967600502825834929e-02 6.732767261411654047e-02
5.070986605811275694e-02 6.817608596544455501e-02
5.176524388724366293e-02 6.903519039202830887e-02
5.284258632501594166e-02 6.990512061486198192e-02
5.394235050063903719e-02 7.078601305259361876e-02
5.506500305713256382e-02 7.167800584291784960e-02
5.621102034932823344e-02 7.258123886423795135e-02
5.738088864599311806e-02 7.349585375760110673e-02
5.857510433615904094e-02 7.442199394890969266e-02
5.979417413974657397e-02 7.535980467141299710e-02
6.103861532257209149e-02 7.630943298848173739e-02
6.230895591583001519e-02 7.727102781667016806e-02
6.360573494014265528e-02 7.824473994906842866e-02
6.492950263427293978e-02 7.923072207894919783e-02
6.628082068859754428e-02 8.022912882371235899e-02
6.766026248343849636e-02 8.124011674913166059e-02
6.906841333235554103e-02 8.226384439390636849e-02
7.050587073050135212e-02 8.330047229452278157e-02
7.197324460814619185e-02 8.435016301042891351e-02
7.347115758947816988e-02 8.541308114952611552e-02
7.500024525679045706e-02 8.648939339398244164e-02
7.656115642016625422e-02 8.757926852637093473e-02
7.815455339277647961e-02 8.868287745613713524e-02
7.978111227190747001e-02 8.982180475285991839e-02
8.144152322583671222e-02 9.139709541357493583e-02
8.313649078667982584e-02 9.300001344909683554e-02
8.486673414933156023e-02 9.463104338704816931e-02
8.663298747662909194e-02 9.629067825267459413e-02
8.843600021086570062e-02 9.797941971787571536e-02
9.027653739178835568e-02 9.969777825284968642e-02
9.215537998121303698e-02 1.014462732803975975e-01
9.407332519439604024e-02 1.032254333329333806e-01
9.603118683830201563e-02 1.050357962122480671e-01
9.802979565691193053e-02 1.068779091520757479e-01
1.000699996837176586e-01 1.087523289835104490e-01
1.021526646015524509e-01 1.106596223033240456e-01
1.042786741099108044e-01 1.126003656452365526e-01
1.064489302999123421e-01 1.145751456541896779e-01
1.086643540370700461e-01 1.165845592636769595e-01
1.109258853520242866e-01 1.186292138761840670e-01
1.132344838394090808e-01 1.207097275467933079e-01
1.155911290650195183e-01 1.228267291700084612e-01
1.179968209814531294e-01 1.249808586698560736e-01
1.204525803524016392e-01 1.265663028532765799e-01
1.229594491857733396e-01 1.271093805087240292e-01
1.255184911758291388e-01 1.276547884316533987e-01
1.281307921545208894e-01 1.282025366209046113e-01
1.307974605522227440e-01 1.287526351182211315e-01
1.335196278680513826e-01 1.293050940084341516e-01
1.362984491499744655e-01 1.298599234196473051e-01
1.391351034849112878e-01 1.304171335234225737e-01
1.420307944990333859e-01 1.309767345349665824e-01
1.449867508684773432e-01 1.315387367133178664e-01
1.480042268406868700e-01 1.321031503615351099e-01
1.510845027666047613e-01 1.326699858268858834e-01
1.542288856439409939e-01 1.332392535010363532e-01
1.574387096717475842e-01 1.338109638202418794e-01
1.607153368165349372e-01 1.344068473319274537e-01
1.640601573901705190e-01 1.350383083067022150e-01
1.674745906398046880e-01 1.356727359678517320e-01
1.709600853500741757e-01 1.363101442532573260e-01
1.745181204578385992e-01 1.369505471662821605e-01
1.781502056797110434e-01 1.375939587760789951e-01
1.818578821526486422e-01 1.382403932178993822e-01
1.856427230878753554e-01 1.388898646934042247e-01
1.895063344384143311e-01 1.395423874709754986e-01
1.934503555805126840e-01 1.401979758860300296e-01
1.974764600092484834e-01 1.408566443413343250e-01
2.015863560486145234e-01 1.403190912119368361e-01
2.057817875763805759e-01 1.388727937657593392e-01
2.100645347640413829e-01 1.374414036018679064e-01
2.144364148321648011e-01 1.360247670678684517e-01
2.188992828214597897e-01 1.346227320950934003e-01
2.234550323798925042e-01 1.332351481822779127e-01
2.281055965661834550e-01 1.318618663794043355e-01
2.328529486700275375e-01 1.305027392717131862e-01
2.376991030493841028e-01 1.291576209638788941e-01
2.426461159851931171e-01 1.295220437849944062e-01
2.476960865538796186e-01 1.305737260174667513e-01
2.528511575180167337e-01 1.316339476111611506e-01
2.581135162355253088e-01 1.327027779032668997e-01
2.634853955877961562e-01 1.337802867939716922e-01
2.689690749271278492e-01 1.348665447510328796e-01
2.745668810438831597e-01 1.359616228143858963e-01
2.802811891537738131e-01 1.371317024482807678e-01
2.861144239056928607e-01 1.385343564792289872e-01
2.920690604105219967e-01 1.399513575816085931e-01
2.981476252913505820e-01 1.413828525046921525e-01
3.043526977555517377e-01 1.428289894987797015e-01
3.106869106891708698e-01 1.442899183305520472e-01
3.171529517740905302e-01 1.457657902985812493e-01
3.237535646284456226e-01 1.466510507154203669e-01
3.304915499707733462e-01 1.473371389475949256e-01
3.373697668083914247e-01 1.480264369560379267e-01
3.443911336505087739e-01 1.487189597572782240e-01
3.515586297465838617e-01 1.494147224380974193e-01
3.588752963504552862e-01 1.501246315965602263e-01
3.663442380107827523e-01 1.511906585223937727e-01
3.739686238883428437e-01 1.522642552480297229e-01
3.817516891007428637e-01 1.533454755262090019e-01
3.896967360951185122e-01 1.544343734913676547e-01
3.978071360494027653e-01 1.555310036623475389e-01
4.060863303027552607e-01 1.565801902887345720e-01
4.145378318157649788e-01 1.576313005918345556e-01
4.231652266610403390e-01 1.586894669143917025e-01
4.319721755448220901e-01 1.597547366229006838e-01
4.409624153602658136e-01 1.609320722461587416e-01
4.501397607730483474e-01 1.623795315519270532e-01
4.595081058399779206e-01 1.638400096327140010e-01
4.690714256612865118e-01 1.653136235823144118e-01
4.788337780673142530e-01 1.667867378974188797e-01
4.887993053402931998e-01 1.680699568583829129e-01
4.989722359719687139e-01 1.693630486121273093e-01
5.093568864577977529e-01 1.706660891176585704e-01
5.199576631284887895e-01 1.718559219468568655e-01
5.307790640196620169e-01 1.724824586205094268e-01
5.418256807804173736e-01 1.731112794645239261e-01
5.531022006216277376e-01 1.737423928063206724e-01
5.646134083047763541e-01 1.745788948848496502e-01
5.763641881721900395e-01 1.755671393591307916e-01
5.883595262195214781e-01 1.765609780213095448e-01
6.006045122113689017e-01 1.774617760253020537e-01
6.131043418409223289e-01 1.780372816535611691e-01
6.258643189345570734e-01 1.786146536371311377e-01
6.388898577023131020e-01 1.792376066007974333e-01
6.521864850352057097e-01 1.802680859385850654e-01
6.657598428503537225e-01 1.813044897454936244e-01
6.796156904849094404e-01 1.822981261074620718e-01
6.937599071398169448e-01 1.830295054278978373e-01
7.081984943744236149e-01 1.837638190391120141e-01
7.229375786530161108e-01 1.845296837890357255e-01
7.379834139443505192e-01 1.853456754549359653e-01
7.533423843752851123e-01 1.861652754421920797e-01
7.690210069396433701e-01 1.869062673682911624e-01
7.850259342634492432e-01 1.876234087022843056e-01
8.013639574277185984e-01 1.883221634177054404e-01
8.180420088499924525e-01 1.889646050600183869e-01
8.350671652258471189e-01 1.896092383257508562e-01
8.524466505316175002e-01 1.900247438207557371e-01
8.701878390896189419e-01 1.904142982044732813e-01
8.882982586971583938e-01 1.910856142557151860e-01
9.067855938206671462e-01 1.919196832481524506e-01
9.256576888563147198e-01 1.928960786234210356e-01
9.449225514584753682e-01 1.940287633081216601e-01
9.645883559374751615e-01 1.949364276033589416e-01
9.846634467280448444e-01 1.955186944747074052e-01
1.005156341929967390e+00 1.962669412218311094e-01
1.026075736922404058e+00 1.972352858105444195e-01
1.047430508053451392e+00 1.982785659656071675e-01
1.069229716406479680e+00 1.993905215096133110e-01
1.091482611644857048e+00 2.003769300268110343e-01
1.114198635936694659e+00 2.013102543445943471e-01
1.137387427961266795e+00 2.017756447674872999e-01
1.161058826998822235e+00 2.024370766809122091e-01
1.185222877105502892e+00 2.038935356880248462e-01
1.209889831375160485e+00 2.049676257940227231e-01
1.235070156289862053e+00 2.057624524092136753e-01
1.260774536160947035e+00 2.070558094390138326e-01
1.287013877662505523e+00 2.083320454526547127e-01
1.313799314459207501e+00 2.095776338946977735e-01
1.341142211930455019e+00 2.106385139182910260e-01
1.369054171992841074e+00 2.118903365192110477e-01
1.397547038022987298e+00 2.133111797932227549e-01
1.426632899882822825e+00 2.144461093319022515e-01
1.456324099049463694e+00 2.157474268878625256e-01
1.486633233851841318e+00 2.170680951793054203e-01
1.517573164816328868e+00 2.183131924002214841e-01
1.549157020123613560e+00 2.194768895529112807e-01
1.581398201179137208e+00 2.209837447888815531e-01
1.614310388299477594e+00 4.020888200807034019e-01
1.647907546517062949e+00 inf
1.682203931505708239e+00 inf
1.717214095629459480e+00 inf
1.752952894117343119e+00 inf
1.789435491366608399e+00 inf
1.826677367377168348e+00 inf
1.864694324319941865e+00 inf
1.903502493241907789e+00 inf
1.943118340910698461e+00 inf
1.983558676801640885e+00 inf
2.024840660230225353e+00 inf
2.066981807632997992e+00 inf
2.109999999999999876e+00 inf
