# k [Mpc^-1], sensitivity [mK^2], z=10.0, 129.1 MHz
3.500000000000000333e-02 inf
3.572842282756675397e-02 inf
3.647200564986839699e-02 inf
3.723106397794004319e-02 inf
3.800591988925806214e-02 inf
3.879690216440116746e-02 inf
3.960434642655615706e-02 inf
4.042859528392659524e-02 inf
4.126999847510574859e-02 inf
4.212891301747467149e-02 inf
4.300570335868902916e-02 inf
4.390074153131857948e-02 inf
4.481440731070487210e-02 inf
4.574708837610465956e-02 inf
4.669918047518661214e-02 inf
4.767108759195193973e-02 inf
4.866322211814942678e-02 inf
4.967600502825834929e-02 inf
5.070986605811275694e-02 inf
5.176524388724366293e-02 inf
5.284258632501594166e-02 inf
5.394235050063903719e-02 inf
5.506500305713256382e-02 inf
5.621102034932823344e-02 inf
5.738088864599311806e-02 inf
5.857510433615904094e-02 inf
5.979417413974657397e-02 inf
6.103861532257209149e-02 inf
6.230895591583001519e-02 inf
6.360573494014265528e-02 inf
6.492950263427293978e-02 inf
6.628082068859754428e-02 inf
6.766026248343849636e-02 inf
6.906841333235554103e-02 inf
7.050587073050135212e-02 inf
7.197324460814619185e-02 inf
7.347115758947816988e-02 inf
7.500024525679045706e-02 inf
7.656115642016625422e-02 inf
7.815455339277647961e-02 inf
7.978111227190747001e-02 inf
8.144152322583671222e-02 inf
8.313649078667982584e-02 inf
8.486673414933156023e-02 inf
8.663298747662909194e-02 inf
8.843600021086570062e-02 inf
9.027653739178835568e-02 inf
9.215537998121303698e-02 inf
9.407332519439604024e-02 inf
9.603118683830201563e-02 inf
9.802979565691193053e-02 inf
1.000699996837176586e-01 inf
1.021526646015524509e-01 6.317287616117573945e-01
1.042786741099108044e-01 6.188579888133697304e-01
1.064489302999123421e-01 6.062494437343677323e-01
1.086643540370700461e-01 5.938977837758343536e-01
1.109258853520242866e-01 5.817977751883791626e-01
1.132344838394090808e-01 5.699442908544507524e-01
1.155911290650195183e-01 5.583323081158303447e-01
1.179968209814531294e-01 5.469569066453895401e-01
1.204525803524016392e-01 5.358132663622072744e-01
1.229594491857733396e-01 5.248966653891646850e-01
1.255184911758291388e-01 5.142024780521518013e-01
1.281307921545208894e-01 5.037261729200381843e-01
1.307974605522227440e-01 4.934633108845755678e-01
1.335196278680513826e-01 4.834095432794230374e-01
1.362984491499744655e-01 4.748543326518759322e-01
1.391351034849112878e-01 4.720463143163147191e-01
1.420307944990333859e-01 4.692549010034534618e-01
1.449867508684773432e-01 4.664799945206359877e-01
1.480042268406868700e-01 4.637214972558615922e-01
1.510845027666047613e-01 4.609793121743516187e-01
1.542288856439409939e-01 4.582533428151356336e-01
1.574387096717475842e-01 4.555434932876585297e-01
1.607153368165349372e-01 4.528496682684075569e-01
1.640601573901705190e-01 4.501717729975587834e-01
1.674745906398046880e-01 4.475097132756440388e-01
1.709600853500741757e-01 4.454912367781941329e-01
1.745181204578385992e-01 4.446288812425113757e-01
1.781502056797110434e-01 4.437681950035700651e-01
1.818578821526486422e-01 4.429091748300446052e-01
1.856427230878753554e-01 4.420518174968642300e-01
1.895063344384143311e-01 4.411961197852011796e-01
1.934503555805126840e-01 4.403420784824584877e-01
1.974764600092484834e-01 4.394896903822578249e-01
2.015863560486145234e-01 4.386389522844277855e-01
2.057817875763805759e-01 4.375242810782798419e-01
2.100645347640413829e-01 4.361497500830681662e-01
2.144364148321648011e-01 4.347795373292398513e-01
2.188992828214597897e-01 4.334136292505613164e-01
2.234550323798925042e-01 4.320520123234187215e-01
2.281055965661834550e-01 4.306946730666840750e-01
2.328529486700275375e-01 4.293415980415820621e-01
2.376991030493841028e-01 4.279639891993109457e-01
2.426461159851931171e-01 4.250583991935217854e-01
2.476960865538796186e-01 4.221725362056472641e-01
2.528511575180167337e-01 4.193062663023949810e-01
2.581135162355253088e-01 4.164594564597902115e-01
2.634853955877961562e-01 4.136319745570024575e-01
2.689690749271278492e-01 4.108236893702131853e-01
2.745668810438831597e-01 4.074683595202817643e-01
2.802811891537738131e-01 4.036545269945361891e-01
2.861144239056928607e-01 3.998763912736947868e-01
2.920690604105219967e-01 3.961336182419117335e-01
2.981476252913505820e-01 3.924258769106069855e-01
3.043526977555517377e-01 3.887528393891955814e-01
3.106869106891708698e-01 3.846068194770271287e-01
3.171529517740905302e-01 3.803932080568684926e-01
3.237535646284456226e-01 3.762257594198457622e-01
3.304915499707733462e-01 3.721039678234177583e-01
3.373697668083914247e-01 3.680273330657734543e-01
3.443911336505087739e-01 3.640315845490793012e-01
3.515586297465838617e-01 3.600943761664635590e-01
3.588752963504552862e-01 3.561997509291189856e-01
3.663442380107827523e-01 3.523472482761391689e-01
3.739686238883428437e-01 3.485157221113029391e-01
3.817516891007428637e-01 3.444760366439206245e-01
3.896967360951185122e-01 3.404831756313335123e-01
3.978071360494027653e-01 3.365365963259476789e-01
4.060863303027552607e-01 3.326357622712187712e-01
4.145378318157649788e-01 3.286053938133381425e-01
4.231652266610403390e-01 3.245937671123283463e-01
4.319721755448220901e-01 3.206311144972321392e-01
4.409624153602658136e-01 3.167168380906121850e-01
4.501397607730483474e-01 3.125740683937929809e-01
4.595081058399779206e-01 3.084757971634852214e-01
4.690714256612865118e-01 3.044312598438742579e-01
4.788337780673142530e-01 3.005250291511786798e-01
4.887993053402931998e-01 2.968135991614778146e-01
4.989722359719687139e-01 2.931480046637734982e-01
5.093568864577977529e-01 2.895259252247806003e-01
5.199576631284887895e-01 2.858567149454262490e-01
5.307790640196620169e-01 2.822340051791559223e-01
5.418256807804173736e-01 2.786572066172214868e-01
5.531022006216277376e-01 2.747176341198974692e-01
5.646134083047763541e-01 2.707816928773547072e-01
5.763641881721900395e-01 2.669021427489621789e-01
5.883595262195214781e-01 2.630636493133539089e-01
6.006045122113689017e-01 2.592794810136134775e-01
6.131043418409223289e-01 2.555716996004624431e-01
6.258643189345570734e-01 2.520246762893768588e-01
6.388898577023131020e-01 2.485268813333439963e-01
6.521864850352057097e-01 2.453580584631444295e-01
6.657598428503537225e-01 2.424633890108962853e-01
6.796156904849094404e-01 2.397625192298653285e-01
6.937599071398169448e-01 2.399696870695969819e-01
7.081984943744236149e-01 2.401770339135948229e-01
7.229375786530161108e-01 2.399668350683862861e-01
7.379834139443505192e-01 2.395639711614857559e-01
7.533423843752851123e-01 2.397611386079487317e-01
7.690210069396433701e-01 2.407715349131422933e-01
7.850259342634492432e-01 2.419564673221132611e-01
8.013639574277185984e-01 2.436170116778167971e-01
8.180420088499924525e-01 2.452280875958768036e-01
8.350671652258471189e-01 2.466065722483774258e-01
8.524466505316175002e-01 2.480025633340831870e-01
8.701878390896189419e-01 2.494413933143579676e-01
8.882982586971583938e-01 2.509800796415718738e-01
9.067855938206671462e-01 2.527283721783729620e-01
9.256576888563147198e-01 2.542986467604033129e-01
9.449225514584753682e-01 2.556740276832767389e-01
9.645883559374751615e-01 2.565359508320092519e-01
9.846634467280448444e-01 2.572004405926376358e-01
1.005156341929967390e+00 2.582332234678789695e-01
1.026075736922404058e+00 2.595392888386011121e-01
1.047430508053451392e+00 2.613170002634094269e-01
1.069229716406479680e+00 2.635145315309077585e-01
1.091482611644857048e+00 2.657659882333245904e-01
1.114198635936694659e+00 2.677636381727748760e-01
1.137387427961266795e+00 2.699665056012874320e-01
1.161058826998822235e+00 2.721849569385145773e-01
1.185222877105502892e+00 2.742513924722745355e-01
1.209889831375160485e+00 2.764886326568934960e-01
1.235070156289862053e+00 2.788210857629713213e-01
1.260774536160947035e+00 2.812123773304347485e-01
1.287013877662505523e+00 2.835620795279140682e-01
1.313799314459207501e+00 2.856489051880380381e-01
1.341142211930455019e+00 2.876909648046223622e-01
1.369054171992841074e+00 5.126703192759372030e-01
1.397547038022987298e+00 inf
1.426632899882822825e+00 inf
1.456324099049463694e+00 inf
1.486633233851841318e+00 inf
1.517573164816328868e+00 inf
1.549157020123613560e+00 inf
1.581398201179137208e+00 inf
1.614310388299477594e+00 inf
1.647907546517062949e+00 inf
1.682203931505708239e+00 inf
1.717214095629459480e+00 inf
1.752952894117343119e+00 inf
1.789435491366608399e+00 inf
1.826677367377168348e+00 inf
1.864694324319941865e+00 inf
1.903502493241907789e+00 inf
1.943118340910698461e+00 inf
1.983558676801640885e+00 inf
2.024840660230225353e+00 inf
2.066981807632997992e+00 inf
2.109999999999999876e+00 inf
