# k [Mpc^-1], sensitivity [mK^2], z=7.0, 177.6 MHz
3.500000000000000333e-02 inf
3.572842282756675397e-02 inf
3.647200564986839699e-02 inf
3.723106397794004319e-02 inf
3.800591988925806214e-02 inf
3.879690216440116746e-02 inf
3.960434642655615706e-02 inf
4.042859528392659524e-02 2.444226903998493548e-03
4.126999847510574859e-02 2.525928489250281114e-03
4.212891301747467149e-02 2.610361060329012464e-03
4.300570335868902916e-02 2.697615904124211258e-03
4.390074153131857948e-02 2.787787358912975633e-03
4.481440731070487210e-02 2.880972916356711738e-03
4.574708837610465956e-02 2.977273326907284128e-03
4.669918047518661214e-02 3.076792708736467152e-03
4.767108759195193973e-02 3.179638660306545375e-03
4.866322211814942678e-02 3.285922376703714377e-03
4.967600502825834929e-02 3.395758769860108845e-03
5.070986605811275694e-02 3.509266592794371351e-03
5.176524388724366293e-02 3.626568568005186875e-03
5.284258632501594166e-02 3.747791520156486776e-03
5.394235050063903719e-02 3.873066513197873616e-03
5.506500305713256382e-02 4.002528992068482908e-03
5.621102034932823344e-02 4.136318929137445741e-03
5.738088864599311806e-02 4.274580975539388032e-03
5.857510433615904094e-02 4.417464617568435913e-03
5.979417413974657397e-02 4.565124338300012401e-03
6.103861532257209149e-02 4.717719784614945490e-03
6.230895591583001519e-02 4.875415939806681392e-03
6.360573494014265528e-02 5.038383301958049287e-03
6.492950263427293978e-02 5.206798068280558620e-03
6.628082068859754428e-02 5.380842325615485360e-03
6.766026248343849636e-02 5.560704247302670176e-03
6.906841333235554103e-02 5.746578296629989251e-03
7.050587073050135212e-02 5.938665437083327954e-03
7.197324460814619185e-02 6.137173349624497863e-03
7.347115758947816988e-02 6.342316657231931824e-03
7.500024525679045706e-02 6.554317156946981929e-03
7.656115642016625422e-02 6.773404059676650137e-03
7.815455339277647961e-02 6.999814238012048474e-03
7.978111227190747001e-02 7.246540374124443330e-03
8.144152322583671222e-02 7.762637540405981432e-03
8.313649078667982584e-02 8.315491044373162638e-03
8.486673414933156023e-02 8.907718665096119037e-03
8.663298747662909194e-02 9.542124619350514370e-03
8.843600021086570062e-02 1.022171283967381050e-02
9.027653739178835568e-02 1.094970119808224597e-02
9.215537998121303698e-02 1.172953674279799373e-02
9.407332519439604024e-02 1.256491202013298482e-02
9.603118683830201563e-02 1.345978255881414599e-02
9.802979565691193053e-02 1.441838559953880633e-02
1.000699996837176586e-01 1.544526015844524709e-02
1.021526646015524509e-01 1.654526851949959798e-02
1.042786741099108044e-01 1.772361925756649192e-02
1.064489302999123421e-01 1.898589190117793216e-02
1.086643540370700461e-01 2.033806335177992808e-02
1.109258853520242866e-01 2.178653618455242066e-02
1.132344838394090808e-01 2.333816896480811823e-02
1.155911290650195183e-01 2.500030872351922603e-02
1.179968209814531294e-01 2.678082574574462693e-02
1.204525803524016392e-01 2.866366806924205632e-02
1.229594491857733396e-01 3.063330783129989549e-02
1.255184911758291388e-01 3.273829247604714832e-02
1.281307921545208894e-01 3.498792230175303691e-02
1.307974605522227440e-01 3.739213668181248784e-02
1.335196278680513826e-01 3.996155797914566210e-02
1.362984491499744655e-01 4.270753847819999671e-02
1.391351034849112878e-01 4.564221054191056060e-02
1.420307944990333859e-01 4.877854021522371603e-02
1.449867508684773432e-01 5.213038451201616047e-02
1.480042268406868700e-01 5.571255263851671025e-02
1.510845027666047613e-01 5.954087142372879032e-02
1.542288856439409939e-01 6.363225524594068316e-02
1.574387096717475842e-01 6.800478076427476926e-02
1.607153368165349372e-01 7.257191435309483241e-02
1.640601573901705190e-01 7.727564705670542100e-02
1.674745906398046880e-01 8.228425116331310185e-02
1.709600853500741757e-01 8.761748684600222103e-02
1.745181204578385992e-01 9.329639502913918137e-02
1.781502056797110434e-01 9.934338039998630299e-02
1.818578821526486422e-01 1.057822998006939935e-01
1.856427230878753554e-01 1.126385563494017167e-01
1.895063344384143311e-01 1.199391996617765882e-01
1.934503555805126840e-01 1.277130325683894507e-01
1.974764600092484834e-01 1.359907247489539894e-01
2.015863560486145234e-01 1.447807222400658567e-01
2.057817875763805759e-01 1.541190806558533355e-01
2.100645347640413829e-01 1.640597633075780437e-01
2.144364148321648011e-01 1.746416201160768678e-01
2.188992828214597897e-01 1.859060068225717455e-01
2.234550323798925042e-01 1.978969466141165812e-01
2.281055965661834550e-01 2.106613021738871216e-01
2.328529486700275375e-01 2.242489588287167046e-01
2.376991030493841028e-01 2.387130195096504870e-01
2.426461159851931171e-01 2.538844340255014820e-01
2.476960865538796186e-01 2.699241972226509856e-01
2.528511575180167337e-01 2.869773112556174288e-01
2.581135162355253088e-01 3.051077970144739915e-01
2.634853955877961562e-01 3.243837200638741702e-01
2.689690749271278492e-01 3.448774461751506482e-01
2.745668810438831597e-01 3.666659130022719149e-01
2.802811891537738131e-01 3.898157587147720315e-01
2.861144239056928607e-01 4.143734723958438226e-01
2.920690604105219967e-01 4.404782792555748672e-01
2.981476252913505820e-01 4.682276434689506828e-01
3.043526977555517377e-01 4.977251692841832553e-01
3.106869106891708698e-01 5.290809878366277141e-01
3.171529517740905302e-01 5.624121683313021425e-01
3.237535646284456226e-01 5.977286950551700118e-01
3.304915499707733462e-01 6.352219739104573160e-01
3.373697668083914247e-01 6.750670655044496149e-01
3.443911336505087739e-01 7.174114902281827355e-01
3.515586297465838617e-01 7.624120218734465881e-01
3.588752963504552862e-01 8.102370430168718274e-01
3.663442380107827523e-01 8.611227918263071324e-01
3.739686238883428437e-01 9.152043454365875741e-01
3.817516891007428637e-01 9.726824116797526676e-01
3.896967360951185122e-01 1.033770303548774194e+00
3.978071360494027653e-01 1.098694730846208056e+00
4.060863303027552607e-01 1.167871087294258148e+00
4.145378318157649788e-01 1.241420139316132154e+00
4.231652266610403390e-01 1.319601092163508627e+00
4.319721755448220901e-01 1.402705649191728909e+00
4.409624153602658136e-01 1.491088964661908767e+00
4.501397607730483474e-01 1.585159656011430052e+00
4.595081058399779206e-01 1.685165134071003434e+00
4.690714256612865118e-01 1.791479816130307601e+00
4.788337780673142530e-01 1.904513040122163270e+00
4.887993053402931998e-01 2.024853953302795162e+00
4.989722359719687139e-01 2.152798876054408783e+00
5.093568864577977529e-01 2.288828284717326689e+00
5.199576631284887895e-01 2.433486220925442201e+00
5.307790640196620169e-01 2.587449741152275884e+00
5.418256807804173736e-01 2.751154333819460618e+00
5.531022006216277376e-01 2.925216303959185637e+00
5.646134083047763541e-01 3.110368575516645251e+00
5.763641881721900395e-01 3.307299793165712209e+00
5.883595262195214781e-01 3.516699598875368427e+00
6.006045122113689017e-01 3.739422322521118947e+00
6.131043418409223289e-01 3.976480524412156825e+00
6.258643189345570734e-01 4.228566874032143375e+00
6.388898577023131020e-01 4.496644725885627025e+00
6.521864850352057097e-01 4.781822456022258194e+00
6.657598428503537225e-01 5.085086190885424351e+00
6.796156904849094404e-01 5.407620078163985156e+00
6.937599071398169448e-01 5.750827405526066194e+00
7.081984943744236149e-01 6.115817193166858345e+00
7.229375786530161108e-01 6.504027074292580757e+00
7.379834139443505192e-01 6.916974939875609074e+00
7.533423843752851123e-01 7.356141321731969995e+00
7.690210069396433701e-01 7.823351548635505637e+00
7.850259342634492432e-01 8.320291165426734636e+00
8.013639574277185984e-01 8.848821956613420525e+00
8.180420088499924525e-01 9.411002137001680978e+00
8.350671652258471189e-01 1.000889854682376701e+01
8.524466505316175002e-01 1.064498883981003807e+01
8.701878390896189419e-01 1.132152996279559609e+01
8.882982586971583938e-01 1.204118853405165623e+01
9.067855938206671462e-01 1.280666503944175005e+01
9.256576888563147198e-01 1.362085738968315063e+01
9.449225514584753682e-01 1.448687411852929685e+01
9.645883559374751615e-01 1.540804359096356535e+01
9.846634467280448444e-01 1.638792462231432268e+01
1.005156341929967390e+00 1.743018419464431545e+01
1.026075736922404058e+00 1.853881831980933015e+01
1.047430508053451392e+00 1.971805614450162736e+01
1.069229716406479680e+00 2.097238977841074359e+01
1.091482611644857048e+00 2.230668663011838859e+01
1.114198635936694659e+00 2.372595308799695957e+01
1.137387427961266795e+00 2.523556728567423946e+01
1.161058826998822235e+00 2.684131524957239989e+01
1.185222877105502892e+00 2.854951970915678316e+01
1.209889831375160485e+00 3.036647265870039902e+01
1.235070156289862053e+00 3.229908876033456266e+01
1.260774536160947035e+00 3.435503804610823408e+01
1.287013877662505523e+00 3.654190452294831459e+01
1.313799314459207501e+00 3.886803459992563603e+01
1.341142211930455019e+00 4.134231158795299166e+01
1.369054171992841074e+00 4.397424137917306552e+01
1.397547038022987298e+00 4.677387862172415822e+01
1.426632899882822825e+00 4.975182411425895879e+01
1.456324099049463694e+00 5.291954785827032737e+01
1.486633233851841318e+00 5.628911957578225156e+01
1.517573164816328868e+00 5.987339866203966920e+01
1.549157020123613560e+00 6.368607473346833103e+01
1.581398201179137208e+00 6.774177795946367553e+01
1.614310388299477594e+00 1.148907623795462541e+03
1.647907546517062949e+00 inf
1.682203931505708239e+00 inf
1.717214095629459480e+00 inf
1.752952894117343119e+00 inf
1.789435491366608399e+00 inf
1.826677367377168348e+00 inf
1.864694324319941865e+00 inf
1.903502493241907789e+00 inf
1.943118340910698461e+00 inf
1.983558676801640885e+00 inf
2.024840660230225353e+00 inf
2.066981807632997992e+00 inf
2.109999999999999876e+00 inf
