# k [Mpc^-1], sensitivity [mK^2], z=10.0, 129.1 MHz
3.500000000000000333e-02 1.123358863384924314e-02
3.572842282756675397e-02 1.169410257620968722e-02
3.647200564986839699e-02 1.217349499970566198e-02
3.723106397794004319e-02 1.267253981586773104e-02
3.800591988925806214e-02 1.319204266224580785e-02
3.879690216440116746e-02 1.373284220299740219e-02
3.960434642655615706e-02 1.429581148279284418e-02
4.042859528392659524e-02 1.488185933622281250e-02
4.126999847510574859e-02 1.549193185498384806e-02
4.212891301747467149e-02 1.612701391520999020e-02
4.300570335868902916e-02 1.678813076741666674e-02
4.390074153131857948e-02 1.747634969162314977e-02
4.481440731070487210e-02 1.819278172032575205e-02
4.574708837610465956e-02 1.893858343210337927e-02
4.669918047518661214e-02 1.971495881875056505e-02
4.767108759195193973e-02 2.052316122895275069e-02
4.866322211814942678e-02 2.136449539164101546e-02
4.967600502825834929e-02 2.224031952229331074e-02
5.070986605811275694e-02 2.315204751558174248e-02
5.176524388724366293e-02 2.410115122790662187e-02
5.284258632501594166e-02 2.508916285350108050e-02
5.394235050063903719e-02 2.611767739794278870e-02
5.506500305713256382e-02 2.718835525306591283e-02
5.621102034932823344e-02 2.830292487742961174e-02
5.738088864599311806e-02 2.946318558667108956e-02
5.857510433615904094e-02 3.067101045824698058e-02
5.979417413974657397e-02 3.192834935525324519e-02
6.103861532257209149e-02 3.323723207420420378e-02
6.230895591583001519e-02 3.459977162185328553e-02
6.360573494014265528e-02 3.601816762634460489e-02
6.492950263427293978e-02 3.749470988820272771e-02
6.628082068859754428e-02 3.903178207689306928e-02
6.766026248343849636e-02 4.063186557892040779e-02
6.906841333235554103e-02 4.334595486066620401e-02
7.050587073050135212e-02 4.646299114197113833e-02
7.197324460814619185e-02 4.980417556374745064e-02
7.347115758947816988e-02 5.338562676701886361e-02
7.500024525679045706e-02 5.722462249494557340e-02
7.656115642016625422e-02 6.133968294462524562e-02
7.815455339277647961e-02 6.575066011277706790e-02
7.978111227190747001e-02 7.047883356633402596e-02
8.144152322583671222e-02 7.554701309996021685e-02
8.313649078667982584e-02 8.097964877574015397e-02
8.486673414933156023e-02 8.680294887589241892e-02
8.663298747662909194e-02 9.304500633754367311e-02
8.843600021086570062e-02 9.973593427950828982e-02
9.027653739178835568e-02 1.069080112748907740e-01
9.215537998121303698e-02 1.145958370703352297e-01
9.407332519439604024e-02 1.228364995031494544e-01
9.603118683830201563e-02 1.316697534215504062e-01
9.802979565691193053e-02 1.411382124711831054e-01
1.000699996837176586e-01 1.512875546731339005e-01
1.021526646015524509e-01 1.620318820287681150e-01
1.042786741099108044e-01 1.727379427328723238e-01
1.064489302999123421e-01 1.841513934540820463e-01
1.086643540370700461e-01 1.963189741325237214e-01
1.109258853520242866e-01 2.092905129933579078e-01
1.132344838394090808e-01 2.231191306014788656e-01
1.155911290650195183e-01 2.378614573988820924e-01
1.179968209814531294e-01 2.535778656155502353e-01
1.204525803524016392e-01 2.703327165035700475e-01
1.229594491857733396e-01 2.881946239069462234e-01
1.255184911758291388e-01 3.072367352464693835e-01
1.281307921545208894e-01 3.275370310703211718e-01
1.307974605522227440e-01 3.491786443971252041e-01
1.335196278680513826e-01 3.722502011591994897e-01
1.362984491499744655e-01 3.966359422975534454e-01
1.391351034849112878e-01 4.216413769352532759e-01
1.420307944990333859e-01 4.482232490430379523e-01
1.449867508684773432e-01 4.764809432200190487e-01
1.480042268406868700e-01 5.065201096475020481e-01
1.510845027666047613e-01 5.384530590950571405e-01
1.542288856439409939e-01 5.723991828292752659e-01
1.574387096717475842e-01 6.084853989951634068e-01
1.607153368165349372e-01 6.468466271391164479e-01
1.640601573901705190e-01 6.876262926476185422e-01
1.674745906398046880e-01 7.309768629876730595e-01
1.709600853500741757e-01 7.768893670944384544e-01
1.745181204578385992e-01 8.253527665743561892e-01
1.781502056797110434e-01 8.768393778378703596e-01
1.818578821526486422e-01 9.315377928860893997e-01
1.856427230878753554e-01 9.896483683417992561e-01
1.895063344384143311e-01 1.051383959342323093e+00
1.934503555805126840e-01 1.116970699213601703e+00
1.974764600092484834e-01 1.186648827781388249e+00
2.015863560486145234e-01 1.260673571353603251e+00
2.057817875763805759e-01 1.339429847673720086e+00
2.100645347640413829e-01 1.423226103881713112e+00
2.144364148321648011e-01 1.512264749279907061e+00
2.188992828214597897e-01 1.606873753704486596e+00
2.234550323798925042e-01 1.707401605157982560e+00
2.281055965661834550e-01 1.814218593449116179e+00
2.328529486700275375e-01 1.927718174138616680e+00
2.376991030493841028e-01 2.048327762269163799e+00
2.426461159851931171e-01 2.177014741397810482e+00
2.476960865538796186e-01 2.313786529462948049e+00
2.528511575180167337e-01 2.459151057694155540e+00
2.581135162355253088e-01 2.613648168295778174e+00
2.634853955877961562e-01 2.777851619266190841e+00
2.689690749271278492e-01 2.952371215170596308e+00
2.745668810438831597e-01 3.138166786014182641e+00
2.802811891537738131e-01 3.335941780835057102e+00
2.861144239056928607e-01 3.546181042612906342e+00
2.920690604105219967e-01 3.769670100129647317e+00
2.981476252913505820e-01 4.007243988124450595e+00
3.043526977555517377e-01 4.259790367281020451e+00
3.106869106891708698e-01 4.528761547470200099e+00
3.171529517740905302e-01 4.814836647842768436e+00
3.237535646284456226e-01 5.118982684871052236e+00
3.304915499707733462e-01 5.442341172623174295e+00
3.373697668083914247e-01 5.786125732905365027e+00
3.443911336505087739e-01 6.152064772147279648e+00
3.515586297465838617e-01 6.541344398176968333e+00
3.588752963504552862e-01 6.955256181515510505e+00
3.663442380107827523e-01 7.395358752856947326e+00
3.739686238883428437e-01 7.863349679696335137e+00
3.817516891007428637e-01 8.361479333145329207e+00
3.896967360951185122e-01 8.891164641849718109e+00
3.978071360494027653e-01 9.454404602198728469e+00
4.060863303027552607e-01 1.005332484355846390e+01
4.145378318157649788e-01 1.069070170959729005e+01
4.231652266610403390e-01 1.136858371154976588e+01
4.319721755448220901e-01 1.208944923516934011e+01
4.409624153602658136e-01 1.285602380367333275e+01
4.501397607730483474e-01 1.367185114233530108e+01
4.595081058399779206e-01 1.453947427683253046e+01
4.690714256612865118e-01 1.546215724892434906e+01
4.788337780673142530e-01 1.644352511958169671e+01
4.887993053402931998e-01 1.748741865914613314e+01
4.989722359719687139e-01 1.859758227851521539e+01
5.093568864577977529e-01 1.977823415538897223e+01
5.199576631284887895e-01 2.103446579497580871e+01
5.307790640196620169e-01 2.237048807309492560e+01
5.418256807804173736e-01 2.379136896112732558e+01
5.531022006216277376e-01 2.530301502693843219e+01
5.646134083047763541e-01 2.691077860330752713e+01
5.763641881721900395e-01 2.862070011282205328e+01
5.883595262195214781e-01 3.043986114190866132e+01
6.006045122113689017e-01 3.237468845256807981e+01
6.131043418409223289e-01 3.443259954843192361e+01
6.258643189345570734e-01 3.662186123120055470e+01
6.388898577023131020e-01 3.895031852448066445e+01
6.521864850352057097e-01 4.142717101087878007e+01
6.657598428503537225e-01 4.406184007012831216e+01
6.796156904849094404e-01 4.686409095323153906e+01
6.937599071398169448e-01 4.984500614360793236e+01
7.081984943744236149e-01 5.301553037560814374e+01
7.229375786530161108e-01 5.638809288899515337e+01
7.379834139443505192e-01 5.997538107641981497e+01
7.533423843752851123e-01 6.379114922117570075e+01
7.690210069396433701e-01 6.785006524024331043e+01
7.850259342634492432e-01 7.216743311656496473e+01
8.013639574277185984e-01 7.676007451940041904e+01
8.180420088499924525e-01 8.164510854919937799e+01
8.350671652258471189e-01 8.684154697228726150e+01
8.524466505316175002e-01 9.236884622980652182e+01
8.701878390896189419e-01 9.824842046173473875e+01
8.882982586971583938e-01 1.045024242888917740e+02
9.067855938206671462e-01 1.111549328993210395e+02
9.256576888563147198e-01 1.182313334531012572e+02
9.449225514584753682e-01 1.257586913555589803e+02
9.645883559374751615e-01 1.337658470769843859e+02
9.846634467280448444e-01 1.422830646585373415e+02
1.005156341929967390e+00 1.513430513631574570e+02
1.026075736922404058e+00 1.609802064959143593e+02
1.047430508053451392e+00 1.712315189377544868e+02
1.069229716406479680e+00 1.821362946433254706e+02
1.091482611644857048e+00 1.937358488953372273e+02
1.114198635936694659e+00 2.060745287944228039e+02
1.137387427961266795e+00 2.191995417966462298e+02
1.161058826998822235e+00 2.331608713935121102e+02
1.185222877105502892e+00 2.480119177378517179e+02
1.209889831375160485e+00 2.638095003449610090e+02
1.235070156289862053e+00 2.806137916202299607e+02
1.260774536160947035e+00 2.984889819849742025e+02
1.287013877662505523e+00 3.175034019917291062e+02
1.313799314459207501e+00 3.377296491671881995e+02
1.341142211930455019e+00 3.592448886881489329e+02
1.369054171992841074e+00 3.817915072254644201e+03
1.397547038022987298e+00 inf
1.426632899882822825e+00 inf
1.456324099049463694e+00 inf
1.486633233851841318e+00 inf
1.517573164816328868e+00 inf
1.549157020123613560e+00 inf
1.581398201179137208e+00 inf
1.614310388299477594e+00 inf
1.647907546517062949e+00 inf
1.682203931505708239e+00 inf
1.717214095629459480e+00 inf
1.752952894117343119e+00 inf
1.789435491366608399e+00 inf
1.826677367377168348e+00 inf
1.864694324319941865e+00 inf
1.903502493241907789e+00 inf
1.943118340910698461e+00 inf
1.983558676801640885e+00 inf
2.024840660230225353e+00 inf
2.066981807632997992e+00 inf
2.109999999999999876e+00 inf
