# k [Mpc^-1], sensitivity [mK^2], z=9.0, 142.0 MHz
3.500000000000000333e-02 inf
3.572842282756675397e-02 3.130297716485776205e-02
3.647200564986839699e-02 3.152706683971245177e-02
3.723106397794004319e-02 3.175276071285511315e-02
3.800591988925806214e-02 3.198007026831398147e-02
3.879690216440116746e-02 3.220900707232832172e-02
3.960434642655615706e-02 3.243958277393711037e-02
4.042859528392659524e-02 3.267180910557160312e-02
4.126999847510574859e-02 3.290569788365247522e-02
4.212891301747467149e-02 3.314126100919097262e-02
4.300570335868902916e-02 3.337851046839453162e-02
4.390074153131857948e-02 3.361745833327666605e-02
4.481440731070487210e-02 3.385811676227114958e-02
4.574708837610465956e-02 3.410049800085084015e-02
4.669918047518661214e-02 3.434461438215057755e-02
4.767108759195193973e-02 3.459047832759491042e-02
4.866322211814942678e-02 3.483810234753001445e-02
4.967600502825834929e-02 3.508749904186032886e-02
5.070986605811275694e-02 3.533868110068959928e-02
5.176524388724366293e-02 3.559166130496669439e-02
5.284258632501594166e-02 3.584645252713587749e-02
5.394235050063903719e-02 3.610306773179182416e-02
5.506500305713256382e-02 3.636151997633924049e-02
5.621102034932823344e-02 3.662182241165735930e-02
5.738088864599311806e-02 3.688398828276907154e-02
5.857510433615904094e-02 3.714803092951479008e-02
5.979417413974657397e-02 3.741396378723135102e-02
6.103861532257209149e-02 3.768180038743556420e-02
6.230895591583001519e-02 3.795155435851279430e-02
6.360573494014265528e-02 3.822323942641032285e-02
6.492950263427293978e-02 3.849686941533587980e-02
6.628082068859754428e-02 3.877245824846103917e-02
6.766026248343849636e-02 3.905001994862956904e-02
6.906841333235554103e-02 3.932956863907110384e-02
7.050587073050135212e-02 3.961111854411971528e-02
7.197324460814619185e-02 4.022135846453277902e-02
7.347115758947816988e-02 4.115238782506652065e-02
7.500024525679045706e-02 4.210496831423604647e-02
7.656115642016625422e-02 4.307959878971998752e-02
7.815455339277647961e-02 4.407678965657273185e-02
7.978111227190747001e-02 4.509706313451919413e-02
8.144152322583671222e-02 4.614095353143617823e-02
8.313649078667982584e-02 4.720900752316475185e-02
8.486673414933156023e-02 4.830178443979929459e-02
8.663298747662909194e-02 4.941985655860356430e-02
8.843600021086570062e-02 5.056380940370693716e-02
9.027653739178835568e-02 5.173424205273830651e-02
9.215537998121303698e-02 5.293176745055727661e-02
9.407332519439604024e-02 5.415701273024792206e-02
9.603118683830201563e-02 5.541061954154250652e-02
9.802979565691193053e-02 5.669324438684782141e-02
1.000699996837176586e-01 5.800555896504924064e-02
1.021526646015524509e-01 5.934825052327327710e-02
1.042786741099108044e-01 6.072202221679286194e-02
1.064489302999123421e-01 6.212759347726305031e-02
1.086643540370700461e-01 6.351629196785373022e-02
1.109258853520242866e-01 6.492594746929884753e-02
1.132344838394090808e-01 6.636688830827221219e-02
1.155911290650195183e-01 6.783980881920034789e-02
1.179968209814531294e-01 6.934541874629386593e-02
1.204525803524016392e-01 7.088444358554617242e-02
1.229594491857733396e-01 7.245762493432225670e-02
1.255184911758291388e-01 7.406572084870609307e-02
1.281307921545208894e-01 7.570950620877903159e-02
1.307974605522227440e-01 7.738977309200505139e-02
1.335196278680513826e-01 7.910733115490251044e-02
1.362984491499744655e-01 8.086300802318675818e-02
1.391351034849112878e-01 8.265764969057155798e-02
1.420307944990333859e-01 8.449212092642091609e-02
1.449867508684773432e-01 8.524932680364549764e-02
1.480042268406868700e-01 8.584208395250707280e-02
1.510845027666047613e-01 8.643896267101261466e-02
1.542288856439409939e-01 8.703999161733422252e-02
1.574387096717475842e-01 8.764519964891032133e-02
1.607153368165349372e-01 8.825461582383159476e-02
1.640601573901705190e-01 8.886826940223581384e-02
1.674745906398046880e-01 8.948618984771287976e-02
1.709600853500741757e-01 9.010840682871955332e-02
1.745181204578385992e-01 9.073495022000369059e-02
1.781502056797110434e-01 9.141447163775648366e-02
1.818578821526486422e-01 9.348799414274491792e-02
1.856427230878753554e-01 9.560854963388597250e-02
1.895063344384143311e-01 9.777720494396364981e-02
1.934503555805126840e-01 9.999505110435687183e-02
1.974764600092484834e-01 1.022632038939280119e-01
2.015863560486145234e-01 1.045828044003613705e-01
2.057817875763805759e-01 1.069550195942342713e-01
2.100645347640413829e-01 1.093810429161097414e-01
2.144364148321648011e-01 1.118912778523744184e-01
2.188992828214597897e-01 1.145923998459794924e-01
2.234550323798925042e-01 1.173587285309762029e-01
2.281055965661834550e-01 1.201918380356758048e-01
2.328529486700275375e-01 1.230933404887831761e-01
2.376991030493841028e-01 1.260648869367489155e-01
2.426461159851931171e-01 1.291081682832668498e-01
2.476960865538796186e-01 1.322249162514517740e-01
2.528511575180167337e-01 1.343627383237074868e-01
2.581135162355253088e-01 1.360775173049281195e-01
2.634853955877961562e-01 1.378141808278834923e-01
2.689690749271278492e-01 1.395730081898895747e-01
2.745668810438831597e-01 1.413542822527413256e-01
2.802811891537738131e-01 1.431582894882039159e-01
2.861144239056928607e-01 1.452135351115734496e-01
2.920690604105219967e-01 1.481370209533915683e-01
2.981476252913505820e-01 1.511193633574491602e-01
3.043526977555517377e-01 1.541617472430877323e-01
3.106869106891708698e-01 1.572653813848281790e-01
3.171529517740905302e-01 1.604314988926308083e-01
3.237535646284456226e-01 1.632764671638165799e-01
3.304915499707733462e-01 1.657793208151844000e-01
3.373697668083914247e-01 1.683205405367457774e-01
3.443911336505087739e-01 1.709007144393322741e-01
3.515586297465838617e-01 1.735204396488855549e-01
3.588752963504552862e-01 1.759245661849312969e-01
3.663442380107827523e-01 1.779466528040810902e-01
3.739686238883428437e-01 1.799919813978112515e-01
3.817516891007428637e-01 1.820608191106533602e-01
3.896967360951185122e-01 1.841534361577126522e-01
3.978071360494027653e-01 1.862054985362581738e-01
4.060863303027552607e-01 1.882594447057594766e-01
4.145378318157649788e-01 1.903360469992763093e-01
4.231652266610403390e-01 1.924355553259655405e-01
4.319721755448220901e-01 1.944777125287575625e-01
4.409624153602658136e-01 1.964701886432004552e-01
4.501397607730483474e-01 1.984830782076732192e-01
4.595081058399779206e-01 2.005165903634242852e-01
4.690714256612865118e-01 2.025461662706326549e-01
4.788337780673142530e-01 2.045826245109919339e-01
4.887993053402931998e-01 2.066395578965543600e-01
4.989722359719687139e-01 2.086894816784165552e-01
5.093568864577977529e-01 2.102186684206664435e-01
5.199576631284887895e-01 2.117590603854979381e-01
5.307790640196620169e-01 2.133107396799618083e-01
5.418256807804173736e-01 2.146964399969380488e-01
5.531022006216277376e-01 2.160145643779837754e-01
5.646134083047763541e-01 2.173407813565776114e-01
5.763641881721900395e-01 2.192261236847465600e-01
5.883595262195214781e-01 2.215540613409495985e-01
6.006045122113689017e-01 2.239067191064174345e-01
6.131043418409223289e-01 2.257485797193619914e-01
6.258643189345570734e-01 2.272797860608225251e-01
6.388898577023131020e-01 2.288213782610249158e-01
6.521864850352057097e-01 2.310425442129165063e-01
6.657598428503537225e-01 2.334061599035826273e-01
6.796156904849094404e-01 2.356343359465333798e-01
6.937599071398169448e-01 2.373251826732301339e-01
7.081984943744236149e-01 2.390281624476921496e-01
7.229375786530161108e-01 2.408746600806240812e-01
7.379834139443505192e-01 2.427835180671231996e-01
7.533423843752851123e-01 2.447866906027769685e-01
7.690210069396433701e-01 2.469454462470768719e-01
7.850259342634492432e-01 2.491028287484186587e-01
8.013639574277185984e-01 2.511062504053334643e-01
8.180420088499924525e-01 2.531257846786948429e-01
8.350671652258471189e-01 2.556241336288480603e-01
8.524466505316175002e-01 2.581725752604464574e-01
8.701878390896189419e-01 2.604602455722649923e-01
8.882982586971583938e-01 2.627296802879560134e-01
9.067855938206671462e-01 2.651355180073992068e-01
9.256576888563147198e-01 2.675764000447062307e-01
9.449225514584753682e-01 2.699246805291533047e-01
9.645883559374751615e-01 2.722463857246522068e-01
9.846634467280448444e-01 2.743481156345262129e-01
1.005156341929967390e+00 2.766046935670467555e-01
1.026075736922404058e+00 2.790907855414649918e-01
1.047430508053451392e+00 2.813580239029920826e-01
1.069229716406479680e+00 2.835282838038011843e-01
1.091482611644857048e+00 2.855443492320820509e-01
1.114198635936694659e+00 2.875038954215116682e-01
1.137387427961266795e+00 2.893922763628454797e-01
1.161058826998822235e+00 2.920170779176867737e-01
1.185222877105502892e+00 2.945433796868058285e-01
1.209889831375160485e+00 2.968303701553599572e-01
1.235070156289862053e+00 2.987837930848695756e-01
1.260774536160947035e+00 3.012451888165851854e-01
1.287013877662505523e+00 3.040818735365354852e-01
1.313799314459207501e+00 3.067960050845855990e-01
1.341142211930455019e+00 3.092547297509241622e-01
1.369054171992841074e+00 3.116968573134122900e-01
1.397547038022987298e+00 3.141107374003873076e-01
1.426632899882822825e+00 3.487637262434163388e-01
1.456324099049463694e+00 1.133785150765038718e+00
1.486633233851841318e+00 inf
1.517573164816328868e+00 inf
1.549157020123613560e+00 inf
1.581398201179137208e+00 inf
1.614310388299477594e+00 inf
1.647907546517062949e+00 inf
1.682203931505708239e+00 inf
1.717214095629459480e+00 inf
1.752952894117343119e+00 inf
1.789435491366608399e+00 inf
1.826677367377168348e+00 inf
1.864694324319941865e+00 inf
1.903502493241907789e+00 inf
1.943118340910698461e+00 inf
1.983558676801640885e+00 inf
2.024840660230225353e+00 inf
2.066981807632997992e+00 inf
2.109999999999999876e+00 inf
