# k [Mpc^-1], sensitivity [mK^2], z=9.0, 142.0 MHz
3.500000000000000333e-02 inf
3.572842282756675397e-02 inf
3.647200564986839699e-02 inf
3.723106397794004319e-02 inf
3.800591988925806214e-02 inf
3.879690216440116746e-02 inf
3.960434642655615706e-02 inf
4.042859528392659524e-02 inf
4.126999847510574859e-02 inf
4.212891301747467149e-02 inf
4.300570335868902916e-02 inf
4.390074153131857948e-02 inf
4.481440731070487210e-02 inf
4.574708837610465956e-02 inf
4.669918047518661214e-02 inf
4.767108759195193973e-02 inf
4.866322211814942678e-02 inf
4.967600502825834929e-02 inf
5.070986605811275694e-02 inf
5.176524388724366293e-02 inf
5.284258632501594166e-02 inf
5.394235050063903719e-02 inf
5.506500305713256382e-02 inf
5.621102034932823344e-02 inf
5.738088864599311806e-02 inf
5.857510433615904094e-02 inf
5.979417413974657397e-02 inf
6.103861532257209149e-02 inf
6.230895591583001519e-02 inf
6.360573494014265528e-02 inf
6.492950263427293978e-02 inf
6.628082068859754428e-02 inf
6.766026248343849636e-02 inf
6.906841333235554103e-02 inf
7.050587073050135212e-02 inf
7.197324460814619185e-02 inf
7.347115758947816988e-02 inf
7.500024525679045706e-02 inf
7.656115642016625422e-02 inf
7.815455339277647961e-02 inf
7.978111227190747001e-02 inf
8.144152322583671222e-02 inf
8.313649078667982584e-02 inf
8.486673414933156023e-02 inf
8.663298747662909194e-02 inf
8.843600021086570062e-02 inf
9.027653739178835568e-02 inf
9.215537998121303698e-02 inf
9.407332519439604024e-02 inf
9.603118683830201563e-02 inf
9.802979565691193053e-02 inf
1.000699996837176586e-01 inf
1.021526646015524509e-01 inf
1.042786741099108044e-01 inf
1.064489302999123421e-01 inf
1.086643540370700461e-01 3.257709753881803394e-01
1.109258853520242866e-01 3.329487470093361323e-01
1.132344838394090808e-01 3.402846677884520110e-01
1.155911290650195183e-01 3.477822222549173392e-01
1.179968209814531294e-01 3.554449717133960074e-01
1.204525803524016392e-01 3.632765559354306784e-01
1.229594491857733396e-01 3.712806948883178304e-01
1.255184911758291388e-01 3.794611905020749965e-01
1.281307921545208894e-01 3.878219284753406937e-01
1.307974605522227440e-01 3.963668801210644133e-01
1.335196278680513826e-01 4.051001042528611928e-01
1.362984491499744655e-01 4.140257491129310519e-01
1.391351034849112878e-01 4.231480543424546159e-01
1.420307944990333859e-01 4.324713529954038460e-01
1.449867508684773432e-01 4.468927988130150797e-01
1.480042268406868700e-01 4.625733649528997460e-01
1.510845027666047613e-01 4.788041305032926243e-01
1.542288856439409939e-01 4.956044008507864973e-01
1.574387096717475842e-01 5.129941587690166616e-01
1.607153368165349372e-01 5.309940881868047136e-01
1.640601573901705190e-01 5.496255987902788354e-01
1.674745906398046880e-01 5.689108514882323941e-01
1.709600853500741757e-01 5.888727847710102381e-01
1.745181204578385992e-01 6.095351419942764970e-01
1.781502056797110434e-01 6.310841707719616611e-01
1.818578821526486422e-01 6.581219533910328545e-01
1.856427230878753554e-01 6.863181261628182872e-01
1.895063344384143311e-01 7.157223184435717034e-01
1.934503555805126840e-01 7.463862858792047472e-01
1.974764600092484834e-01 7.783640015027361025e-01
2.015863560486145234e-01 8.117117507346620631e-01
2.057817875763805759e-01 8.464882304534662172e-01
2.100645347640413829e-01 8.827546523106434284e-01
2.144364148321648011e-01 9.217739617164333321e-01
2.188992828214597897e-01 9.681240221816747038e-01
2.234550323798925042e-01 1.016804727896572391e+00
2.281055965661834550e-01 1.067933271961313269e+00
2.328529486700275375e-01 1.121632740360353653e+00
2.376991030493841028e-01 1.178032408277518872e+00
2.426461159851931171e-01 1.237268051310874695e+00
2.476960865538796186e-01 1.299482272336584421e+00
2.528511575180167337e-01 1.368856902590760427e+00
2.581135162355253088e-01 1.443763610367915451e+00
2.634853955877961562e-01 1.522769369594051625e+00
2.689690749271278492e-01 1.606098488922961254e+00
2.745668810438831597e-01 1.693987551646306988e+00
2.802811891537738131e-01 1.786686087387443056e+00
2.861144239056928607e-01 1.886119866543559898e+00
2.920690604105219967e-01 1.997436355542963060e+00
2.981476252913505820e-01 2.115322607653903120e+00
3.043526977555517377e-01 2.240166362264583988e+00
3.106869106891708698e-01 2.372378242667942061e+00
3.171529517740905302e-01 2.512393106641737539e+00
3.237535646284456226e-01 2.663430301636218633e+00
3.304915499707733462e-01 2.826488374544427806e+00
3.373697668083914247e-01 2.999529038370898348e+00
3.443911336505087739e-01 3.183163438087874830e+00
3.515586297465838617e-01 3.378040133621306396e+00
3.588752963504552862e-01 3.586844551603082465e+00
3.663442380107827523e-01 3.811961368387676963e+00
3.739686238883428437e-01 4.051206921578358156e+00
3.817516891007428637e-01 4.305467956089551684e+00
3.896967360951185122e-01 4.575686870541739282e+00
3.978071360494027653e-01 4.864252960129088699e+00
4.060863303027552607e-01 5.171491542131734676e+00
4.145378318157649788e-01 5.498136093981082162e+00
4.231652266610403390e-01 5.845412346063072917e+00
4.319721755448220901e-01 6.214836233420552247e+00
4.409624153602658136e-01 6.607805799351964993e+00
4.501397607730483474e-01 7.025623176866542252e+00
4.595081058399779206e-01 7.469859514964123370e+00
4.690714256612865118e-01 7.942399361651856005e+00
4.788337780673142530e-01 8.444956132860347964e+00
4.887993053402931998e-01 8.979312275617296280e+00
4.989722359719687139e-01 9.547492298180356940e+00
5.093568864577977529e-01 1.015188018707652517e+01
5.199576631284887895e-01 1.079452783139702632e+01
5.307790640196620169e-01 1.147785720039712309e+01
5.418256807804173736e-01 1.220500779225308641e+01
5.531022006216277376e-01 1.297848271257418062e+01
5.646134083047763541e-01 1.380097550019604746e+01
5.763641881721900395e-01 1.467603050442134993e+01
5.883595262195214781e-01 1.560692500209508182e+01
6.006045122113689017e-01 1.659686574974345064e+01
6.131043418409223289e-01 1.765014632178734288e+01
6.258643189345570734e-01 1.877062319861674311e+01
6.388898577023131020e-01 1.996223084165175976e+01
6.521864850352057097e-01 2.123026068326858606e+01
6.657598428503537225e-01 2.257898501605161101e+01
6.796156904849094404e-01 2.401340135318447366e+01
6.937599071398169448e-01 2.553898034433532871e+01
7.081984943744236149e-01 2.716147985182657720e+01
7.229375786530161108e-01 2.888774154407535733e+01
7.379834139443505192e-01 3.072398113088518556e+01
7.533423843752851123e-01 3.267730689159977686e+01
7.690210069396433701e-01 3.475549652384753330e+01
7.850259342634492432e-01 3.696591601498889190e+01
8.013639574277185984e-01 3.931747474938339337e+01
8.180420088499924525e-01 4.181862611064700985e+01
8.350671652258471189e-01 4.447923247183926065e+01
8.524466505316175002e-01 4.730913334025197514e+01
8.701878390896189419e-01 5.031940263191697227e+01
8.882982586971583938e-01 5.352126033586426956e+01
9.067855938206671462e-01 5.692725370392331286e+01
9.256576888563147198e-01 6.055004509693220882e+01
9.449225514584753682e-01 6.440392404945772853e+01
9.645883559374751615e-01 6.850316132716822892e+01
9.846634467280448444e-01 7.286366359055290332e+01
1.005156341929967390e+00 7.750191925324713793e+01
1.026075736922404058e+00 8.243573528256550276e+01
1.047430508053451392e+00 8.768392271927180559e+01
1.069229716406479680e+00 9.326638187994343809e+01
1.091482611644857048e+00 9.920465598397645124e+01
1.114198635936694659e+00 1.055212296667295959e+02
1.137387427961266795e+00 1.122402574625276372e+02
1.161058826998822235e+00 1.193878006094451365e+02
1.185222877105502892e+00 1.269906626763849715e+02
1.209889831375160485e+00 1.350778238302825400e+02
1.235070156289862053e+00 1.436804510186668153e+02
1.260774536160947035e+00 1.528312912460866642e+02
1.287013877662505523e+00 1.625652925833732354e+02
1.313799314459207501e+00 1.729196347106271503e+02
1.341142211930455019e+00 1.839338092400159326e+02
1.369054171992841074e+00 1.956498526852763860e+02
1.397547038022987298e+00 2.081125229130965693e+02
1.426632899882822825e+00 3.400109265689694666e+02
1.456324099049463694e+00 inf
1.486633233851841318e+00 inf
1.517573164816328868e+00 inf
1.549157020123613560e+00 inf
1.581398201179137208e+00 inf
1.614310388299477594e+00 inf
1.647907546517062949e+00 inf
1.682203931505708239e+00 inf
1.717214095629459480e+00 inf
1.752952894117343119e+00 inf
1.789435491366608399e+00 inf
1.826677367377168348e+00 inf
1.864694324319941865e+00 inf
1.903502493241907789e+00 inf
1.943118340910698461e+00 inf
1.983558676801640885e+00 inf
2.024840660230225353e+00 inf
2.066981807632997992e+00 inf
2.109999999999999876e+00 inf
