# k [Mpc^-1], sensitivity [mK^2], z=8.0, 157.8 MHz
3.500000000000000333e-02 inf
3.572842282756675397e-02 inf
3.647200564986839699e-02 inf
3.723106397794004319e-02 inf
3.800591988925806214e-02 4.352079121920218729e-02
3.879690216440116746e-02 4.400613722204912287e-02
3.960434642655615706e-02 4.449689582737593324e-02
4.042859528392659524e-02 4.499312739679151019e-02
4.126999847510574859e-02 4.549489296506044334e-02
4.212891301747467149e-02 4.600225424760986948e-02
4.300570335868902916e-02 4.651527364812055310e-02
4.390074153131857948e-02 4.703401426620209408e-02
4.481440731070487210e-02 4.755853990515402502e-02
4.574708837610465956e-02 4.808891507981349900e-02
4.669918047518661214e-02 4.862520502449022008e-02
4.767108759195193973e-02 4.916747570099015002e-02
4.866322211814942678e-02 4.971579380672852544e-02
4.967600502825834929e-02 5.027022678293350394e-02
5.070986605811275694e-02 5.083084282294108441e-02
5.176524388724366293e-02 5.139771088058268933e-02
5.284258632501594166e-02 5.197090067866629720e-02
5.394235050063903719e-02 5.255048271755199951e-02
5.506500305713256382e-02 5.313652828382349480e-02
5.621102034932823344e-02 5.372910945905584601e-02
5.738088864599311806e-02 5.432829912868143707e-02
5.857510433615904094e-02 5.493417099095453809e-02
5.979417413974657397e-02 5.554679956601606128e-02
6.103861532257209149e-02 5.616626020505909728e-02
6.230895591583001519e-02 5.679262909959695987e-02
6.360573494014265528e-02 5.742598329083457853e-02
6.492950263427293978e-02 5.806640067914398129e-02
6.628082068859754428e-02 5.871396003364616478e-02
6.766026248343849636e-02 5.936874100189913628e-02
6.906841333235554103e-02 6.003082411969441062e-02
7.050587073050135212e-02 6.070029082096257272e-02
7.197324460814619185e-02 6.137722344778949457e-02
7.347115758947816988e-02 6.206170526054394926e-02
7.500024525679045706e-02 6.275382044811843307e-02
7.656115642016625422e-02 6.394670001273349003e-02
7.815455339277647961e-02 6.519261973256727793e-02
7.978111227190747001e-02 6.646281460573917610e-02
8.144152322583671222e-02 6.775775760258589964e-02
8.313649078667982584e-02 6.907793090866695684e-02
8.486673414933156023e-02 7.042382610431092982e-02
8.663298747662909194e-02 7.179594434766109479e-02
8.843600021086570062e-02 7.319479656128631551e-02
9.027653739178835568e-02 7.462090362242898567e-02
9.215537998121303698e-02 7.607479655695868759e-02
9.407332519439604024e-02 7.755701673710542476e-02
9.603118683830201563e-02 7.906811608304505079e-02
9.802979565691193053e-02 8.060865726841284773e-02
1.000699996837176586e-01 8.217921392982059647e-02
1.021526646015524509e-01 8.378037088045632574e-02
1.042786741099108044e-01 8.541272432784557944e-02
1.064489302999123421e-01 8.707688209585554007e-02
1.086643540370700461e-01 8.877346385102456716e-02
1.109258853520242866e-01 9.050310133330156936e-02
1.132344838394090808e-01 9.233972690835319519e-02
1.155911290650195183e-01 9.442789549755972733e-02
1.179968209814531294e-01 9.656328588612540786e-02
1.204525803524016392e-01 9.874696594680071327e-02
1.229594491857733396e-01 1.009800277011874137e-01
1.255184911758291388e-01 1.032635878658401257e-01
1.281307921545208894e-01 1.055987884107174729e-01
1.307974605522227440e-01 1.079867971302622132e-01
1.335196278680513826e-01 1.104288082273952171e-01
1.362984491499744655e-01 1.129260429107165203e-01
1.391351034849112878e-01 1.154797500052110321e-01
1.420307944990333859e-01 1.180912065767648345e-01
1.449867508684773432e-01 1.207617185708044077e-01
1.480042268406868700e-01 1.234926214653779275e-01
1.510845027666047613e-01 1.255065590057919123e-01
1.542288856439409939e-01 1.256619201466285252e-01
1.574387096717475842e-01 1.258174736047772690e-01
1.607153368165349372e-01 1.259732196183024899e-01
1.640601573901705190e-01 1.261291584255632148e-01
1.674745906398046880e-01 1.262852902652135678e-01
1.709600853500741757e-01 1.264416153762030481e-01
1.745181204578385992e-01 1.265981339977769737e-01
1.781502056797110434e-01 1.267548463694767868e-01
1.818578821526486422e-01 1.269117527311405258e-01
1.856427230878753554e-01 1.270688533229029915e-01
1.895063344384143311e-01 1.274895063809494966e-01
1.934503555805126840e-01 1.282227003151290567e-01
1.974764600092484834e-01 1.289601108578780075e-01
2.015863560486145234e-01 1.297017622589712593e-01
2.057817875763805759e-01 1.304476789076444154e-01
2.100645347640413829e-01 1.311978853333959638e-01
2.144364148321648011e-01 1.319524062067939374e-01
2.188992828214597897e-01 1.327112663402870429e-01
2.234550323798925042e-01 1.334744906890207305e-01
2.281055965661834550e-01 1.352753595314400425e-01
2.328529486700275375e-01 1.377783416819031714e-01
2.376991030493841028e-01 1.403276361812466899e-01
2.426461159851931171e-01 1.429240999407586921e-01
2.476960865538796186e-01 1.455686057270440814e-01
2.528511575180167337e-01 1.482620424553930671e-01
2.581135162355253088e-01 1.510053154885784288e-01
2.634853955877961562e-01 1.536811008366294196e-01
2.689690749271278492e-01 1.555642540801495388e-01
2.745668810438831597e-01 1.574704828099804110e-01
2.802811891537738131e-01 1.594000697848780845e-01
2.861144239056928607e-01 1.613533012284231183e-01
2.920690604105219967e-01 1.633304668714776753e-01
2.981476252913505820e-01 1.653318599951620893e-01
3.043526977555517377e-01 1.669288510218123744e-01
3.106869106891708698e-01 1.683006541444014292e-01
3.171529517740905302e-01 1.696837305956908626e-01
3.237535646284456226e-01 1.710781730186685112e-01
3.304915499707733462e-01 1.724840748176521832e-01
3.373697668083914247e-01 1.739015301645462364e-01
3.443911336505087739e-01 1.760607595681364101e-01
3.515586297465838617e-01 1.783074473465497689e-01
3.588752963504552862e-01 1.805828048068732206e-01
3.663442380107827523e-01 1.828871977990788600e-01
3.739686238883428437e-01 1.852209968417010411e-01
3.817516891007428637e-01 1.876086413337577918e-01
3.896967360951185122e-01 1.900328060252818307e-01
3.978071360494027653e-01 1.924882942976914313e-01
4.060863303027552607e-01 1.949755108952361815e-01
4.145378318157649788e-01 1.972883681676810552e-01
4.231652266610403390e-01 1.986941904561744798e-01
4.319721755448220901e-01 2.001100302450667667e-01
4.409624153602658136e-01 2.015359589162923348e-01
4.501397607730483474e-01 2.029720483604333103e-01
4.595081058399779206e-01 2.044933185116569740e-01
4.690714256612865118e-01 2.060292897739095241e-01
4.788337780673142530e-01 2.075767978811585424e-01
4.887993053402931998e-01 2.091506107226138444e-01
4.989722359719687139e-01 2.109262934135295309e-01
5.093568864577977529e-01 2.127170515996012756e-01
5.199576631284887895e-01 2.145230132713507598e-01
5.307790640196620169e-01 2.162059638628668623e-01
5.418256807804173736e-01 2.177478339525417417e-01
5.531022006216277376e-01 2.193006998692093867e-01
5.646134083047763541e-01 2.208548651197808077e-01
5.763641881721900395e-01 2.223512274144426593e-01
5.883595262195214781e-01 2.238577280418764803e-01
6.006045122113689017e-01 2.253744356925268810e-01
6.131043418409223289e-01 2.267410651922907028e-01
6.258643189345570734e-01 2.281146739280621727e-01
6.388898577023131020e-01 2.294880344776534242e-01
6.521864850352057097e-01 2.307016652535767431e-01
6.657598428503537225e-01 2.319217142275714627e-01
6.796156904849094404e-01 2.331367270849752926e-01
6.937599071398169448e-01 2.343274946703929607e-01
7.081984943744236149e-01 2.355243442123526043e-01
7.229375786530161108e-01 2.371642620332401197e-01
7.379834139443505192e-01 2.390538070906607082e-01
7.533423843752851123e-01 2.408585728811301063e-01
7.690210069396433701e-01 2.421453777637281590e-01
7.850259342634492432e-01 2.434390574973479826e-01
8.013639574277185984e-01 2.454845194098425332e-01
8.180420088499924525e-01 2.477468475028811734e-01
8.350671652258471189e-01 2.496185899154056420e-01
8.524466505316175002e-01 2.511401996708899076e-01
8.701878390896189419e-01 2.525216728889911888e-01
8.882982586971583938e-01 2.536593485792493219e-01
9.067855938206671462e-01 2.550930383952976777e-01
9.256576888563147198e-01 2.571941655521778891e-01
9.449225514584753682e-01 2.592987876959205185e-01
9.645883559374751615e-01 2.613918356861212877e-01
9.846634467280448444e-01 2.631289217452563722e-01
1.005156341929967390e+00 2.643640408377265216e-01
1.026075736922404058e+00 2.665084324612829736e-01
1.047430508053451392e+00 2.693058361445481719e-01
1.069229716406479680e+00 2.714851586789066018e-01
1.091482611644857048e+00 2.735353707996552863e-01
1.114198635936694659e+00 2.755447911966923957e-01
1.137387427961266795e+00 2.776227003682096295e-01
1.161058826998822235e+00 2.797761933629739906e-01
1.185222877105502892e+00 2.819396342265001465e-01
1.209889831375160485e+00 2.840930254342847738e-01
1.235070156289862053e+00 2.862126020026580786e-01
1.260774536160947035e+00 2.884859732150080180e-01
1.287013877662505523e+00 2.906679405878063172e-01
1.313799314459207501e+00 2.926619226138028051e-01
1.341142211930455019e+00 2.945786256842260475e-01
1.369054171992841074e+00 2.965443599200613956e-01
1.397547038022987298e+00 2.985639070647195803e-01
1.426632899882822825e+00 3.006409136368968227e-01
1.456324099049463694e+00 3.031740910865290961e-01
1.486633233851841318e+00 3.054262356056982042e-01
1.517573164816328868e+00 5.377694097285063979e-01
1.549157020123613560e+00 inf
1.581398201179137208e+00 inf
1.614310388299477594e+00 inf
1.647907546517062949e+00 inf
1.682203931505708239e+00 inf
1.717214095629459480e+00 inf
1.752952894117343119e+00 inf
1.789435491366608399e+00 inf
1.826677367377168348e+00 inf
1.864694324319941865e+00 inf
1.903502493241907789e+00 inf
1.943118340910698461e+00 inf
1.983558676801640885e+00 inf
2.024840660230225353e+00 inf
2.066981807632997992e+00 inf
2.109999999999999876e+00 inf
