# k [Mpc^-1], sensitivity [mK^2], z=8.0, 157.8 MHz
3.500000000000000333e-02 inf
3.572842282756675397e-02 inf
3.647200564986839699e-02 inf
3.723106397794004319e-02 inf
3.800591988925806214e-02 4.085678804722978931e-03
3.879690216440116746e-02 4.237780594182937247e-03
3.960434642655615706e-02 4.395544834232548853e-03
4.042859528392659524e-02 4.559182326774887696e-03
4.126999847510574859e-02 4.728911721453457444e-03
4.212891301747467149e-02 4.904959807808109869e-03
4.300570335868902916e-02 5.087561818307407939e-03
4.390074153131857948e-02 5.276961742662250425e-03
4.481440731070487210e-02 5.473412653840787484e-03
4.574708837610465956e-02 5.677177046220240574e-03
4.669918047518661214e-02 5.888527186327411136e-03
4.767108759195193973e-02 6.107745476636642842e-03
4.866322211814942678e-02 6.335124832911171594e-03
4.967600502825834929e-02 6.570969075592253232e-03
5.070986605811275694e-02 6.815593335758831327e-03
5.176524388724366293e-02 7.069324476200394315e-03
5.284258632501594166e-02 7.332501528165471377e-03
5.394235050063903719e-02 7.605476144369415631e-03
5.506500305713256382e-02 7.888613068866855843e-03
5.621102034932823344e-02 8.182290624416457825e-03
5.738088864599311806e-02 8.486901217989438820e-03
5.857510433615904094e-02 8.802851865097053446e-03
5.979417413974657397e-02 9.130564733637882083e-03
6.103861532257209149e-02 9.470477707991351024e-03
6.230895591583001519e-02 9.823044974111476771e-03
6.360573494014265528e-02 1.018873762640241758e-02
6.492950263427293978e-02 1.056804429718680681e-02
6.628082068859754428e-02 1.096147180960802686e-02
6.766026248343849636e-02 1.136954585483863564e-02
6.906841333235554103e-02 1.179281169450007750e-02
7.050587073050135212e-02 1.223183488923195068e-02
7.197324460814619185e-02 1.268720205438460431e-02
7.347115758947816988e-02 1.315952164384454927e-02
7.500024525679045706e-02 1.364942476304031177e-02
7.656115642016625422e-02 1.458122008445920416e-02
7.815455339277647961e-02 1.560429427032457295e-02
7.978111227190747001e-02 1.669915125514103565e-02
8.144152322583671222e-02 1.787082759470913843e-02
8.313649078667982584e-02 1.912471322885331282e-02
8.486673414933156023e-02 2.046657627619673930e-02
8.663298747662909194e-02 2.190258956863299841e-02
8.843600021086570062e-02 2.343935904755712479e-02
9.027653739178835568e-02 2.508395415248553667e-02
9.215537998121303698e-02 2.684394034185734121e-02
9.407332519439604024e-02 2.872741389561952671e-02
9.603118683830201563e-02 3.074303915969484741e-02
9.802979565691193053e-02 3.290008840366408227e-02
1.000699996837176586e-01 3.520848447501565004e-02
1.021526646015524509e-01 3.767884644618027523e-02
1.042786741099108044e-01 4.032253846433708072e-02
1.064489302999123421e-01 4.315172202870799084e-02
1.086643540370700461e-01 4.617941193582778686e-02
1.109258853520242866e-01 4.941953615014805373e-02
1.132344838394090808e-01 5.285838716169170837e-02
1.155911290650195183e-01 5.644906008851550971e-02
1.179968209814531294e-01 6.028364760978174863e-02
1.204525803524016392e-01 6.437871885628965174e-02
1.229594491857733396e-01 6.875196850073608812e-02
1.255184911758291388e-01 7.342229321583355894e-02
1.281307921545208894e-01 7.840987332623230999e-02
1.307974605522227440e-01 8.373626000706221872e-02
1.335196278680513826e-01 8.942446840587509049e-02
1.362984491499744655e-01 9.549907709036582759e-02
1.391351034849112878e-01 1.019863342515822530e-01
1.420307944990333859e-01 1.089142711215243808e-01
1.449867508684773432e-01 1.163128230952067271e-01
1.480042268406868700e-01 1.242139590805491633e-01
1.510845027666047613e-01 1.325351389497447796e-01
1.542288856439409939e-01 1.411135187059744667e-01
1.574387096717475842e-01 1.502471368678468810e-01
1.607153368165349372e-01 1.599719314208395970e-01
1.640601573901705190e-01 1.703261664481695858e-01
1.674745906398046880e-01 1.813505826882221561e-01
1.709600853500741757e-01 1.930885578368580491e-01
1.745181204578385992e-01 2.055862772253392035e-01
1.781502056797110434e-01 2.188929155454393538e-01
1.818578821526486422e-01 2.330608303367696088e-01
1.856427230878753554e-01 2.481457679976349640e-01
1.895063344384143311e-01 2.640062350254445689e-01
1.934503555805126840e-01 2.806295822865211287e-01
1.974764600092484834e-01 2.982996308656013507e-01
2.015863560486145234e-01 3.170822870829892448e-01
2.057817875763805759e-01 3.370476070990444106e-01
2.100645347640413829e-01 3.582700582119214827e-01
2.144364148321648011e-01 3.808287966081145837e-01
2.188992828214597897e-01 4.048079626017678234e-01
2.234550323798925042e-01 4.302969944639490341e-01
2.281055965661834550e-01 4.573819100963085194e-01
2.328529486700275375e-01 4.861654890435135878e-01
2.376991030493841028e-01 5.167604523037440112e-01
2.426461159851931171e-01 5.492807924119617047e-01
2.476960865538796186e-01 5.838476755867771928e-01
2.528511575180167337e-01 6.205898931787575679e-01
2.581135162355253088e-01 6.596443415289051648e-01
2.634853955877961562e-01 7.011275076676781737e-01
2.689690749271278492e-01 7.450034584571232354e-01
2.745668810438831597e-01 7.916251281587833866e-01
2.802811891537738131e-01 8.411643414786599271e-01
2.861144239056928607e-01 8.938036757636961260e-01
2.920690604105219967e-01 9.497371338927136364e-01
2.981476252913505820e-01 1.009170859276279586e+00
3.043526977555517377e-01 1.072461361464680962e+00
3.106869106891708698e-01 1.139802486048009822e+00
3.171529517740905302e-01 1.211372039946456702e+00
3.237535646284456226e-01 1.287435531266449606e+00
3.304915499707733462e-01 1.368275139684243857e+00
3.373697668083914247e-01 1.454190763273620401e+00
3.443911336505087739e-01 1.545722848587919085e+00
3.515586297465838617e-01 1.643035592544416446e+00
3.588752963504552862e-01 1.746474771226900868e+00
3.663442380107827523e-01 1.856426081317288368e+00
3.739686238883428437e-01 1.973299501471765138e+00
3.817516891007428637e-01 2.097752538481386875e+00
3.896967360951185122e-01 2.230110162204223645e+00
3.978071360494027653e-01 2.370818885609315974e+00
4.060863303027552607e-01 2.520405621041721833e+00
4.145378318157649788e-01 2.679479697244210534e+00
4.231652266610403390e-01 2.848828118818204302e+00
4.319721755448220901e-01 3.028879695903728297e+00
4.409624153602658136e-01 3.220310889118723985e+00
4.501397607730483474e-01 3.423840912731395569e+00
4.595081058399779206e-01 3.640459156370174920e+00
4.690714256612865118e-01 3.870792757563190190e+00
4.788337780673142530e-01 4.115699676450412348e+00
4.887993053402931998e-01 4.376129007833904794e+00
4.989722359719687139e-01 4.653406458600312767e+00
5.093568864577977529e-01 4.948252583545642125e+00
5.199576631284887895e-01 5.261780557619913701e+00
5.307790640196620169e-01 5.595304160767851975e+00
5.418256807804173736e-01 5.950121675638558649e+00
5.531022006216277376e-01 6.327439391613935094e+00
5.646134083047763541e-01 6.728709266264527145e+00
5.763641881721900395e-01 7.155613583674130140e+00
5.883595262195214781e-01 7.609602931661078706e+00
6.006045122113689017e-01 8.092395725456768218e+00
6.131043418409223289e-01 8.606111253964247254e+00
6.258643189345570734e-01 9.152440611691730510e+00
6.388898577023131020e-01 9.733461350252076372e+00
6.521864850352057097e-01 1.035156461173261988e+01
6.657598428503537225e-01 1.100891923797489724e+01
6.796156904849094404e-01 1.170812249765342550e+01
6.937599071398169448e-01 1.245202901431375153e+01
7.081984943744236149e-01 1.324320159823979814e+01
7.229375786530161108e-01 1.408470733948664844e+01
7.379834139443505192e-01 1.497972118374926076e+01
7.533423843752851123e-01 1.593167431872964634e+01
7.690210069396433701e-01 1.694449256229801648e+01
7.850259342634492432e-01 1.802169831304121672e+01
8.013639574277185984e-01 1.916749664975398559e+01
8.180420088499924525e-01 2.038617504298671079e+01
8.350671652258471189e-01 2.168248238557444552e+01
8.524466505316175002e-01 2.306135431223011523e+01
8.701878390896189419e-01 2.452800931972948817e+01
8.882982586971583938e-01 2.608811041793017793e+01
9.067855938206671462e-01 2.774754772651265711e+01
9.256576888563147198e-01 2.951279413778027561e+01
9.449225514584753682e-01 3.139042930138705856e+01
9.645883559374751615e-01 3.338771324698835485e+01
9.846634467280448444e-01 3.551218502653196651e+01
1.005156341929967390e+00 3.777199266502893238e+01
1.026075736922404058e+00 4.017577870823111397e+01
1.047430508053451392e+00 4.273267060755083691e+01
1.069229716406479680e+00 4.545245401051970902e+01
1.091482611644857048e+00 4.834540645536362291e+01
1.114198635936694659e+00 5.142270007257377529e+01
1.137387427961266795e+00 5.469599573856942243e+01
1.161058826998822235e+00 5.817779960527717265e+01
1.185222877105502892e+00 6.188163485153117449e+01
1.209889831375160485e+00 6.582141337492610944e+01
1.235070156289862053e+00 7.001220204344362230e+01
1.260774536160947035e+00 7.447003413557445128e+01
1.287013877662505523e+00 7.921186342110038936e+01
1.313799314459207501e+00 8.425581043363979461e+01
1.341142211930455019e+00 8.962117401197566835e+01
1.369054171992841074e+00 9.532843951604864685e+01
1.397547038022987298e+00 1.013994009132044170e+02
1.426632899882822825e+00 1.078572288976895805e+02
1.456324099049463694e+00 1.147268108248919276e+02
1.486633233851841318e+00 1.220339866134705460e+02
1.517573164816328868e+00 1.559400150082136406e+03
1.549157020123613560e+00 inf
1.581398201179137208e+00 inf
1.614310388299477594e+00 inf
1.647907546517062949e+00 inf
1.682203931505708239e+00 inf
1.717214095629459480e+00 inf
1.752952894117343119e+00 inf
1.789435491366608399e+00 inf
1.826677367377168348e+00 inf
1.864694324319941865e+00 inf
1.903502493241907789e+00 inf
1.943118340910698461e+00 inf
1.983558676801640885e+00 inf
2.024840660230225353e+00 inf
2.066981807632997992e+00 inf
2.109999999999999876e+00 inf
