# k [Mpc^-1], sensitivity [mK^2], z=14.0, 94.7 MHz
3.500000000000000333e-02 inf
3.572842282756675397e-02 inf
3.647200564986839699e-02 inf
3.723106397794004319e-02 inf
3.800591988925806214e-02 inf
3.879690216440116746e-02 inf
3.960434642655615706e-02 inf
4.042859528392659524e-02 inf
4.126999847510574859e-02 inf
4.212891301747467149e-02 inf
4.300570335868902916e-02 inf
4.390074153131857948e-02 inf
4.481440731070487210e-02 inf
4.574708837610465956e-02 inf
4.669918047518661214e-02 inf
4.767108759195193973e-02 inf
4.866322211814942678e-02 inf
4.967600502825834929e-02 inf
5.070986605811275694e-02 inf
5.176524388724366293e-02 inf
5.284258632501594166e-02 inf
5.394235050063903719e-02 inf
5.506500305713256382e-02 inf
5.621102034932823344e-02 inf
5.738088864599311806e-02 inf
5.857510433615904094e-02 inf
5.979417413974657397e-02 inf
6.103861532257209149e-02 inf
6.230895591583001519e-02 inf
6.360573494014265528e-02 inf
6.492950263427293978e-02 inf
6.628082068859754428e-02 inf
6.766026248343849636e-02 inf
6.906841333235554103e-02 inf
7.050587073050135212e-02 inf
7.197324460814619185e-02 inf
7.347115758947816988e-02 inf
7.500024525679045706e-02 inf
7.656115642016625422e-02 inf
7.815455339277647961e-02 inf
7.978111227190747001e-02 inf
8.144152322583671222e-02 inf
8.313649078667982584e-02 inf
8.486673414933156023e-02 inf
8.663298747662909194e-02 inf
8.843600021086570062e-02 3.885856488641274420e-01
9.027653739178835568e-02 3.767781249811076871e-01
9.215537998121303698e-02 3.653293833141978419e-01
9.407332519439604024e-02 3.542285219435823418e-01
9.603118683830201563e-02 3.434649702140687988e-01
9.802979565691193053e-02 3.330284786693146759e-01
1.000699996837176586e-01 3.229091092919120776e-01
1.021526646015524509e-01 3.130972260400372020e-01
1.042786741099108044e-01 3.035834856716488894e-01
1.064489302999123421e-01 2.943588288475061376e-01
1.086643540370700461e-01 2.854144715045257019e-01
1.109258853520242866e-01 2.767418964912690127e-01
1.132344838394090808e-01 2.683328454575921729e-01
1.155911290650195183e-01 2.601793109907363788e-01
1.179968209814531294e-01 2.545651670391128607e-01
1.204525803524016392e-01 2.500068199047552064e-01
1.229594491857733396e-01 2.455300963830817640e-01
1.255184911758291388e-01 2.411335348885767504e-01
1.281307921545208894e-01 2.368157000074675167e-01
1.307974605522227440e-01 2.325751820290825056e-01
1.335196278680513826e-01 2.284105964856011917e-01
1.362984491499744655e-01 2.243205837000455394e-01
1.391351034849112878e-01 2.203038083423650151e-01
1.420307944990333859e-01 2.163589589934702961e-01
1.449867508684773432e-01 2.124847477170746235e-01
1.480042268406868700e-01 2.099002787499575362e-01
1.510845027666047613e-01 2.075214612554741878e-01
1.542288856439409939e-01 2.051696030995193987e-01
1.574387096717475842e-01 2.028443987496446055e-01
1.607153368165349372e-01 2.005455461360259872e-01
1.640601573901705190e-01 1.982727466122226334e-01
1.674745906398046880e-01 1.960257049163787180e-01
1.709600853500741757e-01 1.938041291328658211e-01
1.745181204578385992e-01 1.915954665365469656e-01
1.781502056797110434e-01 1.888949311740959480e-01
1.818578821526486422e-01 1.862324598189812330e-01
1.856427230878753554e-01 1.836075159595634276e-01
1.895063344384143311e-01 1.810195706463270382e-01
1.934503555805126840e-01 1.784681023852924819e-01
1.974764600092484834e-01 1.759525970329303135e-01
2.015863560486145234e-01 1.734725476925567944e-01
2.057817875763805759e-01 1.717221228625677443e-01
2.100645347640413829e-01 1.705790523161379857e-01
2.144364148321648011e-01 1.694435906336818343e-01
2.188992828214597897e-01 1.683156871666971754e-01
2.234550323798925042e-01 1.671952916038242642e-01
2.281055965661834550e-01 1.660823539686017147e-01
2.328529486700275375e-01 1.649709450861990279e-01
2.376991030493841028e-01 1.637698303993145865e-01
2.426461159851931171e-01 1.625774607462316945e-01
2.476960865538796186e-01 1.613937724564140919e-01
2.528511575180167337e-01 1.602187023228958118e-01
2.581135162355253088e-01 1.590521875989058531e-01
2.634853955877961562e-01 1.577907024332849961e-01
2.689690749271278492e-01 1.563389601590539912e-01
2.745668810438831597e-01 1.549005745376440535e-01
2.802811891537738131e-01 1.534754226821090084e-01
2.861144239056928607e-01 1.520633828361155904e-01
2.920690604105219967e-01 1.507596560140406494e-01
2.981476252913505820e-01 1.497955716201699039e-01
3.043526977555517377e-01 1.488376523950390717e-01
3.106869106891708698e-01 1.478858589133595081e-01
3.171529517740905302e-01 1.469401520019610052e-01
3.237535646284456226e-01 1.458937746867193241e-01
3.304915499707733462e-01 1.447832547772382461e-01
3.373697668083914247e-01 1.436811879664038338e-01
3.443911336505087739e-01 1.425875099105909094e-01
3.515586297465838617e-01 1.415059245263121102e-01
3.588752963504552862e-01 1.404388436997712486e-01
3.663442380107827523e-01 1.393798096139882980e-01
3.739686238883428437e-01 1.383287615893641076e-01
3.817516891007428637e-01 1.374605905877170076e-01
3.896967360951185122e-01 1.367815369499100486e-01
3.978071360494027653e-01 1.361058378287761661e-01
4.060863303027552607e-01 1.354334766530439771e-01
4.145378318157649788e-01 1.342822071877042001e-01
4.231652266610403390e-01 1.330810596747857566e-01
4.319721755448220901e-01 1.318906563652730290e-01
4.409624153602658136e-01 1.307592236553423715e-01
4.501397607730483474e-01 1.296784135568419538e-01
4.595081058399779206e-01 1.286065370573364341e-01
4.690714256612865118e-01 1.275696947781684853e-01
4.788337780673142530e-01 1.265791647417092991e-01
4.887993053402931998e-01 1.255963257932850574e-01
4.989722359719687139e-01 1.246874908163738693e-01
5.093568864577977529e-01 1.238616668147632105e-01
5.199576631284887895e-01 1.230413123696989103e-01
5.307790640196620169e-01 1.221710085360635939e-01
5.418256807804173736e-01 1.212819567107372570e-01
5.531022006216277376e-01 1.203952534448457928e-01
5.646134083047763541e-01 1.194546165562648254e-01
5.763641881721900395e-01 1.185213287759820933e-01
5.883595262195214781e-01 1.180091054851596932e-01
6.006045122113689017e-01 1.178067311176512616e-01
6.131043418409223289e-01 1.177875142542631065e-01
6.258643189345570734e-01 1.184814825436992791e-01
6.388898577023131020e-01 1.191795394837007749e-01
6.521864850352057097e-01 1.205265909856268747e-01
6.657598428503537225e-01 1.219260542012223086e-01
6.796156904849094404e-01 1.231376101148591029e-01
6.937599071398169448e-01 1.243058543710720415e-01
7.081984943744236149e-01 1.255453962061748863e-01
7.229375786530161108e-01 1.268207183819012041e-01
7.379834139443505192e-01 1.284172288515174620e-01
7.533423843752851123e-01 1.301435423352916287e-01
7.690210069396433701e-01 1.316436685784363736e-01
7.850259342634492432e-01 1.331095449824520882e-01
8.013639574277185984e-01 1.340437971469182199e-01
8.180420088499924525e-01 1.350653013119084145e-01
8.350671652258471189e-01 1.363546212782745237e-01
8.524466505316175002e-01 1.376040251273293047e-01
8.701878390896189419e-01 1.388190582152380448e-01
8.882982586971583938e-01 1.405039594398110603e-01
9.067855938206671462e-01 1.422303449759164395e-01
9.256576888563147198e-01 1.438891865033237183e-01
9.449225514584753682e-01 1.452448009656265582e-01
9.645883559374751615e-01 1.466692168302076438e-01
9.846634467280448444e-01 1.485667564938574214e-01
1.005156341929967390e+00 1.504542741397832673e-01
1.026075736922404058e+00 1.523010312769298435e-01
1.047430508053451392e+00 1.540855419339905164e-01
1.069229716406479680e+00 1.558699139498131714e-01
1.091482611644857048e+00 1.576600428881420046e-01
1.114198635936694659e+00 1.594561291789059199e-01
1.137387427961266795e+00 1.612576731624496273e-01
1.161058826998822235e+00 1.630628248901675459e-01
1.185222877105502892e+00 inf
1.209889831375160485e+00 inf
1.235070156289862053e+00 inf
1.260774536160947035e+00 inf
1.287013877662505523e+00 inf
1.313799314459207501e+00 inf
1.341142211930455019e+00 inf
1.369054171992841074e+00 inf
1.397547038022987298e+00 inf
1.426632899882822825e+00 inf
1.456324099049463694e+00 inf
1.486633233851841318e+00 inf
1.517573164816328868e+00 inf
1.549157020123613560e+00 inf
1.581398201179137208e+00 inf
1.614310388299477594e+00 inf
1.647907546517062949e+00 inf
1.682203931505708239e+00 inf
1.717214095629459480e+00 inf
1.752952894117343119e+00 inf
1.789435491366608399e+00 inf
1.826677367377168348e+00 inf
1.864694324319941865e+00 inf
1.903502493241907789e+00 inf
1.943118340910698461e+00 inf
1.983558676801640885e+00 inf
2.024840660230225353e+00 inf
2.066981807632997992e+00 inf
2.109999999999999876e+00 inf
