# k [Mpc^-1], sensitivity [mK^2], z=10.0, 129.1 MHz
3.500000000000000333e-02 inf
3.572842282756675397e-02 inf
3.647200564986839699e-02 inf
3.723106397794004319e-02 inf
3.800591988925806214e-02 inf
3.879690216440116746e-02 inf
3.960434642655615706e-02 inf
4.042859528392659524e-02 inf
4.126999847510574859e-02 inf
4.212891301747467149e-02 inf
4.300570335868902916e-02 inf
4.390074153131857948e-02 inf
4.481440731070487210e-02 inf
4.574708837610465956e-02 inf
4.669918047518661214e-02 inf
4.767108759195193973e-02 inf
4.866322211814942678e-02 inf
4.967600502825834929e-02 inf
5.070986605811275694e-02 inf
5.176524388724366293e-02 inf
5.284258632501594166e-02 inf
5.394235050063903719e-02 inf
5.506500305713256382e-02 inf
5.621102034932823344e-02 inf
5.738088864599311806e-02 inf
5.857510433615904094e-02 inf
5.979417413974657397e-02 inf
6.103861532257209149e-02 inf
6.230895591583001519e-02 inf
6.360573494014265528e-02 inf
6.492950263427293978e-02 inf
6.628082068859754428e-02 inf
6.766026248343849636e-02 inf
6.906841333235554103e-02 inf
7.050587073050135212e-02 inf
7.197324460814619185e-02 inf
7.347115758947816988e-02 inf
7.500024525679045706e-02 inf
7.656115642016625422e-02 inf
7.815455339277647961e-02 inf
7.978111227190747001e-02 inf
8.144152322583671222e-02 inf
8.313649078667982584e-02 inf
8.486673414933156023e-02 inf
8.663298747662909194e-02 inf
8.843600021086570062e-02 inf
9.027653739178835568e-02 inf
9.215537998121303698e-02 inf
9.407332519439604024e-02 inf
9.603118683830201563e-02 inf
9.802979565691193053e-02 inf
1.000699996837176586e-01 inf
1.021526646015524509e-01 7.390975049864259017e-01
1.042786741099108044e-01 7.420834194669391204e-01
1.064489302999123421e-01 7.450813968826194289e-01
1.086643540370700461e-01 7.480914859670815265e-01
1.109258853520242866e-01 7.511137356508208462e-01
1.132344838394090808e-01 7.541481950620094743e-01
1.155911290650195183e-01 7.571949135272948439e-01
1.179968209814531294e-01 7.602539405726014277e-01
1.204525803524016392e-01 7.633253259239355382e-01
1.229594491857733396e-01 7.664091195081941255e-01
1.255184911758291388e-01 7.695053714539761280e-01
1.281307921545208894e-01 7.726141320923972655e-01
1.307974605522227440e-01 7.757354519579083840e-01
1.335196278680513826e-01 7.788693817891165772e-01
1.362984491499744655e-01 7.855874903759417771e-01
1.391351034849112878e-01 8.083037688990248881e-01
1.420307944990333859e-01 8.316769180014643714e-01
1.449867508684773432e-01 8.557259319457920510e-01
1.480042268406868700e-01 8.804703542382130710e-01
1.510845027666047613e-01 9.059302935106949839e-01
1.542288856439409939e-01 9.321264398623116954e-01
1.574387096717475842e-01 9.590800816731165357e-01
1.607153368165349372e-01 9.868131229042108599e-01
1.640601573901705190e-01 1.015348100898066264e+00
1.674745906398046880e-01 1.044708204693566289e+00
1.709600853500741757e-01 1.080353871126937815e+00
1.745181204578385992e-01 1.127586653011458440e+00
1.781502056797110434e-01 1.176884439469178867e+00
1.818578821526486422e-01 1.228337511946949734e+00
1.856427230878753554e-01 1.282040098972297315e+00
1.895063344384143311e-01 1.338090548718733563e+00
1.934503555805126840e-01 1.396591509115574947e+00
1.974764600092484834e-01 1.457650115832113791e+00
2.015863560486145234e-01 1.521378188480409621e+00
2.057817875763805759e-01 1.592899957503271624e+00
2.100645347640413829e-01 1.673002674100577680e+00
2.144364148321648011e-01 1.757133543989021440e+00
2.188992828214597897e-01 1.845495132320274401e+00
2.234550323798925042e-01 1.938300190710551263e+00
2.281055965661834550e-01 2.035772169490910333e+00
2.328529486700275375e-01 2.138145755717263174e+00
2.376991030493841028e-01 2.245828143141129996e+00
2.426461159851931171e-01 2.367983063220916229e+00
2.476960865538796186e-01 2.496782224778070436e+00
2.528511575180167337e-01 2.632587020909004760e+00
2.581135162355253088e-01 2.775778501576993129e+00
2.634853955877961562e-01 2.926758442787042114e+00
2.689690749271278492e-01 3.085950473915235026e+00
2.745668810438831597e-01 3.260232513684378830e+00
2.802811891537738131e-01 3.450255653058142524e+00
2.861144239056928607e-01 3.651354319513456570e+00
2.920690604105219967e-01 3.864174051801750664e+00
2.981476252913505820e-01 4.089398013997072034e+00
3.043526977555517377e-01 4.327749188493636545e+00
3.106869106891708698e-01 4.589919444200706522e+00
3.171529517740905302e-01 4.870321797848231604e+00
3.237535646284456226e-01 5.167854186322490939e+00
3.304915499707733462e-01 5.483563099031826482e+00
3.373697668083914247e-01 5.818558956374372038e+00
3.443911336505087739e-01 6.180881133291351581e+00
3.515586297465838617e-01 6.568850548397473510e+00
3.588752963504552862e-01 6.981172521627877714e+00
3.663442380107827523e-01 7.419375645351217408e+00
3.739686238883428437e-01 7.885337176923038705e+00
3.817516891007428637e-01 8.383843301747351262e+00
3.896967360951185122e-01 8.913864674545401101e+00
3.978071360494027653e-01 9.477393669744301974e+00
4.060863303027552607e-01 1.007654861844646277e+01
4.145378318157649788e-01 1.071411341194147049e+01
4.231652266610403390e-01 1.139211686338656015e+01
4.319721755448220901e-01 1.211302528162610059e+01
4.409624153602658136e-01 1.287955375044281503e+01
4.501397607730483474e-01 1.369503388857169490e+01
4.595081058399779206e-01 1.456216367426056735e+01
4.690714256612865118e-01 1.548419760048289184e+01
4.788337780673142530e-01 1.646479585407408663e+01
4.887993053402931998e-01 1.750783017545939657e+01
4.989722359719687139e-01 1.861694005619142800e+01
5.093568864577977529e-01 1.979633234351610938e+01
5.199576631284887895e-01 2.105162426458486991e+01
5.307790640196620169e-01 2.238651465772198534e+01
5.418256807804173736e-01 2.380605088812529857e+01
5.531022006216277376e-01 2.531651238913391566e+01
5.646134083047763541e-01 2.692293623294589722e+01
5.763641881721900395e-01 2.863129345234700907e+01
5.883595262195214781e-01 3.044938451498153853e+01
6.006045122113689017e-01 3.238301158431675475e+01
6.131043418409223289e-01 3.443962791980742821e+01
6.258643189345570734e-01 3.662790718817347368e+01
6.388898577023131020e-01 3.895522878787694765e+01
6.521864850352057097e-01 4.143108880246735026e+01
6.657598428503537225e-01 4.406489924039665596e+01
6.796156904849094404e-01 4.686621184349095870e+01
6.937599071398169448e-01 4.984693115436935784e+01
7.081984943744236149e-01 5.301722600934996166e+01
7.229375786530161108e-01 5.638957488742218516e+01
7.379834139443505192e-01 5.997664133502183148e+01
7.533423843752851123e-01 6.379220166890179655e+01
7.690210069396433701e-01 6.785094752984005595e+01
7.850259342634492432e-01 7.216816493245174513e+01
8.013639574277185984e-01 7.676076611480648637e+01
8.180420088499924525e-01 8.164573722861612737e+01
8.350671652258471189e-01 8.684204017974668943e+01
8.524466505316175002e-01 9.236920377965134321e+01
8.701878390896189419e-01 9.824869732332619776e+01
8.882982586971583938e-01 1.045026412571583023e+02
9.067855938206671462e-01 1.111551563531356948e+02
9.256576888563147198e-01 1.182315468217492480e+02
9.449225514584753682e-01 1.257588736474381363e+02
9.645883559374751615e-01 1.337659696816693895e+02
9.846634467280448444e-01 1.422831101946101455e+02
1.005156341929967390e+00 1.513430789624453610e+02
1.026075736922404058e+00 1.609802196935816596e+02
1.047430508053451392e+00 1.712315267518605424e+02
1.069229716406479680e+00 1.821362994963182302e+02
1.091482611644857048e+00 1.937358514986249531e+02
1.114198635936694659e+00 2.060745293640239879e+02
1.137387427961266795e+00 2.191995417966462298e+02
1.161058826998822235e+00 2.331608713935121102e+02
1.185222877105502892e+00 2.480119177378517179e+02
1.209889831375160485e+00 2.638095003449610090e+02
1.235070156289862053e+00 2.806137916202299607e+02
1.260774536160947035e+00 2.984889819849742025e+02
1.287013877662505523e+00 3.175034019917291062e+02
1.313799314459207501e+00 3.377296491671881995e+02
1.341142211930455019e+00 3.592448886881489329e+02
1.369054171992841074e+00 inf
1.397547038022987298e+00 inf
1.426632899882822825e+00 inf
1.456324099049463694e+00 inf
1.486633233851841318e+00 inf
1.517573164816328868e+00 inf
1.549157020123613560e+00 inf
1.581398201179137208e+00 inf
1.614310388299477594e+00 inf
1.647907546517062949e+00 inf
1.682203931505708239e+00 inf
1.717214095629459480e+00 inf
1.752952894117343119e+00 inf
1.789435491366608399e+00 inf
1.826677367377168348e+00 inf
1.864694324319941865e+00 inf
1.903502493241907789e+00 inf
1.943118340910698461e+00 inf
1.983558676801640885e+00 inf
2.024840660230225353e+00 inf
2.066981807632997992e+00 inf
2.109999999999999876e+00 inf
