# k [Mpc^-1], sensitivity [mK^2], z=6.5, 189.4 MHz
3.500000000000000333e-02 inf
3.572842282756675397e-02 inf
3.647200564986839699e-02 inf
3.723106397794004319e-02 inf
3.800591988925806214e-02 inf
3.879690216440116746e-02 inf
3.960434642655615706e-02 inf
4.042859528392659524e-02 inf
4.126999847510574859e-02 inf
4.212891301747467149e-02 inf
4.300570335868902916e-02 inf
4.390074153131857948e-02 inf
4.481440731070487210e-02 inf
4.574708837610465956e-02 inf
4.669918047518661214e-02 inf
4.767108759195193973e-02 inf
4.866322211814942678e-02 inf
4.967600502825834929e-02 inf
5.070986605811275694e-02 inf
5.176524388724366293e-02 inf
5.284258632501594166e-02 inf
5.394235050063903719e-02 inf
5.506500305713256382e-02 inf
5.621102034932823344e-02 inf
5.738088864599311806e-02 inf
5.857510433615904094e-02 inf
5.979417413974657397e-02 inf
6.103861532257209149e-02 inf
6.230895591583001519e-02 inf
6.360573494014265528e-02 inf
6.492950263427293978e-02 inf
6.628082068859754428e-02 inf
6.766026248343849636e-02 inf
6.906841333235554103e-02 inf
7.050587073050135212e-02 inf
7.197324460814619185e-02 inf
7.347115758947816988e-02 inf
7.500024525679045706e-02 inf
7.656115642016625422e-02 inf
7.815455339277647961e-02 inf
7.978111227190747001e-02 inf
8.144152322583671222e-02 inf
8.313649078667982584e-02 inf
8.486673414933156023e-02 inf
8.663298747662909194e-02 inf
8.843600021086570062e-02 inf
9.027653739178835568e-02 inf
9.215537998121303698e-02 inf
9.407332519439604024e-02 inf
9.603118683830201563e-02 inf
9.802979565691193053e-02 inf
1.000699996837176586e-01 inf
1.021526646015524509e-01 inf
1.042786741099108044e-01 inf
1.064489302999123421e-01 inf
1.086643540370700461e-01 inf
1.109258853520242866e-01 inf
1.132344838394090808e-01 inf
1.155911290650195183e-01 inf
1.179968209814531294e-01 inf
1.204525803524016392e-01 inf
1.229594491857733396e-01 inf
1.255184911758291388e-01 6.930686382292602921e-02
1.281307921545208894e-01 7.087951016907456658e-02
1.307974605522227440e-01 7.248784153101567318e-02
1.335196278680513826e-01 7.413266763965624395e-02
1.362984491499744655e-01 7.581481659955745245e-02
1.391351034849112878e-01 7.753513530585241786e-02
1.420307944990333859e-01 7.929448987062420739e-02
1.449867508684773432e-01 8.109376605895890489e-02
1.480042268406868700e-01 8.293386973489326464e-02
1.510845027666047613e-01 8.481572731748085459e-02
1.542288856439409939e-01 8.674028624720757363e-02
1.574387096717475842e-01 8.870851546299017565e-02
1.607153368165349372e-01 9.072140588999846877e-02
1.640601573901705190e-01 9.277997093854666033e-02
1.674745906398046880e-01 9.609846054290291373e-02
1.709600853500741757e-01 9.981736724209641642e-02
1.745181204578385992e-01 1.036801916165489140e-01
1.781502056797110434e-01 1.076925031249555548e-01
1.818578821526486422e-01 1.118600867580514663e-01
1.856427230878753554e-01 1.161889513794692602e-01
1.895063344384143311e-01 1.206853383893784215e-01
1.934503555805126840e-01 1.253557307233983675e-01
1.974764600092484834e-01 1.302068621997597153e-01
2.015863560486145234e-01 1.352457272281903378e-01
2.057817875763805759e-01 1.404795908945252192e-01
2.100645347640413829e-01 1.467840940212603584e-01
2.144364148321648011e-01 1.533853831146881064e-01
2.188992828214597897e-01 1.602835505448700903e-01
2.234550323798925042e-01 1.674919477565902648e-01
2.281055965661834550e-01 1.750245266462512328e-01
2.328529486700275375e-01 1.828958665658538540e-01
2.376991030493841028e-01 1.911212025414215643e-01
2.426461159851931171e-01 1.997164547604852181e-01
2.476960865538796186e-01 2.088791155387036136e-01
2.528511575180167337e-01 2.196908149956862677e-01
2.581135162355253088e-01 2.310621340433906823e-01
2.634853955877961562e-01 2.430220389037847373e-01
2.689690749271278492e-01 2.556009951066323671e-01
2.745668810438831597e-01 2.688310450944999541e-01
2.802811891537738131e-01 2.827458898446431612e-01
2.861144239056928607e-01 2.973809747156866412e-01
2.920690604105219967e-01 3.136943679887895797e-01
2.981476252913505820e-01 3.314264240367072456e-01
3.043526977555517377e-01 3.501608117927215158e-01
3.106869106891708698e-01 3.699541895964144622e-01
3.171529517740905302e-01 3.908664184870524472e-01
3.237535646284456226e-01 4.129607432411039336e-01
3.304915499707733462e-01 4.365158129918290109e-01
3.373697668083914247e-01 4.625281557322362680e-01
3.443911336505087739e-01 4.900905957536716429e-01
3.515586297465838617e-01 5.192955046508288541e-01
3.588752963504552862e-01 5.502407585190610684e-01
3.663442380107827523e-01 5.830300659721855405e-01
3.739686238883428437e-01 6.182523211950131659e-01
3.817516891007428637e-01 6.562249239319750682e-01
3.896967360951185122e-01 6.965297759936647237e-01
3.978071360494027653e-01 7.393101224178389996e-01
4.060863303027552607e-01 7.847180062470876516e-01
4.145378318157649788e-01 8.332321937121338618e-01
4.231652266610403390e-01 8.854163322966648320e-01
4.319721755448220901e-01 9.408686887205428562e-01
4.409624153602658136e-01 9.997939467849250583e-01
4.501397607730483474e-01 1.062409609344193928e+00
4.595081058399779206e-01 1.129153619351343396e+00
4.690714256612865118e-01 1.200181578812710592e+00
4.788337780673142530e-01 1.275677460918780204e+00
4.887993053402931998e-01 1.355922314610140900e+00
4.989722359719687139e-01 1.441312568128574112e+00
5.093568864577977529e-01 1.532191348927582020e+00
5.199576631284887895e-01 1.628800290541209561e+00
5.307790640196620169e-01 1.731500695604387019e+00
5.418256807804173736e-01 1.840690143030961012e+00
5.531022006216277376e-01 1.956774804928767875e+00
5.646134083047763541e-01 2.080180443026151238e+00
5.763641881721900395e-01 2.211368760804337530e+00
5.883595262195214781e-01 2.350935073947914677e+00
6.006045122113689017e-01 2.499309874539484611e+00
6.131043418409223289e-01 2.657049068769381517e+00
6.258643189345570734e-01 2.824829964460580545e+00
6.388898577023131020e-01 3.003254806660832887e+00
6.521864850352057097e-01 3.192949503937213773e+00
6.657598428503537225e-01 3.394814033799588238e+00
6.796156904849094404e-01 3.609627593245473332e+00
6.937599071398169448e-01 3.838033904713237021e+00
7.081984943744236149e-01 4.081037202392701069e+00
7.229375786530161108e-01 4.339539873148178017e+00
7.379834139443505192e-01 4.614416722200425092e+00
7.533423843752851123e-01 4.906976664590218640e+00
7.690210069396433701e-01 5.218157921149854772e+00
7.850259342634492432e-01 5.549110656057801627e+00
8.013639574277185984e-01 5.901242814483502741e+00
8.180420088499924525e-01 6.275720365654640531e+00
8.350671652258471189e-01 6.674125576670753901e+00
8.524466505316175002e-01 7.097903636987503262e+00
8.701878390896189419e-01 7.548671995649842259e+00
8.882982586971583938e-01 8.028257121624317705e+00
9.067855938206671462e-01 8.538321710206044912e+00
9.256576888563147198e-01 9.080973028617263410e+00
9.449225514584753682e-01 9.658112442390512697e+00
9.645883559374751615e-01 1.027189717961976534e+01
9.846634467280448444e-01 1.092468454323787874e+01
1.005156341929967390e+00 1.161934930368090768e+01
1.026075736922404058e+00 1.235826918515812523e+01
1.047430508053451392e+00 1.314410339501965019e+01
1.069229716406479680e+00 1.397989278778545952e+01
1.091482611644857048e+00 1.486898367940159993e+01
1.114198635936694659e+00 1.581465970184481051e+01
1.137387427961266795e+00 1.682074002232721099e+01
1.161058826998822235e+00 1.789081376066850737e+01
1.185222877105502892e+00 1.902894118345603403e+01
1.209889831375160485e+00 2.023963873255763346e+01
1.235070156289862053e+00 2.152746370666751474e+01
1.260774536160947035e+00 2.289736988381232763e+01
1.287013877662505523e+00 2.435447794524864307e+01
1.313799314459207501e+00 2.590435368240342839e+01
1.341142211930455019e+00 2.755308815588334070e+01
1.369054171992841074e+00 2.930683632608753442e+01
1.397547038022987298e+00 3.117228086552367117e+01
1.426632899882822825e+00 3.315665817080373046e+01
1.456324099049463694e+00 3.526743029778499050e+01
1.486633233851841318e+00 3.751266310164195517e+01
1.517573164816328868e+00 3.990103123701928212e+01
1.549157020123613560e+00 4.244144410729460759e+01
1.581398201179137208e+00 4.514371322180658552e+01
1.614310388299477594e+00 4.801817742928214017e+01
1.647907546517062949e+00 5.902026790759646246e+01
1.682203931505708239e+00 inf
1.717214095629459480e+00 inf
1.752952894117343119e+00 inf
1.789435491366608399e+00 inf
1.826677367377168348e+00 inf
1.864694324319941865e+00 inf
1.903502493241907789e+00 inf
1.943118340910698461e+00 inf
1.983558676801640885e+00 inf
2.024840660230225353e+00 inf
2.066981807632997992e+00 inf
2.109999999999999876e+00 inf
