# k [Mpc^-1], sensitivity [mK^2], z=8.0, 157.8 MHz
3.500000000000000333e-02 inf
3.572842282756675397e-02 inf
3.647200564986839699e-02 inf
3.723106397794004319e-02 inf
3.800591988925806214e-02 inf
3.879690216440116746e-02 inf
3.960434642655615706e-02 inf
4.042859528392659524e-02 inf
4.126999847510574859e-02 inf
4.212891301747467149e-02 inf
4.300570335868902916e-02 inf
4.390074153131857948e-02 inf
4.481440731070487210e-02 inf
4.574708837610465956e-02 inf
4.669918047518661214e-02 inf
4.767108759195193973e-02 inf
4.866322211814942678e-02 inf
4.967600502825834929e-02 inf
5.070986605811275694e-02 inf
5.176524388724366293e-02 inf
5.284258632501594166e-02 inf
5.394235050063903719e-02 inf
5.506500305713256382e-02 inf
5.621102034932823344e-02 inf
5.738088864599311806e-02 inf
5.857510433615904094e-02 inf
5.979417413974657397e-02 inf
6.103861532257209149e-02 inf
6.230895591583001519e-02 inf
6.360573494014265528e-02 inf
6.492950263427293978e-02 inf
6.628082068859754428e-02 inf
6.766026248343849636e-02 inf
6.906841333235554103e-02 inf
7.050587073050135212e-02 inf
7.197324460814619185e-02 inf
7.347115758947816988e-02 inf
7.500024525679045706e-02 inf
7.656115642016625422e-02 inf
7.815455339277647961e-02 inf
7.978111227190747001e-02 inf
8.144152322583671222e-02 inf
8.313649078667982584e-02 inf
8.486673414933156023e-02 inf
8.663298747662909194e-02 inf
8.843600021086570062e-02 inf
9.027653739178835568e-02 inf
9.215537998121303698e-02 inf
9.407332519439604024e-02 inf
9.603118683830201563e-02 inf
9.802979565691193053e-02 inf
1.000699996837176586e-01 inf
1.021526646015524509e-01 inf
1.042786741099108044e-01 inf
1.064489302999123421e-01 inf
1.086643540370700461e-01 inf
1.109258853520242866e-01 inf
1.132344838394090808e-01 1.055872208642994803e+00
1.155911290650195183e-01 1.045657156028329648e+00
1.179968209814531294e-01 1.035540929103995422e+00
1.204525803524016392e-01 1.025522571779266201e+00
1.229594491857733396e-01 1.015601137213131278e+00
1.255184911758291388e-01 1.005775687724807854e+00
1.281307921545208894e-01 9.960452947051222639e-01
1.307974605522227440e-01 9.864090385287437313e-01
1.335196278680513826e-01 9.768660084672722288e-01
1.362984491499744655e-01 9.674153026031641067e-01
1.391351034849112878e-01 9.580560277444913897e-01
1.420307944990333859e-01 9.487872993405259692e-01
1.449867508684773432e-01 9.396082413981395876e-01
1.480042268406868700e-01 9.305179863990137301e-01
1.510845027666047613e-01 9.213916645202535616e-01
1.542288856439409939e-01 9.120583392367397346e-01
1.574387096717475842e-01 9.028195567673213962e-01
1.607153368165349372e-01 8.936743594314907613e-01
1.640601573901705190e-01 8.846217992496566707e-01
1.674745906398046880e-01 8.756609378448779735e-01
1.709600853500741757e-01 8.667908463455931134e-01
1.745181204578385992e-01 8.580106052893340385e-01
1.781502056797110434e-01 8.493193045274158859e-01
1.818578821526486422e-01 8.407160431305923387e-01
1.856427230878753554e-01 8.321999292956663297e-01
1.895063344384143311e-01 8.225844149246601678e-01
1.934503555805126840e-01 8.117051881950055892e-01
1.974764600092484834e-01 8.009698464844297039e-01
2.015863560486145234e-01 7.903764868177275416e-01
2.057817875763805759e-01 7.799232313878086131e-01
2.100645347640413829e-01 7.696082272228320642e-01
2.144364148321648011e-01 7.594296458577431963e-01
2.188992828214597897e-01 7.493856830101559563e-01
2.234550323798925042e-01 7.394745582605201095e-01
2.281055965661834550e-01 7.283752241081212775e-01
2.328529486700275375e-01 7.166078949277034926e-01
2.376991030493841028e-01 7.050306738556577635e-01
2.426461159851931171e-01 6.936404895839317630e-01
2.476960865538796186e-01 6.824343204232565796e-01
2.528511575180167337e-01 6.714091935015271684e-01
2.581135162355253088e-01 6.605621839751317781e-01
2.634853955877961562e-01 6.497747209795844414e-01
2.689690749271278492e-01 6.383671336267295882e-01
2.745668810438831597e-01 6.271598203765929025e-01
2.802811891537738131e-01 6.161492651731511616e-01
2.861144239056928607e-01 6.053320136890312231e-01
2.920690604105219967e-01 5.947046722417883569e-01
2.981476252913505820e-01 5.842639067292096922e-01
3.043526977555517377e-01 5.739600136365329286e-01
3.106869106891708698e-01 5.638124471876332366e-01
3.171529517740905302e-01 5.538442888898037486e-01
3.237535646284456226e-01 5.440523668214976016e-01
3.304915499707733462e-01 5.344335651404826804e-01
3.373697668083914247e-01 5.249848230923653825e-01
3.443911336505087739e-01 5.157049487846778746e-01
3.515586297465838617e-01 5.065892557580887745e-01
3.588752963504552862e-01 4.976346933538660089e-01
3.663442380107827523e-01 4.888384133982731639e-01
3.739686238883428437e-01 4.801976180624036861e-01
3.817516891007428637e-01 4.722717137991130354e-01
3.896967360951185122e-01 4.646069506765480028e-01
3.978071360494027653e-01 4.570665833033120684e-01
4.060863303027552607e-01 4.496485927908627778e-01
4.145378318157649788e-01 4.422745279342811253e-01
4.231652266610403390e-01 4.346842234244013281e-01
4.319721755448220901e-01 4.272241835327935111e-01
4.409624153602658136e-01 4.198921726613003003e-01
4.501397607730483474e-01 4.126859935790453404e-01
4.595081058399779206e-01 4.053885284693471980e-01
4.690714256612865118e-01 3.982108815602189988e-01
4.788337780673142530e-01 3.911603191923000433e-01
4.887993053402931998e-01 3.842047102089419797e-01
4.989722359719687139e-01 3.769963187587116460e-01
5.093568864577977529e-01 3.699231700733902062e-01
5.199576631284887895e-01 3.629827267484008746e-01
5.307790640196620169e-01 3.564626055862981646e-01
5.418256807804173736e-01 3.503753337779766941e-01
5.531022006216277376e-01 3.443920136254184361e-01
5.646134083047763541e-01 3.387539486472125327e-01
5.763641881721900395e-01 3.348847420907908323e-01
5.883595262195214781e-01 3.310597291428454270e-01
6.006045122113689017e-01 3.272784050293347513e-01
6.131043418409223289e-01 3.243419073930034480e-01
6.258643189345570734e-01 3.214382077158052797e-01
6.388898577023131020e-01 3.184093989427772553e-01
6.521864850352057097e-01 3.125053690125397243e-01
6.657598428503537225e-01 3.067108131415881567e-01
6.796156904849094404e-01 3.011871782799430686e-01
6.937599071398169448e-01 2.961889924193268353e-01
7.081984943744236149e-01 2.912737511981203786e-01
7.229375786530161108e-01 2.861231659445826470e-01
7.379834139443505192e-01 2.808955029816566085e-01
7.533423843752851123e-01 2.759476610575544164e-01
7.690210069396433701e-01 2.720471150649899084e-01
7.850259342634492432e-01 2.682017036547655331e-01
8.013639574277185984e-01 2.663624221257957503e-01
8.180420088499924525e-01 2.650524616782401477e-01
8.350671652258471189e-01 2.645773291010498629e-01
8.524466505316175002e-01 2.648329493353993036e-01
8.701878390896189419e-01 2.651666717036438858e-01
8.882982586971583938e-01 2.656314138191414043e-01
9.067855938206671462e-01 2.661992000702870786e-01
9.256576888563147198e-01 2.669988220640767684e-01
9.449225514584753682e-01 2.680991029641524026e-01
9.645883559374751615e-01 2.698243779775670315e-01
9.846634467280448444e-01 2.712028358350274670e-01
1.005156341929967390e+00 2.720960929959994057e-01
1.026075736922404058e+00 2.736471141610229418e-01
1.047430508053451392e+00 2.756661692330862334e-01
1.069229716406479680e+00 2.763722647045470104e-01
1.091482611644857048e+00 2.768494913349188180e-01
1.114198635936694659e+00 2.777123549200342101e-01
1.137387427961266795e+00 2.790430006865645685e-01
1.161058826998822235e+00 2.808980595364564126e-01
1.185222877105502892e+00 2.825488973465910547e-01
1.209889831375160485e+00 2.842859573534113338e-01
1.235070156289862053e+00 2.862382916821891166e-01
1.260774536160947035e+00 2.884859732150080180e-01
1.287013877662505523e+00 2.906679405878063172e-01
1.313799314459207501e+00 2.926619226138028051e-01
1.341142211930455019e+00 2.945786256842260475e-01
1.369054171992841074e+00 2.965443599200613956e-01
1.397547038022987298e+00 2.985639070647195803e-01
1.426632899882822825e+00 3.006409136368968227e-01
1.456324099049463694e+00 3.031740910865290961e-01
1.486633233851841318e+00 3.054262356056982042e-01
1.517573164816328868e+00 5.377694097285063979e-01
1.549157020123613560e+00 inf
1.581398201179137208e+00 inf
1.614310388299477594e+00 inf
1.647907546517062949e+00 inf
1.682203931505708239e+00 inf
1.717214095629459480e+00 inf
1.752952894117343119e+00 inf
1.789435491366608399e+00 inf
1.826677367377168348e+00 inf
1.864694324319941865e+00 inf
1.903502493241907789e+00 inf
1.943118340910698461e+00 inf
1.983558676801640885e+00 inf
2.024840660230225353e+00 inf
2.066981807632997992e+00 inf
2.109999999999999876e+00 inf
