# k [Mpc^-1], sensitivity [mK^2], z=11.0, 118.4 MHz
3.500000000000000333e-02 inf
3.572842282756675397e-02 inf
3.647200564986839699e-02 inf
3.723106397794004319e-02 inf
3.800591988925806214e-02 inf
3.879690216440116746e-02 inf
3.960434642655615706e-02 inf
4.042859528392659524e-02 inf
4.126999847510574859e-02 inf
4.212891301747467149e-02 inf
4.300570335868902916e-02 inf
4.390074153131857948e-02 inf
4.481440731070487210e-02 inf
4.574708837610465956e-02 inf
4.669918047518661214e-02 inf
4.767108759195193973e-02 inf
4.866322211814942678e-02 inf
4.967600502825834929e-02 inf
5.070986605811275694e-02 inf
5.176524388724366293e-02 inf
5.284258632501594166e-02 inf
5.394235050063903719e-02 inf
5.506500305713256382e-02 inf
5.621102034932823344e-02 inf
5.738088864599311806e-02 inf
5.857510433615904094e-02 inf
5.979417413974657397e-02 inf
6.103861532257209149e-02 inf
6.230895591583001519e-02 inf
6.360573494014265528e-02 inf
6.492950263427293978e-02 inf
6.628082068859754428e-02 inf
6.766026248343849636e-02 inf
6.906841333235554103e-02 inf
7.050587073050135212e-02 inf
7.197324460814619185e-02 inf
7.347115758947816988e-02 inf
7.500024525679045706e-02 inf
7.656115642016625422e-02 inf
7.815455339277647961e-02 inf
7.978111227190747001e-02 inf
8.144152322583671222e-02 inf
8.313649078667982584e-02 inf
8.486673414933156023e-02 inf
8.663298747662909194e-02 inf
8.843600021086570062e-02 inf
9.027653739178835568e-02 inf
9.215537998121303698e-02 inf
9.407332519439604024e-02 inf
9.603118683830201563e-02 inf
9.802979565691193053e-02 1.557113981526347724e+00
1.000699996837176586e-01 1.546793887207605023e+00
1.021526646015524509e-01 1.536542191444145944e+00
1.042786741099108044e-01 1.526358440910426495e+00
1.064489302999123421e-01 1.516242185285411992e+00
1.086643540370700461e-01 1.506192977232663655e+00
1.109258853520242866e-01 1.496210372380556652e+00
1.132344838394090808e-01 1.486293929302630934e+00
1.155911290650195183e-01 1.476443209498071729e+00
1.179968209814531294e-01 1.466657777372318616e+00
1.204525803524016392e-01 1.456937200217804707e+00
1.229594491857733396e-01 1.447281048194820618e+00
1.255184911758291388e-01 1.437688894312509236e+00
1.281307921545208894e-01 1.428160314409983700e+00
1.307974605522227440e-01 1.430563670467130288e+00
1.335196278680513826e-01 1.462608681264746524e+00
1.362984491499744655e-01 1.495371508918905690e+00
1.391351034849112878e-01 1.528868232720165476e+00
1.420307944990333859e-01 1.563115292139514612e+00
1.449867508684773432e-01 1.598129494896511238e+00
1.480042268406868700e-01 1.633928025208150503e+00
1.510845027666047613e-01 1.670528452222507454e+00
1.542288856439409939e-01 1.707948738641297259e+00
1.574387096717475842e-01 1.746207249535582262e+00
1.607153368165349372e-01 1.785322761358954180e+00
1.640601573901705190e-01 1.840324890129815705e+00
1.674745906398046880e-01 1.915629402391886060e+00
1.709600853500741757e-01 1.994015310551736420e+00
1.745181204578385992e-01 2.075608702680234341e+00
1.781502056797110434e-01 2.160540826263706027e+00
1.818578821526486422e-01 2.248948299322771405e+00
1.856427230878753554e-01 2.340973330169997535e+00
1.895063344384143311e-01 2.436763946159835825e+00
1.934503555805126840e-01 2.536474231798813594e+00
1.974764600092484834e-01 2.652293979714855698e+00
2.015863560486145234e-01 2.781645248952463678e+00
2.057817875763805759e-01 2.917304925546627015e+00
2.100645347640413829e-01 3.059580667888411654e+00
2.144364148321648011e-01 3.208795138740078823e+00
2.188992828214597897e-01 3.365286736991988104e+00
2.234550323798925042e-01 3.529410365106999681e+00
2.281055965661834550e-01 3.703871990382598955e+00
2.328529486700275375e-01 3.904726022031889343e+00
2.376991030493841028e-01 4.116471991127864882e+00
2.426461159851931171e-01 4.339700547011084097e+00
2.476960865538796186e-01 4.575034368828119646e+00
2.528511575180167337e-01 4.823129902447863770e+00
2.581135162355253088e-01 5.084679191567552436e+00
2.634853955877961562e-01 5.373330564734442483e+00
2.689690749271278492e-01 5.686101455906450219e+00
2.745668810438831597e-01 6.017078118933730124e+00
2.802811891537738131e-01 6.367320275606903834e+00
2.861144239056928607e-01 6.737949332015528370e+00
2.920690604105219967e-01 7.130151969068524664e+00
2.981476252913505820e-01 7.563098259739622797e+00
3.043526977555517377e-01 8.023970294278484516e+00
3.106869106891708698e-01 8.512926458485557291e+00
3.171529517740905302e-01 9.031678113172775468e+00
3.237535646284456226e-01 9.582040904236308165e+00
3.304915499707733462e-01 1.017839675313584102e+01
3.373697668083914247e-01 1.081505881920700674e+01
3.443911336505087739e-01 1.149154430700214213e+01
3.515586297465838617e-01 1.221034418465382565e+01
3.588752963504552862e-01 1.297562352041922651e+01
3.663442380107827523e-01 1.379628141651131479e+01
3.739686238883428437e-01 1.466884274378405451e+01
3.817516891007428637e-01 1.559659019308972638e+01
3.896967360951185122e-01 1.658301407275371986e+01
3.978071360494027653e-01 1.763303091583065907e+01
4.060863303027552607e-01 1.874959456286869752e+01
4.145378318157649788e-01 1.993686156112514496e+01
4.231652266610403390e-01 2.119935261789241920e+01
4.319721755448220901e-01 2.254241855692771423e+01
4.409624153602658136e-01 2.397057323188387912e+01
4.501397607730483474e-01 2.548920736317911562e+01
4.595081058399779206e-01 2.710429693788376326e+01
4.690714256612865118e-01 2.882201562409289863e+01
4.788337780673142530e-01 3.064859370967016261e+01
4.887993053402931998e-01 3.259115536287007586e+01
4.989722359719687139e-01 3.465857088727506863e+01
5.093568864577977529e-01 3.685713263533995843e+01
5.199576631284887895e-01 3.919515984999238611e+01
5.307790640196620169e-01 4.168319628910923313e+01
5.418256807804173736e-01 4.432918986682999218e+01
5.531022006216277376e-01 4.714323583761194669e+01
5.646134083047763541e-01 5.013790020125676961e+01
5.763641881721900395e-01 5.332279365061341991e+01
5.883595262195214781e-01 5.671052161788271206e+01
6.006045122113689017e-01 6.031497736827648026e+01
6.131043418409223289e-01 6.414852819460863032e+01
6.258643189345570734e-01 6.822683341536304624e+01
6.388898577023131020e-01 7.256506229251498041e+01
6.521864850352057097e-01 7.717947593248597116e+01
6.657598428503537225e-01 8.208926765914779367e+01
6.796156904849094404e-01 8.731139701842414524e+01
6.937599071398169448e-01 9.286666921542629893e+01
7.081984943744236149e-01 9.877567076140071833e+01
7.229375786530161108e-01 1.050612892714353137e+02
7.379834139443505192e-01 1.117474968235740533e+02
7.533423843752851123e-01 1.188594965173858498e+02
7.690210069396433701e-01 1.264246261304506902e+02
7.850259342634492432e-01 1.344716150712061165e+02
8.013639574277185984e-01 1.430316661964733669e+02
8.180420088499924525e-01 1.521368990101488521e+02
8.350671652258471189e-01 1.618223755472483845e+02
8.524466505316175002e-01 1.721249080211404703e+02
8.701878390896189419e-01 1.830840244684256959e+02
8.882982586971583938e-01 1.947416009219075761e+02
9.067855938206671462e-01 2.071419787505300292e+02
9.256576888563147198e-01 2.203325354956488411e+02
9.449225514584753682e-01 2.343633076401276298e+02
9.645883559374751615e-01 2.492885494137926514e+02
9.846634467280448444e-01 2.651647480369006757e+02
1.005156341929967390e+00 2.820525815796625579e+02
1.026075736922404058e+00 3.000168209146856952e+02
1.047430508053451392e+00 3.191257174224512028e+02
1.069229716406479680e+00 3.394524842063897268e+02
1.091482611644857048e+00 3.610747122331354149e+02
1.114198635936694659e+00 3.840747441918563254e+02
1.137387427961266795e+00 4.085404685719088889e+02
1.161058826998822235e+00 4.345657200232539594e+02
1.185222877105502892e+00 4.622495339021764948e+02
1.209889831375160485e+00 4.916975999715118064e+02
1.235070156289862053e+00 5.230222986432494281e+02
1.260774536160947035e+00 5.563435630945901949e+02
1.287013877662505523e+00 5.917884932150533359e+02
1.313799314459207501e+00 inf
1.341142211930455019e+00 inf
1.369054171992841074e+00 inf
1.397547038022987298e+00 inf
1.426632899882822825e+00 inf
1.456324099049463694e+00 inf
1.486633233851841318e+00 inf
1.517573164816328868e+00 inf
1.549157020123613560e+00 inf
1.581398201179137208e+00 inf
1.614310388299477594e+00 inf
1.647907546517062949e+00 inf
1.682203931505708239e+00 inf
1.717214095629459480e+00 inf
1.752952894117343119e+00 inf
1.789435491366608399e+00 inf
1.826677367377168348e+00 inf
1.864694324319941865e+00 inf
1.903502493241907789e+00 inf
1.943118340910698461e+00 inf
1.983558676801640885e+00 inf
2.024840660230225353e+00 inf
2.066981807632997992e+00 inf
2.109999999999999876e+00 inf
