# k [Mpc^-1], sensitivity [mK^2], z=9.0, 142.0 MHz
3.500000000000000333e-02 inf
3.572842282756675397e-02 2.868651797290765471e-01
3.647200564986839699e-02 3.043991276462296725e-01
3.723106397794004319e-02 3.230047961878644847e-01
3.800591988925806214e-02 3.427476917135517387e-01
3.879690216440116746e-02 3.636973245023951140e-01
3.960434642655615706e-02 3.859274534830389181e-01
4.042859528392659524e-02 4.095163459222040392e-01
4.126999847510574859e-02 4.345470529860734898e-01
4.212891301747467149e-02 4.611077021446988167e-01
4.300570335868902916e-02 4.892918074489355784e-01
4.390074153131857948e-02 5.191985987723084506e-01
4.481440731070487210e-02 5.509333711769969222e-01
4.574708837610465956e-02 5.846078556339890930e-01
4.669918047518661214e-02 6.203406124026059620e-01
4.767108759195193973e-02 6.582574484544221338e-01
4.866322211814942678e-02 6.984918604112099194e-01
4.967600502825834929e-02 7.411855045564221811e-01
5.070986605811275694e-02 7.864886955749853525e-01
5.176524388724366293e-02 8.345609357773864367e-01
5.284258632501594166e-02 8.855714766713046471e-01
5.394235050063903719e-02 9.396999148579653349e-01
5.506500305713256382e-02 9.971368243512465090e-01
5.621102034932823344e-02 1.058084427545757267e+00
5.738088864599311806e-02 1.122757307196258880e+00
5.857510433615904094e-02 1.191383161915099631e+00
5.979417413974657397e-02 1.264203607847649957e+00
6.103861532257209149e-02 1.341475029348202508e+00
6.230895591583001519e-02 1.423469481651428836e+00
6.360573494014265528e-02 1.510475648717452657e+00
6.492950263427293978e-02 1.602799859622910272e+00
6.628082068859754428e-02 1.700767167076502107e+00
6.766026248343849636e-02 1.804722491856200373e+00
6.906841333235554103e-02 1.915031837197474829e+00
7.050587073050135212e-02 2.032083577408056563e+00
7.197324460814619185e-02 2.158007955644470233e+00
7.347115758947816988e-02 2.293436334450120739e+00
7.500024525679045706e-02 2.437363683677986170e+00
7.656115642016625422e-02 2.590323366415443029e+00
7.815455339277647961e-02 2.752882217590426173e+00
7.978111227190747001e-02 2.925642644536973869e+00
8.144152322583671222e-02 3.109244859384227677e+00
8.313649078667982584e-02 3.304369251541747321e+00
8.486673414933156023e-02 3.511738909072920301e+00
8.663298747662909194e-02 3.732122298300256436e+00
8.843600021086570062e-02 3.966336111572450029e+00
9.027653739178835568e-02 4.215248293746564734e+00
9.215537998121303698e-02 4.479781258600678662e+00
9.407332519439604024e-02 4.760915307096371230e+00
9.603118683830201563e-02 5.059692260158397126e+00
9.802979565691193053e-02 5.377219319433817368e+00
1.000699996837176586e-01 5.714673170337664310e+00
1.021526646015524509e-01 6.073304342590154725e+00
1.042786741099108044e-01 6.454441844404730233e+00
1.064489302999123421e-01 6.859498087500020880e+00
1.086643540370700461e-01 7.292708735673931741e+00
1.109258853520242866e-01 7.753859520502381919e+00
1.132344838394090808e-01 8.244170944272523727e+00
1.155911290650195183e-01 8.765486965384649665e+00
1.179968209814531294e-01 9.319768144025076140e+00
1.204525803524016392e-01 9.909099015421677592e+00
1.229594491857733396e-01 1.053569592934356969e+01
1.255184911758291388e-01 1.120191538532761300e+01
1.281307921545208894e-01 1.191026289497874124e+01
1.307974605522227440e-01 1.266340240467356892e+01
1.335196278680513826e-01 1.346416631410372133e+01
1.362984491499744655e-01 1.431556612833693798e+01
1.391351034849112878e-01 1.522080378345578389e+01
1.420307944990333859e-01 1.618328368836752418e+01
1.449867508684773432e-01 1.720943534865964963e+01
1.480042268406868700e-01 1.830111041505597314e+01
1.510845027666047613e-01 1.946203554262205060e+01
1.542288856439409939e-01 2.069660358699744407e+01
1.574387096717475842e-01 2.200948606322428702e+01
1.607153368165349372e-01 2.340565082241790762e+01
1.640601573901705190e-01 2.489038084975156195e+01
1.674745906398046880e-01 2.646929425488538357e+01
1.709600853500741757e-01 2.814836553048167289e+01
1.745181204578385992e-01 2.993394815924756358e+01
1.781502056797110434e-01 3.183290348185294505e+01
1.818578821526486422e-01 3.385546155383284628e+01
1.856427230878753554e-01 3.600652631879670906e+01
1.895063344384143311e-01 3.829426266969395698e+01
1.934503555805126840e-01 4.072735426993899210e+01
1.974764600092484834e-01 4.331503651438170976e+01
2.015863560486145234e-01 4.606713158450965295e+01
2.057817875763805759e-01 4.899408573094260788e+01
2.100645347640413829e-01 5.210700892473428070e+01
2.144364148321648011e-01 5.541827886450576557e+01
2.188992828214597897e-01 5.894263763059714023e+01
2.234550323798925042e-01 6.269113011153184090e+01
2.281055965661834550e-01 6.667801022567168445e+01
2.328529486700275375e-01 7.091843837788712790e+01
2.376991030493841028e-01 7.542853910811207641e+01
2.426461159851931171e-01 8.022546240609280233e+01
2.476960865538796186e-01 8.532744892548542737e+01
2.528511575180167337e-01 9.075610900879024712e+01
2.581135162355253088e-01 9.653115821585912215e+01
2.634853955877961562e-01 1.026736889479550427e+02
2.689690749271278492e-01 1.092070850181667367e+02
2.745668810438831597e-01 1.161562182129293319e+02
2.802811891537738131e-01 1.235475429756704955e+02
2.861144239056928607e-01 1.314098610201924373e+02
2.920690604105219967e-01 1.397750705177780333e+02
2.981476252913505820e-01 1.486727874649205603e+02
3.043526977555517377e-01 1.581369098989512167e+02
3.106869106891708698e-01 1.682034937179710710e+02
3.171529517740905302e-01 1.789108900446473456e+02
3.237535646284456226e-01 1.903014430189257666e+02
3.304915499707733462e-01 2.024188456925953403e+02
3.373697668083914247e-01 2.153078213255998037e+02
3.443911336505087739e-01 2.290174996570104895e+02
3.515586297465838617e-01 2.436001387512655185e+02
3.588752963504552862e-01 2.591125087511434799e+02
3.663442380107827523e-01 2.756147230418883396e+02
3.739686238883428437e-01 2.931679212384666471e+02
3.817516891007428637e-01 3.118390378231770228e+02
3.896967360951185122e-01 3.316992701646419732e+02
3.978071360494027653e-01 3.528267381061861556e+02
4.060863303027552607e-01 3.753007287534030638e+02
4.145378318157649788e-01 3.992062442853898006e+02
4.231652266610403390e-01 4.246344684855653213e+02
4.319721755448220901e-01 4.516840500794656919e+02
4.409624153602658136e-01 4.804582594431169014e+02
4.501397607730483474e-01 5.110655092348229687e+02
4.595081058399779206e-01 5.436225719840541615e+02
4.690714256612865118e-01 5.782556843753944804e+02
4.788337780673142530e-01 6.150963797154932990e+02
4.887993053402931998e-01 6.542841973923274281e+02
4.989722359719687139e-01 6.959688207343169779e+02
5.093568864577977529e-01 7.403122340166230515e+02
5.199576631284887895e-01 7.874809725763591359e+02
5.307790640196620169e-01 8.376550510387556869e+02
5.418256807804173736e-01 8.910281501726680062e+02
5.531022006216277376e-01 9.478030408376424703e+02
5.646134083047763541e-01 1.008195536860419907e+03
5.763641881721900395e-01 1.072437909818324670e+03
5.883595262195214781e-01 1.140775252090907088e+03
6.006045122113689017e-01 1.213467151682028998e+03
6.131043418409223289e-01 1.290793034439526991e+03
6.258643189345570734e-01 1.373047613270069860e+03
6.388898577023131020e-01 1.460543788203222221e+03
6.521864850352057097e-01 1.553618261862214922e+03
6.657598428503537225e-01 1.652624501043425880e+03
6.796156904849094404e-01 1.757940716152361802e+03
6.937599071398169448e-01 1.869970896243203015e+03
7.081984943744236149e-01 1.989140544198836096e+03
7.229375786530161108e-01 2.115906950333404438e+03
7.379834139443505192e-01 2.250752973855710934e+03
7.533423843752851123e-01 2.394193809164414233e+03
7.690210069396433701e-01 2.546778227010951468e+03
7.850259342634492432e-01 2.709087327506041220e+03
8.013639574277185984e-01 2.881743447361305698e+03
8.180420088499924525e-01 3.065403323138646101e+03
8.350671652258471189e-01 3.260771269066337936e+03
8.524466505316175002e-01 3.468590813045716004e+03
8.701878390896189419e-01 3.689658169792392982e+03
8.882982586971583938e-01 3.924815442797304058e+03
9.067855938206671462e-01 4.174963126651688981e+03
9.256576888563147198e-01 4.441054282023623273e+03
9.449225514584753682e-01 4.724107931861442012e+03
9.645883559374751615e-01 5.025202711168883980e+03
9.846634467280448444e-01 5.345490702948225589e+03
1.005156341929967390e+00 5.686193903689962099e+03
1.026075736922404058e+00 6.048614323916791363e+03
1.047430508053451392e+00 6.434136479991629130e+03
1.069229716406479680e+00 6.844231930329711759e+03
1.091482611644857048e+00 7.280468864824049888e+03
1.114198635936694659e+00 7.744512035829619890e+03
1.137387427961266795e+00 8.238134214442490702e+03
1.161058826998822235e+00 8.763221951607723895e+03
1.185222877105502892e+00 9.321779668751214558e+03
1.209889831375160485e+00 9.915941108389692090e+03
1.235070156289862053e+00 1.054797693951438123e+04
1.260774536160947035e+00 1.122030018632996143e+04
1.287013877662505523e+00 1.193547904909964200e+04
1.313799314459207501e+00 1.269624580956409773e+04
1.341142211930455019e+00 1.350550654944015696e+04
1.369054171992841074e+00 1.436635192647121221e+04
1.397547038022987298e+00 1.528207023514336470e+04
1.426632899882822825e+00 inf
1.456324099049463694e+00 inf
1.486633233851841318e+00 inf
1.517573164816328868e+00 inf
1.549157020123613560e+00 inf
1.581398201179137208e+00 inf
1.614310388299477594e+00 inf
1.647907546517062949e+00 inf
1.682203931505708239e+00 inf
1.717214095629459480e+00 inf
1.752952894117343119e+00 inf
1.789435491366608399e+00 inf
1.826677367377168348e+00 inf
1.864694324319941865e+00 inf
1.903502493241907789e+00 inf
1.943118340910698461e+00 inf
1.983558676801640885e+00 inf
2.024840660230225353e+00 inf
2.066981807632997992e+00 inf
2.109999999999999876e+00 inf
