# k [Mpc^-1], sensitivity [mK^2], z=5.5, 218.5 MHz
3.500000000000000333e-02 inf
3.572842282756675397e-02 inf
3.647200564986839699e-02 inf
3.723106397794004319e-02 inf
3.800591988925806214e-02 inf
3.879690216440116746e-02 inf
3.960434642655615706e-02 inf
4.042859528392659524e-02 inf
4.126999847510574859e-02 inf
4.212891301747467149e-02 inf
4.300570335868902916e-02 inf
4.390074153131857948e-02 inf
4.481440731070487210e-02 1.910940203699958498e-02
4.574708837610465956e-02 1.962223356270987804e-02
4.669918047518661214e-02 2.014882774688813924e-02
4.767108759195193973e-02 2.068955393260049277e-02
4.866322211814942678e-02 2.124479137482799401e-02
4.967600502825834929e-02 2.181492950646891221e-02
5.070986605811275694e-02 2.240036821147935175e-02
5.176524388724366293e-02 2.300151810534430477e-02
5.284258632501594166e-02 2.361880082307548506e-02
5.394235050063903719e-02 2.425264931493792755e-02
5.506500305713256382e-02 2.490350815011314889e-02
5.621102034932823344e-02 2.557183382851131032e-02
5.738088864599311806e-02 2.625809510095166929e-02
5.857510433615904094e-02 2.696277329793522054e-02
5.979417413974657397e-02 2.768636266724089703e-02
6.103861532257209149e-02 2.842937072058126721e-02
6.230895591583001519e-02 2.919231858956168602e-02
6.360573494014265528e-02 2.997574139119199219e-02
6.492950263427293978e-02 3.078018860320720293e-02
6.628082068859754428e-02 3.160622444946082493e-02
6.766026248343849636e-02 3.245442829566047571e-02
6.906841333235554103e-02 3.332539505572412047e-02
7.050587073050135212e-02 3.421973560904099931e-02
7.197324460814619185e-02 3.513807722893100977e-02
7.347115758947816988e-02 3.608106402260192330e-02
7.500024525679045706e-02 3.704935738291404573e-02
7.656115642016625422e-02 3.804363645226837426e-02
7.815455339277647961e-02 3.906459859894409470e-02
7.978111227190747001e-02 4.011295990621933233e-02
8.144152322583671222e-02 4.118945567461814589e-02
8.313649078667982584e-02 4.229484093763644786e-02
8.486673414933156023e-02 4.342989099130771524e-02
8.663298747662909194e-02 4.459540193798101210e-02
8.843600021086570062e-02 4.579219124469179752e-02
9.027653739178835568e-02 4.742190595013003052e-02
9.215537998121303698e-02 4.913733342134356252e-02
9.407332519439604024e-02 5.091481431175303579e-02
9.603118683830201563e-02 5.275659332531617424e-02
9.802979565691193053e-02 5.466499636531752665e-02
1.000699996837176586e-01 5.664243347165121012e-02
1.021526646015524509e-01 5.869140186435635453e-02
1.042786741099108044e-01 6.081448909724882640e-02
1.064489302999123421e-01 6.301437632563108848e-02
1.086643540370700461e-01 6.529384169220768530e-02
1.109258853520242866e-01 6.765576383548188577e-02
1.132344838394090808e-01 7.010312552506409167e-02
1.155911290650195183e-01 7.263901742848294374e-02
1.179968209814531294e-01 7.526664201425593836e-02
1.204525803524016392e-01 7.798931759614893822e-02
1.229594491857733396e-01 8.081048252373160268e-02
1.255184911758291388e-01 8.373369952452040799e-02
1.281307921545208894e-01 8.676266020319396699e-02
1.307974605522227440e-01 8.990118970356116013e-02
1.335196278680513826e-01 9.252121148199635159e-02
1.362984491499744655e-01 9.332708527640611040e-02
1.391351034849112878e-01 9.413997835387663549e-02
1.420307944990333859e-01 9.495995185342873124e-02
1.449867508684773432e-01 9.578706744661334704e-02
1.480042268406868700e-01 9.662138734215001967e-02
1.510845027666047613e-01 9.746297429060567230e-02
1.542288856439409939e-01 9.831189158911424197e-02
1.574387096717475842e-01 9.916820308613714940e-02
1.607153368165349372e-01 1.000319731862657491e-01
1.640601573901705190e-01 1.009032668550651213e-01
1.674745906398046880e-01 1.017821496239602885e-01
1.709600853500741757e-01 1.026686875951649119e-01
1.745181204578385992e-01 1.035629474466529809e-01
1.781502056797110434e-01 1.042667624106495272e-01
1.818578821526486422e-01 1.044817877687413826e-01
1.856427230878753554e-01 1.046972565654090137e-01
1.895063344384143311e-01 1.049131697151387960e-01
1.934503555805126840e-01 1.051295281343031102e-01
1.974764600092484834e-01 1.053463327411640893e-01
2.015863560486145234e-01 1.055635844558775321e-01
2.057817875763805759e-01 1.057812842004969001e-01
2.100645347640413829e-01 1.059994328989770918e-01
2.144364148321648011e-01 1.062180314771785372e-01
2.188992828214597897e-01 1.064370808628709864e-01
2.234550323798925042e-01 1.064641840449300630e-01
2.281055965661834550e-01 1.062605303345930119e-01
2.328529486700275375e-01 1.060572661903255859e-01
2.376991030493841028e-01 1.058543908669328376e-01
2.426461159851931171e-01 1.056519036206451934e-01
2.476960865538796186e-01 1.054498037091159274e-01
2.528511575180167337e-01 1.052480903914182891e-01
2.581135162355253088e-01 1.050467629280428805e-01
2.634853955877961562e-01 1.048458205808948107e-01
2.689690749271278492e-01 1.044709818936459533e-01
2.745668810438831597e-01 1.039833183905833069e-01
2.802811891537738131e-01 1.034979312678887819e-01
2.861144239056928607e-01 1.030148098995722072e-01
2.920690604105219967e-01 1.025339437092448180e-01
2.981476252913505820e-01 1.020553221698877883e-01
3.043526977555517377e-01 1.015789348036216372e-01
3.106869106891708698e-01 1.010782093932322823e-01
3.171529517740905302e-01 1.003852698510234315e-01
3.237535646284456226e-01 9.969708074129692010e-02
3.304915499707733462e-01 9.901360949756259078e-02
3.373697668083914247e-01 9.833482377658918361e-02
3.443911336505087739e-01 9.766069145687385211e-02
3.515586297465838617e-01 9.699118063712187932e-02
3.588752963504552862e-01 9.620488769022397801e-02
3.663442380107827523e-01 9.535638277218204395e-02
3.739686238883428437e-01 9.451536147179430414e-02
3.817516891007428637e-01 9.368175778527934594e-02
3.896967360951185122e-01 9.285550629099378894e-02
3.978071360494027653e-01 9.203654214429803082e-02
4.060863303027552607e-01 9.106383963037498197e-02
4.145378318157649788e-01 9.008735275520546315e-02
4.231652266610403390e-01 8.912133684876788475e-02
4.319721755448220901e-01 8.816567962979256212e-02
4.409624153602658136e-01 8.722027002101329085e-02
4.501397607730483474e-01 8.614493247015689303e-02
4.595081058399779206e-01 8.504912272891629321e-02
4.690714256612865118e-01 8.396725227527591928e-02
4.788337780673142530e-01 8.289914379402160693e-02
4.887993053402931998e-01 8.181422888979834884e-02
4.989722359719687139e-01 8.060396052393976885e-02
5.093568864577977529e-01 7.941159551715781806e-02
5.199576631284887895e-01 7.823686902714553637e-02
5.307790640196620169e-01 7.707952012937716035e-02
5.418256807804173736e-01 7.576801626383843080e-02
5.531022006216277376e-01 7.447045918313062451e-02
5.646134083047763541e-01 7.319512327780422489e-02
5.763641881721900395e-01 7.192869802746933161e-02
5.883595262195214781e-01 7.050673935456455710e-02
6.006045122113689017e-01 6.911289138744060312e-02
6.131043418409223289e-01 6.774659840546043421e-02
6.258643189345570734e-01 6.631140002207146222e-02
6.388898577023131020e-01 6.480047322389252684e-02
6.521864850352057097e-01 6.332397338380368890e-02
6.657598428503537225e-01 6.185462897895396134e-02
6.796156904849094404e-01 6.022922746282574624e-02
6.937599071398169448e-01 5.864653786870305946e-02
7.081984943744236149e-01 5.710543782265967150e-02
7.229375786530161108e-01 5.537303162101211984e-02
7.379834139443505192e-01 5.369009063815820965e-02
7.533423843752851123e-01 5.204680372831073376e-02
7.690210069396433701e-01 5.020790950602087993e-02
7.850259342634492432e-01 4.843398626597278378e-02
8.013639574277185984e-01 4.664407619844358061e-02
8.180420088499924525e-01 4.471442539490707441e-02
8.350671652258471189e-01 4.286460363992424666e-02
8.524466505316175002e-01 4.088286302759629870e-02
8.701878390896189419e-01 3.888305750856898418e-02
8.882982586971583938e-01 3.692304376718648362e-02
9.067855938206671462e-01 3.475924370421702714e-02
9.256576888563147198e-01 3.272224875357870183e-02
9.449225514584753682e-01 3.047353219232439361e-02
9.645883559374751615e-01 2.829536054490434591e-02
9.846634467280448444e-01 2.600477024694025988e-02
1.005156341929967390e+00 2.368001641438274504e-02
1.026075736922404058e+00 2.132873214634679881e-02
1.047430508053451392e+00 1.885423258508337613e-02
1.069229716406479680e+00 1.641364280013098836e-02
1.091482611644857048e+00 1.379269182801149893e-02
1.114198635936694659e+00 1.120079215759327632e-02
1.137387427961266795e+00 8.459765886113728567e-03
1.161058826998822235e+00 5.416939687268187628e-03
1.185222877105502892e+00 2.751721117308322719e-03
1.209889831375160485e+00 5.599512135531989411e-15
1.235070156289862053e+00 8.753564903260252569e-35
1.260774536160947035e+00 2.232721403445535256e-38
1.287013877662505523e+00 2.232721403445535256e-38
1.313799314459207501e+00 2.232721403445535256e-38
1.341142211930455019e+00 2.232721403445535256e-38
1.369054171992841074e+00 2.232721403445535256e-38
1.397547038022987298e+00 2.232721403445535256e-38
1.426632899882822825e+00 2.232721403445535256e-38
1.456324099049463694e+00 2.232721403445535256e-38
1.486633233851841318e+00 2.232721403445535256e-38
1.517573164816328868e+00 2.232721403445535256e-38
1.549157020123613560e+00 2.232721403445535256e-38
1.581398201179137208e+00 2.232721403445535256e-38
1.614310388299477594e+00 2.232721403445535256e-38
1.647907546517062949e+00 2.232721403445535256e-38
1.682203931505708239e+00 2.232721403445535256e-38
1.717214095629459480e+00 2.232721403445535256e-38
1.752952894117343119e+00 2.232721403445535256e-38
1.789435491366608399e+00 inf
1.826677367377168348e+00 inf
1.864694324319941865e+00 inf
1.903502493241907789e+00 inf
1.943118340910698461e+00 inf
1.983558676801640885e+00 inf
2.024840660230225353e+00 inf
2.066981807632997992e+00 inf
2.109999999999999876e+00 inf
