# k [Mpc^-1], sensitivity [mK^2], z=6.0, 202.9 MHz
3.500000000000000333e-02 inf
3.572842282756675397e-02 inf
3.647200564986839699e-02 inf
3.723106397794004319e-02 inf
3.800591988925806214e-02 inf
3.879690216440116746e-02 inf
3.960434642655615706e-02 inf
4.042859528392659524e-02 inf
4.126999847510574859e-02 inf
4.212891301747467149e-02 inf
4.300570335868902916e-02 5.029129717874845223e-02
4.390074153131857948e-02 5.194038384099834010e-02
4.481440731070487210e-02 5.364354520348795646e-02
4.574708837610465956e-02 5.540255441330112912e-02
4.669918047518661214e-02 5.721924276024944328e-02
4.767108759195193973e-02 5.909550158341294462e-02
4.866322211814942678e-02 6.103328424019736909e-02
4.967600502825834929e-02 6.303460813995843959e-02
5.070986605811275694e-02 6.510155684430954381e-02
5.176524388724366293e-02 6.723628223630076506e-02
5.284258632501594166e-02 6.944100676072616218e-02
5.394235050063903719e-02 7.171802573789234914e-02
5.506500305713256382e-02 7.406970975325771755e-02
5.621102034932823344e-02 7.649850712542870246e-02
5.738088864599311806e-02 7.900694645508433978e-02
5.857510433615904094e-02 8.159763925748084179e-02
5.979417413974657397e-02 8.427328268127884381e-02
6.103861532257209149e-02 8.703666231652185115e-02
6.230895591583001519e-02 8.989065509469124082e-02
6.360573494014265528e-02 9.283823228385551518e-02
6.492950263427293978e-02 9.588246258203228511e-02
6.628082068859754428e-02 9.902651531198493340e-02
6.766026248343849636e-02 1.022736637207772303e-01
6.906841333235554103e-02 1.056272883875243873e-01
7.050587073050135212e-02 1.090908807428850602e-01
7.197324460814619185e-02 1.126680467039611749e-01
7.347115758947816988e-02 1.163625104283878137e-01
7.500024525679045706e-02 1.201781181915228397e-01
7.656115642016625422e-02 1.241188423907720606e-01
7.815455339277647961e-02 1.281887856812188586e-01
7.978111227190747001e-02 1.323921852468644689e-01
8.144152322583671222e-02 1.367334172119244740e-01
8.313649078667982584e-02 1.412170011967757710e-01
8.486673414933156023e-02 1.458476050232948851e-01
8.663298747662909194e-02 1.511990710787498859e-01
8.843600021086570062e-02 1.569222960420497137e-01
9.027653739178835568e-02 1.628621579446299095e-01
9.215537998121303698e-02 1.690268569819681765e-01
9.407332519439604024e-02 1.754249037453870230e-01
9.603118683830201563e-02 1.820651309712351951e-01
9.802979565691193053e-02 1.889567057348017498e-01
1.000699996837176586e-01 1.961091421057969963e-01
1.021526646015524509e-01 2.035323142828710241e-01
1.042786741099108044e-01 2.112364702253054782e-01
1.064489302999123421e-01 2.192322458006934482e-01
1.086643540370700461e-01 2.275306794681418998e-01
1.109258853520242866e-01 2.361432275172659911e-01
1.132344838394090808e-01 2.450817798840137229e-01
1.155911290650195183e-01 2.543586765651553727e-01
1.179968209814531294e-01 2.639867246540977264e-01
1.204525803524016392e-01 2.739792160215426264e-01
1.229594491857733396e-01 2.843499456653982849e-01
1.255184911758291388e-01 2.951132307552754575e-01
1.281307921545208894e-01 3.056684678361834551e-01
1.307974605522227440e-01 3.099883652129393208e-01
1.335196278680513826e-01 3.143693140729502677e-01
1.362984491499744655e-01 3.188121772338441406e-01
1.391351034849112878e-01 3.233178297071258034e-01
1.420307944990333859e-01 3.278871588705078999e-01
1.449867508684773432e-01 3.325210646426784433e-01
1.480042268406868700e-01 3.372204596605374860e-01
1.510845027666047613e-01 3.419862694589386742e-01
1.542288856439409939e-01 3.468194326529712712e-01
1.574387096717475842e-01 3.517209011228183413e-01
1.607153368165349372e-01 3.566916402012271781e-01
1.640601573901705190e-01 3.617326288636292797e-01
1.674745906398046880e-01 3.668448599209473970e-01
1.709600853500741757e-01 3.717184042228061647e-01
1.745181204578385992e-01 3.743718256487408858e-01
1.781502056797110434e-01 3.770441878782075928e-01
1.818578821526486422e-01 3.797356261155259149e-01
1.856427230878753554e-01 3.824462765301385181e-01
1.895063344384143311e-01 3.851762762635005388e-01
1.934503555805126840e-01 3.879257634360182561e-01
1.974764600092484834e-01 3.906948771540364462e-01
2.015863560486145234e-01 3.934837575168771973e-01
2.057817875763805759e-01 3.962925456239270727e-01
2.100645347640413829e-01 3.991213835817766786e-01
2.144364148321648011e-01 4.015320845442441611e-01
2.188992828214597897e-01 4.028681429347933940e-01
2.234550323798925042e-01 4.042086469278030059e-01
2.281055965661834550e-01 4.055536113155764344e-01
2.328529486700275375e-01 4.069030509396372453e-01
2.376991030493841028e-01 4.082569806908924459e-01
2.426461159851931171e-01 4.096154155097974092e-01
2.476960865538796186e-01 4.109783703865199644e-01
2.528511575180167337e-01 4.123458603611067641e-01
2.581135162355253088e-01 4.133218996962666480e-01
2.634853955877961562e-01 4.137885471832637996e-01
2.689690749271278492e-01 4.142557215232471890e-01
2.745668810438831597e-01 4.147234233110427826e-01
2.802811891537738131e-01 4.151916531421481205e-01
2.861144239056928607e-01 4.156604116127332604e-01
2.920690604105219967e-01 4.161296993196412219e-01
2.981476252913505820e-01 4.165995168603887078e-01
3.043526977555517377e-01 4.165223402516545215e-01
3.106869106891708698e-01 4.164181864224570373e-01
3.171529517740905302e-01 4.163140586375291829e-01
3.237535646284456226e-01 4.162099568903584457e-01
3.304915499707733462e-01 4.161058811744339225e-01
3.373697668083914247e-01 4.160018314832463204e-01
3.443911336505087739e-01 4.157141113769733942e-01
3.515586297465838617e-01 4.152200082041926921e-01
3.588752963504552862e-01 4.147264923050663077e-01
3.663442380107827523e-01 4.142335629815813713e-01
3.739686238883428437e-01 4.137412195365549050e-01
3.817516891007428637e-01 4.132494612736322126e-01
3.896967360951185122e-01 4.125425699576455996e-01
3.978071360494027653e-01 4.117660237114080801e-01
4.060863303027552607e-01 4.109909391908601051e-01
4.145378318157649788e-01 4.102173136445338986e-01
4.231652266610403390e-01 4.094451443261408752e-01
4.319721755448220901e-01 4.085268313501926873e-01
4.409624153602658136e-01 4.075268165971928092e-01
4.501397607730483474e-01 4.065292497360558088e-01
4.595081058399779206e-01 4.055341247746954703e-01
4.690714256612865118e-01 4.045394980057365197e-01
4.788337780673142530e-01 4.033620265325864040e-01
4.887993053402931998e-01 4.021879822626560630e-01
4.989722359719687139e-01 4.010173552205684167e-01
5.093568864577977529e-01 3.998501354599812152e-01
5.199576631284887895e-01 3.985536594344417649e-01
5.307790640196620169e-01 3.972254281137853060e-01
5.418256807804173736e-01 3.959016232948040503e-01
5.531022006216277376e-01 3.945822302256121183e-01
5.646134083047763541e-01 3.931247176177411484e-01
5.763641881721900395e-01 3.916568674483603130e-01
5.883595262195214781e-01 3.901944979420444715e-01
6.006045122113689017e-01 3.886922308907270196e-01
6.131043418409223289e-01 3.870916127412580288e-01
6.258643189345570734e-01 3.854975858695580127e-01
6.388898577023131020e-01 3.839101231330240838e-01
6.521864850352057097e-01 3.821923361922064388e-01
6.657598428503537225e-01 3.804755378860300019e-01
6.796156904849094404e-01 3.787664513944165590e-01
6.937599071398169448e-01 3.769500753937142234e-01
7.081984943744236149e-01 3.751172933825379641e-01
7.229375786530161108e-01 3.732934226042271542e-01
7.379834139443505192e-01 3.713563481213552064e-01
7.533423843752851123e-01 3.694122661102879346e-01
7.690210069396433701e-01 3.674640581507691017e-01
7.850259342634492432e-01 3.654007760916380132e-01
8.013639574277185984e-01 3.633490792005282799e-01
8.180420088499924525e-01 3.612413945727843134e-01
8.350671652258471189e-01 3.590723916734498977e-01
8.524466505316175002e-01 3.569164121253925459e-01
8.701878390896189419e-01 3.546320885784844390e-01
8.882982586971583938e-01 3.523605292890213403e-01
9.067855938206671462e-01 3.500131896913542540e-01
9.256576888563147198e-01 3.476261107406246054e-01
9.449225514584753682e-01 3.452015464462171446e-01
9.645883559374751615e-01 3.426989555880682881e-01
9.846634467280448444e-01 3.401836216891109266e-01
1.005156341929967390e+00 3.375655718837130559e-01
1.026075736922404058e+00 3.349463849914531277e-01
1.047430508053451392e+00 3.322130678756990418e-01
1.069229716406479680e+00 3.294772889982460207e-01
1.091482611644857048e+00 3.266290670178326194e-01
1.114198635936694659e+00 3.237641399101399142e-01
1.137387427961266795e+00 3.208013967562915458e-01
1.161058826998822235e+00 3.177947131040333439e-01
1.185222877105502892e+00 3.147181056884665873e-01
1.209889831375160485e+00 3.115572070260039239e-01
1.235070156289862053e+00 3.083678313503629420e-01
1.260774536160947035e+00 3.050405443295854391e-01
1.287013877662505523e+00 3.016834571613288829e-01
1.313799314459207501e+00 2.982345263969666815e-01
1.341142211930455019e+00 2.946886101043947326e-01
1.369054171992841074e+00 2.910962735227564102e-01
1.397547038022987298e+00 2.873843855833308480e-01
1.426632899882822825e+00 2.835820209745556486e-01
1.456324099049463694e+00 2.797168156121967453e-01
1.486633233851841318e+00 2.757429079332131550e-01
1.517573164816328868e+00 2.716482259173126912e-01
1.549157020123613560e+00 2.674744576217051306e-01
1.581398201179137208e+00 2.632153619003675393e-01
1.614310388299477594e+00 2.588227207184100043e-01
1.647907546517062949e+00 2.543068204806342436e-01
1.682203931505708239e+00 2.496896432519190578e-01
1.717214095629459480e+00 inf
1.752952894117343119e+00 inf
1.789435491366608399e+00 inf
1.826677367377168348e+00 inf
1.864694324319941865e+00 inf
1.903502493241907789e+00 inf
1.943118340910698461e+00 inf
1.983558676801640885e+00 inf
2.024840660230225353e+00 inf
2.066981807632997992e+00 inf
2.109999999999999876e+00 inf
