# k [Mpc^-1], sensitivity [mK^2], z=11.0, 118.4 MHz
3.500000000000000333e-02 2.612778117713264112e-02
3.572842282756675397e-02 2.689484082981653465e-02
3.647200564986839699e-02 2.768441982720816485e-02
3.723106397794004319e-02 2.849717929244737283e-02
3.800591988925806214e-02 2.933379975793364361e-02
3.879690216440116746e-02 3.019498173514311226e-02
3.960434642655615706e-02 3.108144630117473661e-02
4.042859528392659524e-02 3.199393570251580360e-02
4.126999847510574859e-02 3.293321397653328070e-02
4.212891301747467149e-02 3.390006759121043378e-02
4.300570335868902916e-02 3.489530610366524399e-02
4.390074153131857948e-02 3.591976283800146080e-02
4.481440731070487210e-02 3.697429558305979913e-02
4.574708837610465956e-02 3.805978731065420839e-02
4.669918047518661214e-02 3.917714691489355971e-02
4.767108759195193973e-02 4.032730997320890798e-02
4.866322211814942678e-02 4.151123952972244485e-02
4.967600502825834929e-02 4.272992690161516588e-02
5.070986605811275694e-02 4.398439250916730270e-02
5.176524388724366293e-02 4.527568673016770656e-02
5.284258632501594166e-02 4.660489077940644514e-02
5.394235050063903719e-02 4.797311761398779378e-02
5.506500305713256382e-02 4.938151286522162592e-02
5.621102034932823344e-02 5.083125579787270421e-02
5.738088864599311806e-02 5.232356029757238847e-02
5.857510433615904094e-02 5.385967588721792682e-02
5.979417413974657397e-02 5.544088877321208531e-02
6.103861532257209149e-02 5.706852292241745839e-02
6.230895591583001519e-02 5.874394117072875149e-02
6.360573494014265528e-02 6.046854636419006501e-02
6.492950263427293978e-02 6.224378253361310259e-02
6.628082068859754428e-02 6.445290242507216438e-02
6.766026248343849636e-02 6.676588691781019935e-02
6.906841333235554103e-02 6.916187616382324377e-02
7.050587073050135212e-02 7.164384890727820698e-02
7.197324460814619185e-02 7.421489078883269919e-02
7.347115758947816988e-02 7.687819818176780395e-02
7.500024525679045706e-02 7.963708216578678500e-02
7.656115642016625422e-02 8.249497264341904001e-02
7.815455339277647961e-02 8.545542260414651370e-02
7.978111227190747001e-02 8.852211254155549491e-02
8.144152322583671222e-02 9.169885502900294860e-02
8.313649078667982584e-02 9.498959945948827477e-02
8.486673414933156023e-02 9.839843695562140724e-02
8.663298747662909194e-02 1.019296054557925768e-01
8.843600021086570062e-02 1.055874949828659592e-01
9.027653739178835568e-02 1.093766531019489396e-01
9.215537998121303698e-02 1.133017905740201919e-01
9.407332519439604024e-02 1.173677872124465893e-01
9.603118683830201563e-02 1.215796979496699126e-01
9.802979565691193053e-02 1.258076769188793964e-01
1.000699996837176586e-01 1.297761009049704373e-01
1.021526646015524509e-01 1.338697031736517107e-01
1.042786741099108044e-01 1.380924322955617844e-01
1.064489302999123421e-01 1.424483613933760218e-01
1.086643540370700461e-01 1.469416920706234364e-01
1.109258853520242866e-01 1.515767584644323041e-01
1.132344838394090808e-01 1.563580314261136528e-01
1.155911290650195183e-01 1.612901228336154069e-01
1.179968209814531294e-01 1.663777900400069398e-01
1.204525803524016392e-01 1.716259404622844653e-01
1.229594491857733396e-01 1.770396363149240315e-01
1.255184911758291388e-01 1.826240994927474381e-01
1.281307921545208894e-01 1.883847166078109758e-01
1.307974605522227440e-01 1.940985163947205050e-01
1.335196278680513826e-01 1.994082164904180388e-01
1.362984491499744655e-01 2.048631671301686941e-01
1.391351034849112878e-01 2.104673417437647742e-01
1.420307944990333859e-01 2.162248224569376376e-01
1.449867508684773432e-01 2.221398030648109867e-01
1.480042268406868700e-01 2.282165920866951747e-01
1.510845027666047613e-01 2.344596159044467498e-01
1.542288856439409939e-01 2.408734219866807136e-01
1.574387096717475842e-01 2.474626822011830318e-01
1.607153368165349372e-01 2.542321962179368566e-01
1.640601573901705190e-01 2.614298211440231334e-01
1.674745906398046880e-01 2.691292559195962442e-01
1.709600853500741757e-01 2.770554486664056348e-01
1.745181204578385992e-01 2.852150776899397000e-01
1.781502056797110434e-01 2.936150179801252924e-01
1.818578821526486422e-01 3.022623470039295657e-01
1.856427230878753554e-01 3.111643506685623506e-01
1.895063344384143311e-01 3.203285294603011590e-01
1.934503555805126840e-01 3.297626047641132319e-01
1.974764600092484834e-01 3.393290429229332550e-01
2.015863560486145234e-01 3.490753041403760748e-01
2.057817875763805759e-01 3.591014989788859357e-01
2.100645347640413829e-01 3.694156677351934093e-01
2.144364148321648011e-01 3.800260816406750841e-01
2.188992828214597897e-01 3.909412494942928196e-01
2.234550323798925042e-01 4.021699244860477140e-01
2.281055965661834550e-01 4.135218860336019042e-01
2.328529486700275375e-01 4.237148660049844251e-01
2.376991030493841028e-01 4.341590946870302337e-01
2.426461159851931171e-01 4.448607651572091259e-01
2.476960865538796186e-01 4.558262231473403925e-01
2.528511575180167337e-01 4.670619708063996067e-01
2.581135162355253088e-01 4.785746705560742220e-01
2.634853955877961562e-01 4.896395196307377629e-01
2.689690749271278492e-01 5.005374795050446801e-01
2.745668810438831597e-01 5.116779964538121783e-01
2.802811891537738131e-01 5.230664690961442931e-01
2.861144239056928607e-01 5.347084162087957226e-01
2.920690604105219967e-01 5.466094794005336155e-01
2.981476252913505820e-01 5.580390118641812558e-01
3.043526977555517377e-01 5.696428951599712409e-01
3.106869106891708698e-01 5.814880700226221499e-01
3.171529517740905302e-01 5.935795538776594826e-01
3.237535646284456226e-01 6.059224684831349128e-01
3.304915499707733462e-01 6.175147134738412369e-01
3.373697668083914247e-01 6.290815861275793619e-01
3.443911336505087739e-01 6.408651217045944204e-01
3.515586297465838617e-01 6.528693785898733726e-01
3.588752963504552862e-01 6.648868439447491729e-01
3.663442380107827523e-01 6.761361496640296842e-01
3.739686238883428437e-01 6.875757838283954593e-01
3.817516891007428637e-01 6.992089666292005123e-01
3.896967360951185122e-01 7.110389727406276617e-01
3.978071360494027653e-01 7.222234604975499295e-01
4.060863303027552607e-01 7.335430405569896006e-01
4.145378318157649788e-01 7.450400350867840693e-01
4.231652266610403390e-01 7.566637074222526405e-01
4.319721755448220901e-01 7.677326698467974442e-01
4.409624153602658136e-01 7.789635561590010360e-01
4.501397607730483474e-01 7.903587350854327509e-01
4.595081058399779206e-01 8.015779309152815113e-01
4.690714256612865118e-01 8.125662046776320757e-01
4.788337780673142530e-01 8.237051090344884585e-01
4.887993053402931998e-01 8.349210114931711058e-01
4.989722359719687139e-01 8.457354380854995579e-01
5.093568864577977529e-01 8.566899399914340574e-01
5.199576631284887895e-01 8.677863315552957202e-01
5.307790640196620169e-01 8.785184260301744930e-01
5.418256807804173736e-01 8.893772131304118478e-01
5.531022006216277376e-01 9.003514098586580250e-01
5.646134083047763541e-01 9.110592680237254992e-01
5.763641881721900395e-01 9.218944744943854408e-01
5.883595262195214781e-01 9.327624612422551476e-01
6.006045122113689017e-01 9.434962471087172675e-01
6.131043418409223289e-01 9.543535522674051474e-01
6.258643189345570734e-01 9.651362890545290840e-01
6.388898577023131020e-01 9.759300836164478410e-01
6.521864850352057097e-01 9.868028762801140941e-01
6.657598428503537225e-01 9.975675515487595346e-01
6.796156904849094404e-01 1.008449654762159087e+00
6.937599071398169448e-01 1.019263449286842649e+00
7.081984943744236149e-01 1.030141974323851128e+00
7.229375786530161108e-01 1.041027199462449815e+00
7.379834139443505192e-01 1.051928752087576635e+00
7.533423843752851123e-01 1.062877583535455361e+00
7.690210069396433701e-01 1.073825477305705878e+00
7.850259342634492432e-01 1.084837946727835067e+00
8.013639574277185984e-01 1.095851986453306726e+00
8.180420088499924525e-01 1.106932802281559658e+00
8.350671652258471189e-01 1.118030022309113081e+00
8.524466505316175002e-01 1.129186651084176374e+00
8.701878390896189419e-01 1.140381802507246078e+00
8.882982586971583938e-01 1.151622574723559111e+00
9.067855938206671462e-01 1.162927532858216706e+00
9.256576888563147198e-01 1.174259980541712656e+00
9.449225514584753682e-01 1.185673602263705106e+00
9.645883559374751615e-01 1.197115658395214055e+00
9.846634467280448444e-01 1.208627842202036451e+00
1.005156341929967390e+00 1.220205075138105277e+00
1.026075736922404058e+00 1.231823308946847106e+00
1.047430508053451392e+00 1.243517605663508885e+00
1.069229716406479680e+00 1.255273737701585457e+00
1.091482611644857048e+00 1.267082807187713600e+00
1.114198635936694659e+00 1.278966983516001132e+00
1.137387427961266795e+00 1.290923732916858802e+00
1.161058826998822235e+00 1.302933592911735827e+00
1.185222877105502892e+00 1.315020286277383432e+00
1.209889831375160485e+00 1.327183125897524629e+00
1.235070156289862053e+00 1.339421743837722056e+00
1.260774536160947035e+00 1.351725257312824668e+00
1.287013877662505523e+00 1.364108484430587742e+00
1.313799314459207501e+00 inf
1.341142211930455019e+00 inf
1.369054171992841074e+00 inf
1.397547038022987298e+00 inf
1.426632899882822825e+00 inf
1.456324099049463694e+00 inf
1.486633233851841318e+00 inf
1.517573164816328868e+00 inf
1.549157020123613560e+00 inf
1.581398201179137208e+00 inf
1.614310388299477594e+00 inf
1.647907546517062949e+00 inf
1.682203931505708239e+00 inf
1.717214095629459480e+00 inf
1.752952894117343119e+00 inf
1.789435491366608399e+00 inf
1.826677367377168348e+00 inf
1.864694324319941865e+00 inf
1.903502493241907789e+00 inf
1.943118340910698461e+00 inf
1.983558676801640885e+00 inf
2.024840660230225353e+00 inf
2.066981807632997992e+00 inf
2.109999999999999876e+00 inf
