# k [Mpc^-1], sensitivity [mK^2], z=12.0, 109.3 MHz
3.500000000000000333e-02 1.695896545498210006e+00
3.572842282756675397e-02 1.800594319630410833e+00
3.647200564986839699e-02 1.911755709681483451e+00
3.723106397794004319e-02 2.029779753081711213e+00
3.800591988925806214e-02 2.155090122213832338e+00
3.879690216440116746e-02 2.288136645275058001e+00
3.960434642655615706e-02 2.429396921030999579e+00
4.042859528392659524e-02 2.579378033257892611e+00
4.126999847510574859e-02 2.738618371027592424e+00
4.212891301747467149e-02 2.907689561369518838e+00
4.300570335868902916e-02 3.087198521247369598e+00
4.390074153131857948e-02 3.277789636216517088e+00
4.481440731070487210e-02 3.480147073582869233e+00
4.574708837610465956e-02 3.694997238366823034e+00
4.669918047518661214e-02 3.923111380888403943e+00
4.767108759195193973e-02 4.165308365334213114e+00
4.866322211814942678e-02 4.422457609244379029e+00
4.967600502825834929e-02 4.695482204471613130e+00
5.070986605811275694e-02 4.985362230815505669e+00
5.176524388724366293e-02 5.293138274227274565e+00
5.284258632501594166e-02 5.619915162214132565e+00
5.394235050063903719e-02 5.966865929852363415e+00
5.506500305713256382e-02 6.335236030646040462e+00
5.621102034932823344e-02 6.726347807346961361e+00
5.738088864599311806e-02 7.141605238785014187e+00
5.857510433615904094e-02 7.582498979748439893e+00
5.979417413974657397e-02 8.050611712006023879e+00
6.103861532257209149e-02 8.547623825679526277e+00
6.230895591583001519e-02 9.075319451361171019e+00
6.360573494014265528e-02 9.646143203385937781e+00
6.492950263427293978e-02 1.025438328422970002e+01
6.628082068859754428e-02 1.090097610234312597e+01
6.766026248343849636e-02 1.158833999959873928e+01
6.906841333235554103e-02 1.231904580704798136e+01
7.050587073050135212e-02 1.309582646016608543e+01
7.197324460814619185e-02 1.392158722038904628e+01
7.347115758947816988e-02 1.479941654117195426e+01
7.500024525679045706e-02 1.573259761920978228e+01
7.656115642016625422e-02 1.672462067402322106e+01
7.815455339277647961e-02 1.777919600183697568e+01
7.978111227190747001e-02 1.890026785257404285e+01
8.144152322583671222e-02 2.009202918186710818e+01
8.313649078667982584e-02 2.135893733326224364e+01
8.486673414933156023e-02 2.270573070926769432e+01
8.663298747662909194e-02 2.413744649360048200e+01
8.843600021086570062e-02 2.565943949091326459e+01
9.027653739178835568e-02 2.727740215446570815e+01
9.215537998121303698e-02 2.899738587664564804e+01
9.407332519439604024e-02 3.082775617421322067e+01
9.603118683830201563e-02 3.278203939538497025e+01
9.802979565691193053e-02 3.486021171464645363e+01
1.000699996837176586e-01 3.707012691105040147e+01
1.021526646015524509e-01 3.942013664317525468e+01
1.042786741099108044e-01 4.191912201151345130e+01
1.064489302999123421e-01 4.457652712171341847e+01
1.086643540370700461e-01 4.740239477551767067e+01
1.109258853520242866e-01 5.040740442427841117e+01
1.132344838394090808e-01 5.360291252848450227e+01
1.155911290650195183e-01 5.700099547582468773e+01
1.179968209814531294e-01 6.061449521998294898e+01
1.204525803524016392e-01 6.445706781264200913e+01
1.229594491857733396e-01 6.854323501210707548e+01
1.255184911758291388e-01 7.289063703840406561e+01
1.281307921545208894e-01 7.752156602506174465e+01
1.307974605522227440e-01 8.244670979911619213e+01
1.335196278680513826e-01 8.768476058007070151e+01
1.362984491499744655e-01 9.325559815204104552e+01
1.391351034849112878e-01 9.918036531277878964e+01
1.420307944990333859e-01 1.054815481161649302e+02
1.449867508684773432e-01 1.121830612127140085e+02
1.480042268406868700e-01 1.193103386119804981e+02
1.510845027666047613e-01 1.268904302113317470e+02
1.542288856439409939e-01 1.349521044574428572e+02
1.574387096717475842e-01 1.435297269509943590e+02
1.607153368165349372e-01 1.526586168810604818e+02
1.640601573901705190e-01 1.623681296070143389e+02
1.674745906398046880e-01 1.726951943539515923e+02
1.709600853500741757e-01 1.836790891484207009e+02
1.745181204578385992e-01 1.953615902087288703e+02
1.781502056797110434e-01 2.077871308368880250e+02
1.818578821526486422e-01 2.210029704165303031e+02
1.856427230878753554e-01 2.350593741595612300e+02
1.895063344384143311e-01 2.500149877269138301e+02
1.934503555805126840e-01 2.659267236119088693e+02
1.974764600092484834e-01 2.828511321417553290e+02
2.015863560486145234e-01 3.008526629712889644e+02
2.057817875763805759e-01 3.199998675329830462e+02
2.100645347640413829e-01 3.403656600869071553e+02
2.144364148321648011e-01 3.620275953847242931e+02
2.188992828214597897e-01 3.850687406663839170e+02
2.234550323798925042e-01 4.095854609702778930e+02
2.281055965661834550e-01 4.356631222464750408e+02
2.328529486700275375e-01 4.634011071484798663e+02
2.376991030493841028e-01 4.929051258668341120e+02
2.426461159851931171e-01 5.242876189934380591e+02
2.476960865538796186e-01 5.576681860356045490e+02
2.528511575180167337e-01 5.931795107134727232e+02
2.581135162355253088e-01 6.309563401703376258e+02
2.634853955877961562e-01 6.711389992589377016e+02
2.689690749271278492e-01 7.138807040193755711e+02
2.745668810438831597e-01 7.593444281049385154e+02
2.802811891537738131e-01 8.077035241988645566e+02
2.861144239056928607e-01 8.591506355304005638e+02
2.920690604105219967e-01 9.138760994390955830e+02
2.981476252913505820e-01 9.720874205143538802e+02
3.043526977555517377e-01 1.034006637991987191e+03
3.106869106891708698e-01 1.099869934378710695e+03
3.171529517740905302e-01 1.169935624728753055e+03
3.237535646284456226e-01 1.244467301624294350e+03
3.304915499707733462e-01 1.323747078110485290e+03
3.373697668083914247e-01 1.408077435637654389e+03
3.443911336505087739e-01 1.497781221889739527e+03
3.515586297465838617e-01 1.593208256416013910e+03
3.588752963504552862e-01 1.694715163480005458e+03
3.663442380107827523e-01 1.802689305533653851e+03
3.739686238883428437e-01 1.917542724768179369e+03
3.817516891007428637e-01 2.039722275257081264e+03
3.896967360951185122e-01 2.169687762308466063e+03
3.978071360494027653e-01 2.307934292337816714e+03
4.060863303027552607e-01 2.454989603546477156e+03
4.145378318157649788e-01 2.611424393790921840e+03
4.231652266610403390e-01 2.777827390647516040e+03
4.319721755448220901e-01 2.954833779824671183e+03
4.409624153602658136e-01 3.143123041430618287e+03
4.501397607730483474e-01 3.343416342679941408e+03
4.595081058399779206e-01 3.556473193429733328e+03
4.690714256612865118e-01 3.783107513599457434e+03
4.788337780673142530e-01 4.024193008419294074e+03
4.887993053402931998e-01 4.280642120478016295e+03
4.989722359719687139e-01 4.553433924584091073e+03
5.093568864577977529e-01 4.843618771333673976e+03
5.199576631284887895e-01 5.152297459704384892e+03
5.307790640196620169e-01 5.480647913577829058e+03
5.418256807804173736e-01 5.829933249253583199e+03
5.531022006216277376e-01 6.201478906229429413e+03
5.646134083047763541e-01 6.596705358631670606e+03
5.763641881721900395e-01 7.017127643436820108e+03
5.883595262195214781e-01 7.464344348782429734e+03
6.006045122113689017e-01 7.940068626652758212e+03
6.131043418409223289e-01 8.446116294255314642e+03
6.258643189345570734e-01 8.984416985098645455e+03
6.388898577023131020e-01 9.557034178289995907e+03
6.521864850352057097e-01 1.016614683362228243e+04
6.657598428503537225e-01 1.081408783301482799e+04
6.796156904849094404e-01 1.150332817911861275e+04
6.937599071398169448e-01 1.223650189953869449e+04
7.081984943744236149e-01 1.301641025537061614e+04
7.229375786530161108e-01 1.384602988359261690e+04
7.379834139443505192e-01 1.472853323210689268e+04
7.533423843752851123e-01 1.566728687551398616e+04
7.690210069396433701e-01 1.666588126664213269e+04
7.850259342634492432e-01 1.772812602731051084e+04
8.013639574277185984e-01 1.885808298007796839e+04
8.180420088499924525e-01 2.006006454727172604e+04
8.350671652258471189e-01 2.133866460724194621e+04
8.524466505316175002e-01 2.269876572899951134e+04
8.701878390896189419e-01 2.414556275271993218e+04
8.882982586971583938e-01 2.568458438814560577e+04
9.067855938206671462e-01 2.732170512506834348e+04
9.256576888563147198e-01 2.906318404953584104e+04
9.449225514584753682e-01 3.091566823297143856e+04
9.645883559374751615e-01 3.288623532447645266e+04
9.846634467280448444e-01 3.498241428728502069e+04
1.005156341929967390e+00 3.721220871912319853e+04
1.026075736922404058e+00 3.958413824358027341e+04
1.047430508053451392e+00 4.210726346567043947e+04
1.069229716406479680e+00 4.479121998965184321e+04
1.091482611644857048e+00 4.764626090952196682e+04
1.114198635936694659e+00 5.068329408744614921e+04
1.137387427961266795e+00 5.391391756649578747e+04
1.161058826998822235e+00 5.735047192520311364e+04
1.185222877105502892e+00 6.100608490122292278e+04
1.209889831375160485e+00 6.489472156355864718e+04
1.235070156289862053e+00 6.903123384305680520e+04
1.260774536160947035e+00 inf
1.287013877662505523e+00 inf
1.313799314459207501e+00 inf
1.341142211930455019e+00 inf
1.369054171992841074e+00 inf
1.397547038022987298e+00 inf
1.426632899882822825e+00 inf
1.456324099049463694e+00 inf
1.486633233851841318e+00 inf
1.517573164816328868e+00 inf
1.549157020123613560e+00 inf
1.581398201179137208e+00 inf
1.614310388299477594e+00 inf
1.647907546517062949e+00 inf
1.682203931505708239e+00 inf
1.717214095629459480e+00 inf
1.752952894117343119e+00 inf
1.789435491366608399e+00 inf
1.826677367377168348e+00 inf
1.864694324319941865e+00 inf
1.903502493241907789e+00 inf
1.943118340910698461e+00 inf
1.983558676801640885e+00 inf
2.024840660230225353e+00 inf
2.066981807632997992e+00 inf
2.109999999999999876e+00 inf
