# k [Mpc^-1], sensitivity [mK^2], z=7.0, 177.6 MHz
3.500000000000000333e-02 inf
3.572842282756675397e-02 inf
3.647200564986839699e-02 inf
3.723106397794004319e-02 inf
3.800591988925806214e-02 inf
3.879690216440116746e-02 inf
3.960434642655615706e-02 inf
4.042859528392659524e-02 5.629318132498524474e-02
4.126999847510574859e-02 5.870186837207429231e-02
4.212891301747467149e-02 6.121361893687993216e-02
4.300570335868902916e-02 6.383284292757067380e-02
4.390074153131857948e-02 6.656413894459409231e-02
4.481440731070487210e-02 6.941230235449029340e-02
4.574708837610465956e-02 7.238233370917025733e-02
4.669918047518661214e-02 7.547944752543930824e-02
4.767108759195193973e-02 7.870908144018258501e-02
4.866322211814942678e-02 8.207690575728321392e-02
4.967600502825834929e-02 8.558883340303824472e-02
5.070986605811275694e-02 8.925103030754782951e-02
5.176524388724366293e-02 9.306992623030713174e-02
5.284258632501594166e-02 9.705222604900605454e-02
5.394235050063903719e-02 1.012049215313564066e-01
5.506500305713256382e-02 1.055353036106162629e-01
5.621102034932823344e-02 1.100509751863612828e-01
5.738088864599311806e-02 1.147598644729800055e-01
5.857510433615904094e-02 1.196702389193264465e-01
5.979417413974657397e-02 1.247907197239723209e-01
6.103861532257209149e-02 1.301302969715391333e-01
6.230895591583001519e-02 1.356983454166901526e-01
6.360573494014265528e-02 1.415046409434901065e-01
6.492950263427293978e-02 1.475593777290319097e-01
6.628082068859754428e-02 1.538731861414672775e-01
6.766026248343849636e-02 1.604571514038597990e-01
6.906841333235554103e-02 1.673228330566347011e-01
7.050587073050135212e-02 1.744822852527903034e-01
7.197324460814619185e-02 1.819480779215084387e-01
7.347115758947816988e-02 1.897333188373165058e-01
7.500024525679045706e-02 1.978516766335529919e-01
7.656115642016625422e-02 2.063174048005374794e-01
7.815455339277647961e-02 2.151453667105797385e-01
7.978111227190747001e-02 2.242719427843391511e-01
8.144152322583671222e-02 2.321914199998581507e-01
8.313649078667982584e-02 2.403905493135778115e-01
8.486673414933156023e-02 2.488792057833960070e-01
8.663298747662909194e-02 2.576676131746559739e-01
8.843600021086570062e-02 2.667663562736806160e-01
9.027653739178835568e-02 2.761863936361248495e-01
9.215537998121303698e-02 2.859390707854951863e-01
9.407332519439604024e-02 2.960361338777341422e-01
9.603118683830201563e-02 3.064897438483289993e-01
9.802979565691193053e-02 3.173124910589826819e-01
1.000699996837176586e-01 3.285174104614855262e-01
1.021526646015524509e-01 3.401179972970525545e-01
1.042786741099108044e-01 3.521282233500374059e-01
1.064489302999123421e-01 3.645625537755933232e-01
1.086643540370700461e-01 3.774359645215534242e-01
1.109258853520242866e-01 3.907639603655108096e-01
1.132344838394090808e-01 4.045625935888226277e-01
1.155911290650195183e-01 4.188484833100300508e-01
1.179968209814531294e-01 4.336388355009780371e-01
1.204525803524016392e-01 4.471031385316076023e-01
1.229594491857733396e-01 4.576857008661182058e-01
1.255184911758291388e-01 4.685187437182374848e-01
1.281307921545208894e-01 4.796081957551175390e-01
1.307974605522227440e-01 4.909601259705702048e-01
1.335196278680513826e-01 5.025807470064823645e-01
1.362984491499744655e-01 5.144764185528475364e-01
1.391351034849112878e-01 5.266536508282733120e-01
1.420307944990333859e-01 5.391191081428696741e-01
1.449867508684773432e-01 5.518796125454669133e-01
1.480042268406868700e-01 5.649421475571620999e-01
1.510845027666047613e-01 5.783138619932336466e-01
1.542288856439409939e-01 5.920020738755179535e-01
1.574387096717475842e-01 6.060142744373896440e-01
1.607153368165349372e-01 6.183212142985080595e-01
1.640601573901705190e-01 6.277552730623497945e-01
1.674745906398046880e-01 6.373332723262122856e-01
1.709600853500741757e-01 6.470574082675908389e-01
1.745181204578385992e-01 6.569299105722400389e-01
1.781502056797110434e-01 6.669530429454271214e-01
1.818578821526486422e-01 6.771291036309862177e-01
1.856427230878753554e-01 6.874604259382912641e-01
1.895063344384143311e-01 6.979493787772705904e-01
1.934503555805126840e-01 7.085983672015828683e-01
1.974764600092484834e-01 7.194098329600820962e-01
2.015863560486145234e-01 7.283657227194130224e-01
2.057817875763805759e-01 7.358656623063974944e-01
2.100645347640413829e-01 7.434428283361617096e-01
2.144364148321648011e-01 7.510980160049066656e-01
2.188992828214597897e-01 7.588320286969217898e-01
2.234550323798925042e-01 7.666456780688983841e-01
2.281055965661834550e-01 7.745397841351093771e-01
2.328529486700275375e-01 7.825151753534672627e-01
2.376991030493841028e-01 7.905726887124675528e-01
2.426461159851931171e-01 7.971081203131735737e-01
2.476960865538796186e-01 8.030513993721352106e-01
2.528511575180167337e-01 8.090389918248166445e-01
2.581135162355253088e-01 8.150712280741559956e-01
2.634853955877961562e-01 8.211484409865924539e-01
2.689690749271278492e-01 8.272709659104350299e-01
2.745668810438831597e-01 8.334391406943660874e-01
2.802811891537738131e-01 8.393353760465718238e-01
2.861144239056928607e-01 8.442068904607529234e-01
2.920690604105219967e-01 8.491066792136130470e-01
2.981476252913505820e-01 8.540349064098143872e-01
3.043526977555517377e-01 8.589917371064850204e-01
3.106869106891708698e-01 8.639773373187468186e-01
3.171529517740905302e-01 8.689918740252761120e-01
3.237535646284456226e-01 8.734033684508787365e-01
3.304915499707733462e-01 8.776235074898158794e-01
3.373697668083914247e-01 8.818640375349607874e-01
3.443911336505087739e-01 8.861250571122459840e-01
3.515586297465838617e-01 8.904066652236648505e-01
3.588752963504552862e-01 8.946934703074367334e-01
3.663442380107827523e-01 8.984999166732213771e-01
3.739686238883428437e-01 9.023225574501828605e-01
3.817516891007428637e-01 9.061614615369550929e-01
3.896967360951185122e-01 9.100166981252987286e-01
3.978071360494027653e-01 9.138883367013486136e-01
4.060863303027552607e-01 9.174874328193345363e-01
4.145378318157649788e-01 9.210738076738650415e-01
4.231652266610403390e-01 9.246742013412285743e-01
4.319721755448220901e-01 9.282886686196880621e-01
4.409624153602658136e-01 9.318652540900119741e-01
4.501397607730483474e-01 9.353266211180492062e-01
4.595081058399779206e-01 9.388008452213452149e-01
4.690714256612865118e-01 9.422879741568648271e-01
4.788337780673142530e-01 9.457802617077305518e-01
4.887993053402931998e-01 9.491709672742142390e-01
4.989722359719687139e-01 9.525738288188929648e-01
5.093568864577977529e-01 9.559888899220195801e-01
5.199576631284887895e-01 9.594057716206421116e-01
5.307790640196620169e-01 9.627865898344554196e-01
5.418256807804173736e-01 9.661793216015669428e-01
5.531022006216277376e-01 9.695840089037526255e-01
5.646134083047763541e-01 9.729919333767150791e-01
5.763641881721900395e-01 9.764054788983786981e-01
5.883595262195214781e-01 9.798310001545048609e-01
6.006045122113689017e-01 9.832710306384784271e-01
6.131043418409223289e-01 9.867314655708550042e-01
6.258643189345570734e-01 9.902040788442464381e-01
6.388898577023131020e-01 9.936916988124615546e-01
6.521864850352057097e-01 9.972174043497826768e-01
6.657598428503537225e-01 1.000755619400417462e+00
6.796156904849094404e-01 1.004312788006061163e+00
6.937599071398169448e-01 1.007917724221264244e+00
7.081984943744236149e-01 1.011535600195147211e+00
7.229375786530161108e-01 1.015186281720947825e+00
7.379834139443505192e-01 1.018882634322796354e+00
7.533423843752851123e-01 1.022592445560565277e+00
7.690210069396433701e-01 1.026361944332274900e+00
7.850259342634492432e-01 1.030160388995682519e+00
8.013639574277185984e-01 1.033990931548917303e+00
8.180420088499924525e-01 1.037886010608220166e+00
8.350671652258471189e-01 1.041795762563015204e+00
8.524466505316175002e-01 1.045786608566863674e+00
8.701878390896189419e-01 1.049800466971303692e+00
8.882982586971583938e-01 1.053879878408285453e+00
9.067855938206671462e-01 1.058003746655361121e+00
9.256576888563147198e-01 1.062183269906948668e+00
9.449225514584753682e-01 1.066422343293655484e+00
9.645883559374751615e-01 1.070713717719866231e+00
9.846634467280448444e-01 1.075072749154761809e+00
1.005156341929967390e+00 1.079487655433780668e+00
1.026075736922404058e+00 1.083971090346039778e+00
1.047430508053451392e+00 1.088521025216060201e+00
1.069229716406479680e+00 1.093133099951731246e+00
1.091482611644857048e+00 1.097829461100626736e+00
1.114198635936694659e+00 1.102574472934185090e+00
1.137387427961266795e+00 1.107429047284977708e+00
1.161058826998822235e+00 1.112333899158026496e+00
1.185222877105502892e+00 1.117336570810203877e+00
1.209889831375160485e+00 1.122419998375287609e+00
1.235070156289862053e+00 1.127568846814025250e+00
1.260774536160947035e+00 1.132842838654315010e+00
1.287013877662505523e+00 1.138189394088804374e+00
1.313799314459207501e+00 1.143619185229259205e+00
1.341142211930455019e+00 1.149176528396812502e+00
1.369054171992841074e+00 1.154820295763752780e+00
1.397547038022987298e+00 1.160556137166484314e+00
1.426632899882822825e+00 1.166419377472647012e+00
1.456324099049463694e+00 1.172392808399364439e+00
1.486633233851841318e+00 1.178471351437364367e+00
1.517573164816328868e+00 1.184660414782934712e+00
1.549157020123613560e+00 1.190983041850105062e+00
1.581398201179137208e+00 1.197435305082816148e+00
1.614310388299477594e+00 inf
1.647907546517062949e+00 inf
1.682203931505708239e+00 inf
1.717214095629459480e+00 inf
1.752952894117343119e+00 inf
1.789435491366608399e+00 inf
1.826677367377168348e+00 inf
1.864694324319941865e+00 inf
1.903502493241907789e+00 inf
1.943118340910698461e+00 inf
1.983558676801640885e+00 inf
2.024840660230225353e+00 inf
2.066981807632997992e+00 inf
2.109999999999999876e+00 inf
