# k [Mpc^-1], sensitivity [mK^2], z=6.5, 189.4 MHz
3.500000000000000333e-02 inf
3.572842282756675397e-02 inf
3.647200564986839699e-02 inf
3.723106397794004319e-02 inf
3.800591988925806214e-02 inf
3.879690216440116746e-02 inf
3.960434642655615706e-02 inf
4.042859528392659524e-02 inf
4.126999847510574859e-02 inf
4.212891301747467149e-02 inf
4.300570335868902916e-02 inf
4.390074153131857948e-02 inf
4.481440731070487210e-02 inf
4.574708837610465956e-02 inf
4.669918047518661214e-02 inf
4.767108759195193973e-02 inf
4.866322211814942678e-02 inf
4.967600502825834929e-02 inf
5.070986605811275694e-02 inf
5.176524388724366293e-02 inf
5.284258632501594166e-02 inf
5.394235050063903719e-02 inf
5.506500305713256382e-02 inf
5.621102034932823344e-02 inf
5.738088864599311806e-02 inf
5.857510433615904094e-02 inf
5.979417413974657397e-02 inf
6.103861532257209149e-02 inf
6.230895591583001519e-02 inf
6.360573494014265528e-02 inf
6.492950263427293978e-02 inf
6.628082068859754428e-02 inf
6.766026248343849636e-02 inf
6.906841333235554103e-02 inf
7.050587073050135212e-02 inf
7.197324460814619185e-02 inf
7.347115758947816988e-02 inf
7.500024525679045706e-02 inf
7.656115642016625422e-02 inf
7.815455339277647961e-02 inf
7.978111227190747001e-02 inf
8.144152322583671222e-02 inf
8.313649078667982584e-02 2.048068979087318109e+00
8.486673414933156023e-02 1.973610324181622966e+00
8.663298747662909194e-02 1.901858653926822074e+00
8.843600021086570062e-02 1.832715554432559957e+00
9.027653739178835568e-02 1.766086189698660602e+00
9.215537998121303698e-02 1.701879171539003588e+00
9.407332519439604024e-02 1.640006434234381194e+00
9.603118683830201563e-02 1.580383113742415135e+00
9.802979565691193053e-02 1.522927431298861434e+00
1.000699996837176586e-01 1.467560581250659579e+00
1.021526646015524509e-01 1.414206622966871940e+00
1.042786741099108044e-01 1.362792376679247131e+00
1.064489302999123421e-01 1.313247323109570930e+00
1.086643540370700461e-01 1.265503506746110673e+00
1.109258853520242866e-01 1.219495442636498783e+00
1.132344838394090808e-01 1.175160026569211702e+00
1.155911290650195183e-01 1.132436448520449668e+00
1.179968209814531294e-01 1.091266109247701621e+00
1.204525803524016392e-01 1.051592539915596092e+00
1.229594491857733396e-01 1.013361324643797801e+00
1.255184911758291388e-01 9.906783909246843489e-01
1.281307921545208894e-01 9.723470150731654549e-01
1.307974605522227440e-01 9.543548404636316151e-01
1.335196278680513826e-01 9.366955905632414758e-01
1.362984491499744655e-01 9.193631049792485577e-01
1.391351034849112878e-01 9.023513373099610879e-01
1.420307944990333859e-01 8.856543530354676896e-01
1.449867508684773432e-01 8.692663274473924062e-01
1.480042268406868700e-01 8.531815436169563061e-01
1.510845027666047613e-01 8.373943904006400096e-01
1.542288856439409939e-01 8.218993604827472543e-01
1.574387096717475842e-01 8.066910484541891524e-01
1.607153368165349372e-01 7.917641489268186783e-01
1.640601573901705190e-01 7.771134546826570233e-01
1.674745906398046880e-01 7.611283697411930227e-01
1.709600853500741757e-01 7.451227341656354586e-01
1.745181204578385992e-01 7.294536783056189133e-01
1.781502056797110434e-01 7.141141242850800319e-01
1.818578821526486422e-01 6.990971430673758036e-01
1.856427230878753554e-01 6.843959513253643490e-01
1.895063344384143311e-01 6.700039083773060566e-01
1.934503555805126840e-01 6.559145131871979562e-01
1.974764600092484834e-01 6.421214014281877436e-01
2.015863560486145234e-01 6.286183426077412983e-01
2.057817875763805759e-01 6.153992372532638422e-01
2.100645347640413829e-01 6.190868735108784326e-01
2.144364148321648011e-01 6.230548012915668732e-01
2.188992828214597897e-01 6.270481608033200427e-01
2.234550323798925042e-01 6.310671150463185164e-01
2.281055965661834550e-01 6.351118280654635129e-01
2.328529486700275375e-01 6.391824649570735373e-01
2.376991030493841028e-01 6.432791918756222138e-01
2.426461159851931171e-01 6.474021760405211934e-01
2.476960865538796186e-01 6.513965704349149455e-01
2.528511575180167337e-01 6.544066488176879526e-01
2.581135162355253088e-01 6.574306366563618109e-01
2.634853955877961562e-01 6.604685982259946853e-01
2.689690749271278492e-01 6.635205980986577101e-01
2.745668810438831597e-01 6.665867011448064483e-01
2.802811891537738131e-01 6.696669725346608981e-01
2.861144239056928607e-01 6.727614777395897194e-01
2.920690604105219967e-01 6.752772467907454113e-01
2.981476252913505820e-01 6.774823816244666119e-01
3.043526977555517377e-01 6.796947173814500420e-01
3.106869106891708698e-01 6.819142775764917008e-01
3.171529517740905302e-01 6.841410858011759411e-01
3.237535646284456226e-01 6.863751657241257131e-01
3.304915499707733462e-01 6.885224094041741960e-01
3.373697668083914247e-01 6.902075801672189481e-01
3.443911336505087739e-01 6.918968754154827261e-01
3.515586297465838617e-01 6.935903052437161209e-01
3.588752963504552862e-01 6.952878797713765158e-01
3.663442380107827523e-01 6.969896091426892593e-01
3.739686238883428437e-01 6.985348577367914702e-01
3.817516891007428637e-01 6.998864443115982992e-01
3.896967360951185122e-01 7.012406460547806475e-01
3.978071360494027653e-01 7.025974680263959993e-01
4.060863303027552607e-01 7.039569152962923404e-01
4.145378318157649788e-01 7.052410831288837834e-01
4.231652266610403390e-01 7.063723888330416534e-01
4.319721755448220901e-01 7.075055093103699289e-01
4.409624153602658136e-01 7.086404474720193747e-01
4.501397607730483474e-01 7.097772062338110199e-01
4.595081058399779206e-01 7.108060294694622527e-01
4.690714256612865118e-01 7.117909122706752578e-01
4.788337780673142530e-01 7.127771597115957203e-01
4.887993053402931998e-01 7.137647736830492473e-01
4.989722359719687139e-01 7.147026711003581223e-01
5.093568864577977529e-01 7.155871314800473781e-01
5.199576631284887895e-01 7.164726863990392713e-01
5.307790640196620169e-01 7.173593372118504119e-01
5.418256807804173736e-01 7.182049350834328605e-01
5.531022006216277376e-01 7.190231041739755247e-01
5.646134083047763541e-01 7.198422053113865404e-01
5.763641881721900395e-01 7.206622395574410200e-01
5.883595262195214781e-01 7.214363763532701812e-01
6.006045122113689017e-01 7.222113336205221445e-01
6.131043418409223289e-01 7.229871233364635330e-01
6.258643189345570734e-01 7.237438848941849523e-01
6.388898577023131020e-01 7.244907491941234845e-01
6.521864850352057097e-01 7.252383842173719675e-01
6.657598428503537225e-01 7.259770602219256519e-01
6.796156904849094404e-01 7.267073951913419760e-01
6.937599071398169448e-01 7.274384648797965758e-01
7.081984943744236149e-01 7.281644904504821492e-01
7.229375786530161108e-01 7.288869472411794170e-01
7.379834139443505192e-01 7.296101208257073090e-01
7.533423843752851123e-01 7.303313854853086262e-01
7.690210069396433701e-01 7.310527023116720757e-01
7.850259342634492432e-01 7.317750739609669708e-01
8.013639574277185984e-01 7.324997829837448515e-01
8.180420088499924525e-01 7.332252097177243133e-01
8.350671652258471189e-01 7.339555234571547571e-01
8.524466505316175002e-01 7.346884909659340268e-01
8.701878390896189419e-01 7.354251509799827335e-01
8.882982586971583938e-01 7.361689783754834515e-01
9.067855938206671462e-01 7.369142455772200728e-01
9.256576888563147198e-01 7.376716300325527609e-01
9.449225514584753682e-01 7.384297929111777181e-01
9.645883559374751615e-01 7.392015359013767162e-01
9.846634467280448444e-01 7.399755236353013910e-01
1.005156341929967390e+00 7.407637019894867114e-01
1.026075736922404058e+00 7.415554064024396652e-01
1.047430508053451392e+00 7.423629464281604751e-01
1.069229716406479680e+00 7.431739902939851206e-01
1.091482611644857048e+00 7.440038780794350215e-01
1.114198635936694659e+00 7.448380181212643780e-01
1.137387427961266795e+00 7.456909945218084257e-01
1.161058826998822235e+00 7.465524053520793402e-01
1.185222877105502892e+00 7.474287176609777372e-01
1.209889831375160485e+00 7.483205129121838217e-01
1.235070156289862053e+00 7.492213112157543042e-01
1.260774536160947035e+00 7.501465229506057986e-01
1.287013877662505523e+00 7.510827442746448313e-01
1.313799314459207501e+00 7.520344625621104839e-01
1.341142211930455019e+00 7.530090446495626422e-01
1.369054171992841074e+00 7.539977939788347072e-01
1.397547038022987298e+00 7.550039593558234285e-01
1.426632899882822825e+00 7.560357487752453753e-01
1.456324099049463694e+00 7.570848185502039307e-01
1.486633233851841318e+00 7.581524132955448358e-01
1.517573164816328868e+00 7.592448388333256082e-01
1.549157020123613560e+00 7.603616714487330119e-01
1.581398201179137208e+00 7.615000762161746595e-01
1.614310388299477594e+00 7.626612861184252079e-01
1.647907546517062949e+00 inf
1.682203931505708239e+00 inf
1.717214095629459480e+00 inf
1.752952894117343119e+00 inf
1.789435491366608399e+00 inf
1.826677367377168348e+00 inf
1.864694324319941865e+00 inf
1.903502493241907789e+00 inf
1.943118340910698461e+00 inf
1.983558676801640885e+00 inf
2.024840660230225353e+00 inf
2.066981807632997992e+00 inf
2.109999999999999876e+00 inf
