# k [Mpc^-1], sensitivity [mK^2], z=7.0, 177.6 MHz
3.500000000000000333e-02 inf
3.572842282756675397e-02 inf
3.647200564986839699e-02 inf
3.723106397794004319e-02 inf
3.800591988925806214e-02 inf
3.879690216440116746e-02 inf
3.960434642655615706e-02 inf
4.042859528392659524e-02 9.682263930412494946e-02
4.126999847510574859e-02 1.026634225530292793e-01
4.212891301747467149e-02 1.088565484896133612e-01
4.300570335868902916e-02 1.154232720319715716e-01
4.390074153131857948e-02 1.223861302918097943e-01
4.481440731070487210e-02 1.297690199222120977e-01
4.574708837610465956e-02 1.375972791313792298e-01
4.669918047518661214e-02 1.458977746438074596e-01
4.767108759195193973e-02 1.546989939073651898e-01
4.866322211814942678e-02 1.640311428627177215e-01
4.967600502825834929e-02 1.739262496106533662e-01
5.070986605811275694e-02 1.844182743330919083e-01
5.176524388724366293e-02 1.955432258450328642e-01
5.284258632501594166e-02 2.073392851774468471e-01
5.394235050063903719e-02 2.198469366152505933e-01
5.506500305713256382e-02 2.331091066400928502e-01
5.621102034932823344e-02 2.471713112547986868e-01
5.738088864599311806e-02 2.620818121951012936e-01
5.857510433615904094e-02 2.778917825647726492e-01
5.979417413974657397e-02 2.946554824626263502e-01
6.103861532257209149e-02 3.124304452041362645e-01
6.230895591583001519e-02 3.312776747767993135e-01
6.360573494014265528e-02 3.512618552069010636e-01
6.492950263427293978e-02 3.724515725562406177e-01
6.628082068859754428e-02 3.949195503107147398e-01
6.766026248343849636e-02 4.187428989686077241e-01
6.906841333235554103e-02 4.440033806851939047e-01
7.050587073050135212e-02 4.707876898819007283e-01
7.197324460814619185e-02 4.991877507831057881e-01
7.347115758947816988e-02 5.293010329017009408e-01
7.500024525679045706e-02 5.612308855561949361e-01
7.656115642016625422e-02 5.950868925674053234e-01
7.815455339277647961e-02 6.309852483520740352e-01
7.978111227190747001e-02 6.691128803174605233e-01
8.144152322583671222e-02 7.108565893368278266e-01
8.313649078667982584e-02 7.552045483922543712e-01
8.486673414933156023e-02 8.023192279112496550e-01
8.663298747662909194e-02 8.523732343065254513e-01
8.843600021086570062e-02 9.055499423261156311e-01
9.027653739178835568e-02 9.620441668537194069e-01
9.215537998121303698e-02 1.022062876620401628e+00
9.407332519439604024e-02 1.085825952442374120e+00
9.603118683830201563e-02 1.153566992762696142e+00
9.802979565691193053e-02 1.225534169448019961e+00
1.000699996837176586e-01 1.301991136975620744e+00
1.021526646015524509e-01 1.383217998341552235e+00
1.042786741099108044e-01 1.469512331228594260e+00
1.064489302999123421e-01 1.561190278193350212e+00
1.086643540370700461e-01 1.658587704866484103e+00
1.109258853520242866e-01 1.762061430409174179e+00
1.132344838394090808e-01 1.871990534733624756e+00
1.155911290650195183e-01 1.988777747276680108e+00
1.179968209814531294e-01 2.112850922414368782e+00
1.204525803524016392e-01 2.245161999813475973e+00
1.229594491857733396e-01 2.386679321175900093e+00
1.255184911758291388e-01 2.537116779369102737e+00
1.281307921545208894e-01 2.697036629531274432e+00
1.307974605522227440e-01 2.867036566934150432e+00
1.335196278680513826e-01 3.047751960849756525e+00
1.362984491499744655e-01 3.239858229222536856e+00
1.391351034849112878e-01 3.444073363022089662e+00
1.420307944990333859e-01 3.661160609711217262e+00
1.449867508684773432e-01 3.891931325858644097e+00
1.480042268406868700e-01 4.137248009557985995e+00
1.510845027666047613e-01 4.398027523986482556e+00
1.542288856439409939e-01 4.675244524151499270e+00
1.574387096717475842e-01 4.969935099632123432e+00
1.607153368165349372e-01 5.283748391635815445e+00
1.640601573901705190e-01 5.618255322531314100e+00
1.674745906398046880e-01 5.973939432679754802e+00
1.709600853500741757e-01 6.352141420523205184e+00
1.745181204578385992e-01 6.754286862300292071e+00
1.781502056797110434e-01 7.181891585544196488e+00
1.818578821526486422e-01 7.636567382769434253e+00
1.856427230878753554e-01 8.120028086884458318e+00
1.895063344384143311e-01 8.634096031230317436e+00
1.934503555805126840e-01 9.180708918595623658e+00
1.974764600092484834e-01 9.761927125099509439e+00
2.015863560486145234e-01 1.038072793068081268e+01
2.057817875763805759e-01 1.103939644376090357e+01
2.100645347640413829e-01 1.173985819263526231e+01
2.144364148321648011e-01 1.248476500371350184e+01
2.188992828214597897e-01 1.327693696468416995e+01
2.234550323798925042e-01 1.411937310087650665e+01
2.281055965661834550e-01 1.501526272904899884e+01
2.328529486700275375e-01 1.596799753158812862e+01
2.376991030493841028e-01 1.698118439682832204e+01
2.426461159851931171e-01 1.805966212553133232e+01
2.476960865538796186e-01 1.920706070883664296e+01
2.528511575180167337e-01 2.042735786022256406e+01
2.581135162355253088e-01 2.172518510120700697e+01
2.634853955877961562e-01 2.310546821137270967e+01
2.689690749271278492e-01 2.457344592369412339e+01
2.745668810438831597e-01 2.613468980764892891e+01
2.802811891537738131e-01 2.779543999428636880e+01
2.861144239056928607e-01 2.956283921232887835e+01
2.920690604105219967e-01 3.144262017344071225e+01
2.981476252913505820e-01 3.344192877654861462e+01
3.043526977555517377e-01 3.556836529928955315e+01
3.106869106891708698e-01 3.783001329010875935e+01
3.171529517740905302e-01 4.023547029748907988e+01
3.237535646284456226e-01 4.279493363533639183e+01
3.304915499707733462e-01 4.551758685788760062e+01
3.373697668083914247e-01 4.841345779432606378e+01
3.443911336505087739e-01 5.149356671567113608e+01
3.515586297465838617e-01 5.476963501276774338e+01
3.588752963504552862e-01 5.825417036871405685e+01
3.663442380107827523e-01 6.196178682962757733e+01
3.739686238883428437e-01 6.590537643605540552e+01
3.817516891007428637e-01 7.009995781950692617e+01
3.896967360951185122e-01 7.456150547997320643e+01
3.978071360494027653e-01 7.930701062266614088e+01
4.060863303027552607e-01 8.435584743232578830e+01
4.145378318157649788e-01 8.972623125331955407e+01
4.231652266610403390e-01 9.543851220726473628e+01
4.319721755448220901e-01 1.015144566433489643e+02
4.409624153602658136e-01 1.079776108334989999e+02
4.501397607730483474e-01 1.148532928617069189e+02
4.595081058399779206e-01 1.221667971661081111e+02
4.690714256612865118e-01 1.299460029221418722e+02
4.788337780673142530e-01 1.382206508457321661e+02
4.887993053402931998e-01 1.470235520054381197e+02
4.989722359719687139e-01 1.563870862424260224e+02
5.093568864577977529e-01 1.663469587681531721e+02
5.199576631284887895e-01 1.769413907734556233e+02
5.307790640196620169e-01 1.882117571814440566e+02
5.418256807804173736e-01 2.001999949615009484e+02
5.531022006216277376e-01 2.129518292735888849e+02
5.646134083047763541e-01 2.265167062785324106e+02
5.763641881721900395e-01 2.409462780155193968e+02
5.883595262195214781e-01 2.562950426188228903e+02
6.006045122113689017e-01 2.726218693761612712e+02
6.131043418409223289e-01 2.899898834279756556e+02
6.258643189345570734e-01 3.084643674515281759e+02
6.388898577023131020e-01 3.281159438883825032e+02
6.521864850352057097e-01 3.490207762182792521e+02
6.657598428503537225e-01 3.712574914477460766e+02
6.796156904849094404e-01 3.949111559103804439e+02
6.937599071398169448e-01 4.200730698075792020e+02
7.081984943744236149e-01 4.468381845804542536e+02
7.229375786530161108e-01 4.753091712553842285e+02
7.379834139443505192e-01 5.055951388502919599e+02
7.533423843752851123e-01 5.378108816076212406e+02
7.690210069396433701e-01 5.720804249114067943e+02
7.850259342634492432e-01 6.085340056090635699e+02
8.013639574277185984e-01 6.473108094199815241e+02
8.180420088499924525e-01 6.885596045656096749e+02
8.350671652258471189e-01 7.324369099665996146e+02
8.524466505316175002e-01 7.791114960450314584e+02
8.701878390896189419e-01 8.287605799300037006e+02
8.882982586971583938e-01 8.815744562243141900e+02
9.067855938206671462e-01 9.377545062621873058e+02
9.256576888563147198e-01 9.975154035755914492e+02
9.449225514584753682e-01 1.061085489169887524e+03
9.645883559374751615e-01 1.128707366384164288e+03
9.846634467280448444e-01 1.200639575902591787e+03
1.005156341929967390e+00 1.277156601272989292e+03
1.026075736922404058e+00 1.358550908046440099e+03
1.047430508053451392e+00 1.445133277875519752e+03
1.069229716406479680e+00 1.537234362246304499e+03
1.091482611644857048e+00 1.635206199201262507e+03
1.114198635936694659e+00 1.739422483841357689e+03
1.137387427961266795e+00 1.850282088873170096e+03
1.161058826998822235e+00 1.968207586946776701e+03
1.185222877105502892e+00 2.093650046206209026e+03
1.209889831375160485e+00 2.227088309591516918e+03
1.235070156289862053e+00 2.369031849097258146e+03
1.260774536160947035e+00 2.520023576831767969e+03
1.287013877662505523e+00 2.680639492206292289e+03
1.313799314459207501e+00 2.851493216312932418e+03
1.341142211930455019e+00 3.033237863600717901e+03
1.369054171992841074e+00 3.226567076962416195e+03
1.397547038022987298e+00 3.432219359671700204e+03
1.426632899882822825e+00 3.650980637669700172e+03
1.456324099049463694e+00 3.883686250547230884e+03
1.486633233851841318e+00 4.131224970881158697e+03
1.517573164816328868e+00 4.394542356817657492e+03
1.549157020123613560e+00 4.674644442238764896e+03
1.581398201179137208e+00 4.972601043599711375e+03
1.614310388299477594e+00 inf
1.647907546517062949e+00 inf
1.682203931505708239e+00 inf
1.717214095629459480e+00 inf
1.752952894117343119e+00 inf
1.789435491366608399e+00 inf
1.826677367377168348e+00 inf
1.864694324319941865e+00 inf
1.903502493241907789e+00 inf
1.943118340910698461e+00 inf
1.983558676801640885e+00 inf
2.024840660230225353e+00 inf
2.066981807632997992e+00 inf
2.109999999999999876e+00 inf
