# k [Mpc^-1], sensitivity [mK^2], z=7.0, 177.6 MHz
3.500000000000000333e-02 inf
3.572842282756675397e-02 inf
3.647200564986839699e-02 inf
3.723106397794004319e-02 inf
3.800591988925806214e-02 inf
3.879690216440116746e-02 inf
3.960434642655615706e-02 inf
4.042859528392659524e-02 inf
4.126999847510574859e-02 inf
4.212891301747467149e-02 inf
4.300570335868902916e-02 inf
4.390074153131857948e-02 inf
4.481440731070487210e-02 inf
4.574708837610465956e-02 inf
4.669918047518661214e-02 inf
4.767108759195193973e-02 inf
4.866322211814942678e-02 inf
4.967600502825834929e-02 inf
5.070986605811275694e-02 inf
5.176524388724366293e-02 inf
5.284258632501594166e-02 inf
5.394235050063903719e-02 inf
5.506500305713256382e-02 inf
5.621102034932823344e-02 inf
5.738088864599311806e-02 inf
5.857510433615904094e-02 inf
5.979417413974657397e-02 inf
6.103861532257209149e-02 inf
6.230895591583001519e-02 inf
6.360573494014265528e-02 inf
6.492950263427293978e-02 inf
6.628082068859754428e-02 inf
6.766026248343849636e-02 inf
6.906841333235554103e-02 inf
7.050587073050135212e-02 inf
7.197324460814619185e-02 inf
7.347115758947816988e-02 inf
7.500024525679045706e-02 inf
7.656115642016625422e-02 inf
7.815455339277647961e-02 inf
7.978111227190747001e-02 4.766596758383427002e+00
8.144152322583671222e-02 4.616617113335112599e+00
8.313649078667982584e-02 4.471356536223316525e+00
8.486673414933156023e-02 4.330666542884197945e+00
8.663298747662909194e-02 4.194403321166932486e+00
8.843600021086570062e-02 4.062427583930154462e+00
9.027653739178835568e-02 3.934604426663760979e+00
9.215537998121303698e-02 3.810803189590644902e+00
9.407332519439604024e-02 3.690897324107357047e+00
9.603118683830201563e-02 3.574764263427155253e+00
9.802979565691193053e-02 3.462285297293247410e+00
1.000699996837176586e-01 3.353345450634147795e+00
1.021526646015524509e-01 3.247833366037116587e+00
1.042786741099108044e-01 3.145641189919511138e+00
1.064489302999123421e-01 3.046664462281762908e+00
1.086643540370700461e-01 2.950802009929215597e+00
1.109258853520242866e-01 2.857955843053724188e+00
1.132344838394090808e-01 2.768031055069282598e+00
1.155911290650195183e-01 2.680935725599288943e+00
1.179968209814531294e-01 2.596580826516301066e+00
1.204525803524016392e-01 2.592512604297722234e+00
1.229594491857733396e-01 2.729178368812728017e+00
1.255184911758291388e-01 2.873048546204846065e+00
1.281307921545208894e-01 3.024502921163293223e+00
1.307974605522227440e-01 3.183941298941449283e+00
1.335196278680513826e-01 3.351784560752169018e+00
1.362984491499744655e-01 3.528475774798889741e+00
1.391351034849112878e-01 3.714481365875349272e+00
1.420307944990333859e-01 3.910292346621424997e+00
1.449867508684773432e-01 4.116425613685309237e+00
1.480042268406868700e-01 4.333425312213622149e+00
1.510845027666047613e-01 4.561864272271361820e+00
1.542288856439409939e-01 4.802345520983570815e+00
1.574387096717475842e-01 5.055503874390389285e+00
1.607153368165349372e-01 5.341091866425951906e+00
1.640601573901705190e-01 5.673370759491696447e+00
1.674745906398046880e-01 6.026321317740927164e+00
1.709600853500741757e-01 6.401229562496020264e+00
1.745181204578385992e-01 6.799461520769595424e+00
1.781502056797110434e-01 7.222468202561851847e+00
1.818578821526486422e-01 7.671790887804427861e+00
1.856427230878753554e-01 8.149066742214573722e+00
1.895063344384143311e-01 8.656034782521631499e+00
1.934503555805126840e-01 9.194542212800962844e+00
1.974764600092484834e-01 9.766551155002543894e+00
2.015863560486145234e-01 1.038097293905803475e+01
2.057817875763805759e-01 1.103962555135245793e+01
2.100645347640413829e-01 1.174006839527824475e+01
2.144364148321648011e-01 1.248495298003344445e+01
2.188992828214597897e-01 1.327709904793546158e+01
2.234550323798925042e-01 1.411950524848644761e+01
2.281055965661834550e-01 1.501536048968739578e+01
2.328529486700275375e-01 1.596805600957114812e+01
2.376991030493841028e-01 1.698119821365072468e+01
2.426461159851931171e-01 1.805966212553133232e+01
2.476960865538796186e-01 1.920706070883664296e+01
2.528511575180167337e-01 2.042735786022256406e+01
2.581135162355253088e-01 2.172518510120700697e+01
2.634853955877961562e-01 2.310546821137270967e+01
2.689690749271278492e-01 2.457344592369412339e+01
2.745668810438831597e-01 2.613468980764892891e+01
2.802811891537738131e-01 2.779543999428636880e+01
2.861144239056928607e-01 2.956283921232887835e+01
2.920690604105219967e-01 3.144262017344071225e+01
2.981476252913505820e-01 3.344192877654861462e+01
3.043526977555517377e-01 3.556836529928955315e+01
3.106869106891708698e-01 3.783001329010875935e+01
3.171529517740905302e-01 4.023547029748907988e+01
3.237535646284456226e-01 4.279493363533639183e+01
3.304915499707733462e-01 4.551758685788760062e+01
3.373697668083914247e-01 4.841345779432606378e+01
3.443911336505087739e-01 5.149356671567113608e+01
3.515586297465838617e-01 5.476963501276774338e+01
3.588752963504552862e-01 5.825417036871405685e+01
3.663442380107827523e-01 6.196178682962757733e+01
3.739686238883428437e-01 6.590537643605540552e+01
3.817516891007428637e-01 7.009995781950692617e+01
3.896967360951185122e-01 7.456150547997320643e+01
3.978071360494027653e-01 7.930701062266614088e+01
4.060863303027552607e-01 8.435584743232578830e+01
4.145378318157649788e-01 8.972623125331955407e+01
4.231652266610403390e-01 9.543851220726473628e+01
4.319721755448220901e-01 1.015144566433489643e+02
4.409624153602658136e-01 1.079776108334989999e+02
4.501397607730483474e-01 1.148532928617069189e+02
4.595081058399779206e-01 1.221667971661081111e+02
4.690714256612865118e-01 1.299460029221418722e+02
4.788337780673142530e-01 1.382206508457321661e+02
4.887993053402931998e-01 1.470235520054381197e+02
4.989722359719687139e-01 1.563870862424260224e+02
5.093568864577977529e-01 1.663469587681531721e+02
5.199576631284887895e-01 1.769413907734556233e+02
5.307790640196620169e-01 1.882117571814440566e+02
5.418256807804173736e-01 2.001999949615009484e+02
5.531022006216277376e-01 2.129518292735888849e+02
5.646134083047763541e-01 2.265167062785324106e+02
5.763641881721900395e-01 2.409462780155193968e+02
5.883595262195214781e-01 2.562950426188228903e+02
6.006045122113689017e-01 2.726218693761612712e+02
6.131043418409223289e-01 2.899898834279756556e+02
6.258643189345570734e-01 3.084643674515281759e+02
6.388898577023131020e-01 3.281159438883825032e+02
6.521864850352057097e-01 3.490207762182792521e+02
6.657598428503537225e-01 3.712574914477460766e+02
6.796156904849094404e-01 3.949111559103804439e+02
6.937599071398169448e-01 4.200730698075792020e+02
7.081984943744236149e-01 4.468381845804542536e+02
7.229375786530161108e-01 4.753091712553842285e+02
7.379834139443505192e-01 5.055951388502919599e+02
7.533423843752851123e-01 5.378108816076212406e+02
7.690210069396433701e-01 5.720804249114067943e+02
7.850259342634492432e-01 6.085340056090635699e+02
8.013639574277185984e-01 6.473108094199815241e+02
8.180420088499924525e-01 6.885596045656096749e+02
8.350671652258471189e-01 7.324369099665996146e+02
8.524466505316175002e-01 7.791114960450314584e+02
8.701878390896189419e-01 8.287605799300037006e+02
8.882982586971583938e-01 8.815744562243141900e+02
9.067855938206671462e-01 9.377545062621873058e+02
9.256576888563147198e-01 9.975154035755914492e+02
9.449225514584753682e-01 1.061085489169887524e+03
9.645883559374751615e-01 1.128707366384164288e+03
9.846634467280448444e-01 1.200639575902591787e+03
1.005156341929967390e+00 1.277156601272989292e+03
1.026075736922404058e+00 1.358550908046440099e+03
1.047430508053451392e+00 1.445133277875519752e+03
1.069229716406479680e+00 1.537234362246304499e+03
1.091482611644857048e+00 1.635206199201262507e+03
1.114198635936694659e+00 1.739422483841357689e+03
1.137387427961266795e+00 1.850282088873170096e+03
1.161058826998822235e+00 1.968207586946776701e+03
1.185222877105502892e+00 2.093650046206209026e+03
1.209889831375160485e+00 2.227088309591516918e+03
1.235070156289862053e+00 2.369031849097258146e+03
1.260774536160947035e+00 2.520023576831767969e+03
1.287013877662505523e+00 2.680639492206292289e+03
1.313799314459207501e+00 2.851493216312932418e+03
1.341142211930455019e+00 3.033237863600717901e+03
1.369054171992841074e+00 3.226567076962416195e+03
1.397547038022987298e+00 3.432219359671700204e+03
1.426632899882822825e+00 3.650980637669700172e+03
1.456324099049463694e+00 3.883686250547230884e+03
1.486633233851841318e+00 4.131224970881158697e+03
1.517573164816328868e+00 4.394542356817657492e+03
1.549157020123613560e+00 4.674644442238764896e+03
1.581398201179137208e+00 4.972601043599711375e+03
1.614310388299477594e+00 inf
1.647907546517062949e+00 inf
1.682203931505708239e+00 inf
1.717214095629459480e+00 inf
1.752952894117343119e+00 inf
1.789435491366608399e+00 inf
1.826677367377168348e+00 inf
1.864694324319941865e+00 inf
1.903502493241907789e+00 inf
1.943118340910698461e+00 inf
1.983558676801640885e+00 inf
2.024840660230225353e+00 inf
2.066981807632997992e+00 inf
2.109999999999999876e+00 inf
