# k [Mpc^-1], sensitivity [mK^2], z=8.0, 157.8 MHz
3.500000000000000333e-02 inf
3.572842282756675397e-02 inf
3.647200564986839699e-02 inf
3.723106397794004319e-02 inf
3.800591988925806214e-02 1.708238098441420272e-01
3.879690216440116746e-02 1.812052812067059260e-01
3.960434642655615706e-02 1.922176654832841169e-01
4.042859528392659524e-02 2.038993051295036329e-01
4.126999847510574859e-02 2.162908727861435620e-01
4.212891301747467149e-02 2.294355128914192798e-01
4.300570335868902916e-02 2.433789918994722079e-01
4.390074153131857948e-02 2.581698576280810342e-01
4.481440731070487210e-02 2.738596082904067308e-01
4.574708837610465956e-02 2.905028717993044518e-01
4.669918047518661214e-02 3.081575959684860200e-01
4.767108759195193973e-02 3.268852502727794818e-01
4.866322211814942678e-02 3.467510398699535923e-01
4.967600502825834929e-02 3.678241326292924218e-01
5.070986605811275694e-02 3.901778999573652373e-01
5.176524388724366293e-02 4.138901722595019206e-01
5.284258632501594166e-02 4.390435099264179963e-01
5.394235050063903719e-02 4.657254907895028162e-01
5.506500305713256382e-02 4.940290150456279061e-01
5.621102034932823344e-02 5.240526287131327399e-01
5.738088864599311806e-02 5.559008667452061125e-01
5.857510433615904094e-02 5.896846169952751904e-01
5.979417413974657397e-02 6.255215063016695831e-01
6.103861532257209149e-02 6.635363100357832833e-01
6.230895591583001519e-02 7.038613865397130853e-01
6.360573494014265528e-02 7.466371379659556551e-01
6.492950263427293978e-02 7.920124991237027512e-01
6.628082068859754428e-02 8.401454560337932032e-01
6.766026248343849636e-02 8.912035959977762101e-01
6.906841333235554103e-02 9.453646910963258154e-01
7.050587073050135212e-02 1.002817317148572140e+00
7.197324460814619185e-02 1.063761510287456025e+00
7.347115758947816988e-02 1.128409463437095139e+00
7.500024525679045706e-02 1.196986265117180093e+00
7.656115642016625422e-02 1.271790722375826244e+00
7.815455339277647961e-02 1.351401865338338837e+00
7.978111227190747001e-02 1.435996480795414421e+00
8.144152322583671222e-02 1.525886522541202384e+00
8.313649078667982584e-02 1.621403471952242548e+00
8.486673414933156023e-02 1.722899560368713390e+00
8.663298747662909194e-02 1.830749067993942658e+00
8.843600021086570062e-02 1.945349704101965838e+00
9.027653739178835568e-02 2.067124073642914173e+00
9.215537998121303698e-02 2.196521235654457005e+00
9.407332519439604024e-02 2.334018359226184725e+00
9.603118683830201563e-02 2.480122483123524457e+00
9.802979565691193053e-02 2.635372385560021513e+00
1.000699996837176586e-01 2.800340571013006929e+00
1.021526646015524509e-01 2.975635381409304170e+00
1.042786741099108044e-01 3.161903239466288262e+00
1.064489302999123421e-01 3.359831032460834255e+00
1.086643540370700461e-01 3.570148645216689509e+00
1.109258853520242866e-01 3.793631651650966052e+00
1.132344838394090808e-01 4.031645232326211747e+00
1.155911290650195183e-01 4.286237446330268597e+00
1.179968209814531294e-01 4.556906768238508931e+00
1.204525803524016392e-01 4.844668442761271621e+00
1.229594491857733396e-01 5.150601825755519059e+00
1.255184911758291388e-01 5.475854432745408396e+00
1.281307921545208894e-01 5.821646243100751406e+00
1.307974605522227440e-01 6.189274276017786569e+00
1.335196278680513826e-01 6.580117455466029774e+00
1.362984491499744655e-01 6.995641782349138360e+00
1.391351034849112878e-01 7.437405833279763456e+00
1.420307944990333859e-01 7.907066606593604163e+00
1.449867508684773432e-01 8.406385737530300162e+00
1.480042268406868700e-01 8.937236105893463289e+00
1.510845027666047613e-01 9.502218142294537984e+00
1.542288856439409939e-01 1.010448121719978332e+01
1.574387096717475842e-01 1.074491651736470921e+01
1.607153368165349372e-01 1.142594344859716138e+01
1.640601573901705190e-01 1.215013476182498486e+01
1.674745906398046880e-01 1.292022627231126997e+01
1.709600853500741757e-01 1.373912719488624745e+01
1.745181204578385992e-01 1.460993113423974421e+01
1.781502056797110434e-01 1.553592777179287054e+01
1.818578821526486422e-01 1.652061529329890988e+01
1.856427230878753554e-01 1.756771360412195904e+01
1.895063344384143311e-01 1.868214134231286749e+01
1.934503555805126840e-01 1.986846730405498462e+01
1.974764600092484834e-01 2.113012559851614824e+01
2.015863560486145234e-01 2.247189986909279114e+01
2.057817875763805759e-01 2.389887752309407887e+01
2.100645347640413829e-01 2.541646902091278548e+01
2.144364148321648011e-01 2.703042839006881692e+01
2.188992828214597897e-01 2.874687504190534781e+01
2.234550323798925042e-01 3.057231697365698864e+01
2.281055965661834550e-01 3.251495874482065318e+01
2.328529486700275375e-01 3.458191875239761970e+01
2.376991030493841028e-01 3.678027439564038303e+01
2.426461159851931171e-01 3.911837843077484678e+01
2.476960865538796186e-01 4.160511459465057271e+01
2.528511575180167337e-01 4.424993135891907059e+01
2.581135162355253088e-01 4.706287782994849778e+01
2.634853955877961562e-01 5.005489733148334608e+01
2.689690749271278492e-01 5.323903633992373585e+01
2.745668810438831597e-01 5.662572778110467198e+01
2.802811891537738131e-01 6.022785661008004610e+01
2.861144239056928607e-01 6.405912743173225010e+01
2.920690604105219967e-01 6.813411664110449806e+01
2.981476252913505820e-01 7.246832788053319518e+01
3.043526977555517377e-01 7.707960505881609947e+01
3.106869106891708698e-01 8.198510706257320635e+01
3.171529517740905302e-01 8.720280513804745226e+01
3.237535646284456226e-01 9.275256807483889077e+01
3.304915499707733462e-01 9.865552915251382160e+01
3.373697668083914247e-01 1.049341666153042922e+02
3.443911336505087739e-01 1.116143704012137619e+02
3.515586297465838617e-01 1.187200144990742814e+02
3.588752963504552862e-01 1.262780212977585279e+02
3.663442380107827523e-01 1.343171893143723139e+02
3.739686238883428437e-01 1.428681504501302584e+02
3.817516891007428637e-01 1.519652082790790359e+02
3.896967360951185122e-01 1.616419480240297162e+02
3.978071360494027653e-01 1.719348767845583552e+02
4.060863303027552607e-01 1.828832318361232296e+02
4.145378318157649788e-01 1.945291218987751733e+02
4.231652266610403390e-01 2.069183940825652996e+02
4.319721755448220901e-01 2.200967206955620838e+02
4.409624153602658136e-01 2.341143554478326791e+02
4.501397607730483474e-01 2.490247526339411195e+02
4.595081058399779206e-01 2.648868264212806025e+02
4.690714256612865118e-01 2.817593586746718870e+02
4.788337780673142530e-01 2.997066229126169787e+02
4.887993053402931998e-01 3.187972232672747737e+02
4.989722359719687139e-01 3.391058533262884680e+02
5.093568864577977529e-01 3.607082225548187466e+02
5.199576631284887895e-01 3.836867471982674260e+02
5.307790640196620169e-01 4.081300813860851235e+02
5.418256807804173736e-01 4.341317777662297317e+02
5.531022006216277376e-01 4.617900249508367096e+02
5.646134083047763541e-01 4.912106155134333108e+02
5.763641881721900395e-01 5.225074837937404482e+02
5.883595262195214781e-01 5.557983927833079179e+02
6.006045122113689017e-01 5.912103902849571568e+02
6.131043418409223289e-01 6.288807497623906784e+02
6.258643189345570734e-01 6.689513831081046646e+02
6.388898577023131020e-01 7.115753110825575050e+02
6.521864850352057097e-01 7.569171807547080562e+02
6.657598428503537225e-01 8.051482528954477402e+02
6.796156904849094404e-01 8.564531914540384605e+02
6.937599071398169448e-01 9.110289244667361572e+02
7.081984943744236149e-01 9.690823847663340302e+02
7.229375786530161108e-01 1.030836548261227108e+03
7.379834139443505192e-01 1.096526741730091771e+03
7.533423843752851123e-01 1.166403375554632703e+03
7.690210069396433701e-01 1.240734752599959165e+03
7.850259342634492432e-01 1.319803044617624209e+03
8.013639574277185984e-01 1.403911797076334324e+03
8.180420088499924525e-01 1.493381127103925110e+03
8.350671652258471189e-01 1.588553322204386859e+03
8.524466505316175002e-01 1.689791817876809318e+03
8.701878390896189419e-01 1.797483015123712221e+03
8.882982586971583938e-01 1.912038797659653483e+03
9.067855938206671462e-01 2.033895993167964889e+03
9.256576888563147198e-01 2.163520852313195974e+03
9.449225514584753682e-01 2.301407672782819645e+03
9.645883559374751615e-01 2.448083857048806294e+03
9.846634467280448444e-01 2.604109065248208481e+03
1.005156341929967390e+00 2.770079597055866088e+03
1.026075736922404058e+00 2.946629345275920059e+03
1.047430508053451392e+00 3.134432324561986206e+03
1.069229716406479680e+00 3.334206649655444835e+03
1.091482611644857048e+00 3.546714315730932867e+03
1.114198635936694659e+00 3.772768188908557477e+03
1.137387427961266795e+00 4.013230850019892841e+03
1.161058826998822235e+00 4.269020897292544760e+03
1.185222877105502892e+00 4.541116037893109024e+03
1.209889831375160485e+00 4.830554711951482204e+03
1.235070156289862053e+00 5.138442882748943703e+03
1.260774536160947035e+00 5.465956923365784860e+03
1.287013877662505523e+00 5.814347221093438748e+03
1.313799314459207501e+00 6.184944616373820281e+03
1.341142211930455019e+00 6.579165437342497171e+03
1.369054171992841074e+00 6.998514740902349331e+03
1.397547038022987298e+00 7.444594385459798104e+03
1.426632899882822825e+00 7.919108329695657631e+03
1.456324099049463694e+00 8.423869650478780386e+03
1.486633233851841318e+00 8.960805851091467048e+03
1.517573164816328868e+00 inf
1.549157020123613560e+00 inf
1.581398201179137208e+00 inf
1.614310388299477594e+00 inf
1.647907546517062949e+00 inf
1.682203931505708239e+00 inf
1.717214095629459480e+00 inf
1.752952894117343119e+00 inf
1.789435491366608399e+00 inf
1.826677367377168348e+00 inf
1.864694324319941865e+00 inf
1.903502493241907789e+00 inf
1.943118340910698461e+00 inf
1.983558676801640885e+00 inf
2.024840660230225353e+00 inf
2.066981807632997992e+00 inf
2.109999999999999876e+00 inf
