# k [Mpc^-1], sensitivity [mK^2], z=8.0, 157.8 MHz
3.500000000000000333e-02 inf
3.572842282756675397e-02 inf
3.647200564986839699e-02 inf
3.723106397794004319e-02 inf
3.800591988925806214e-02 7.044535614402981823e-04
3.879690216440116746e-02 7.267054541216584791e-04
3.960434642655615706e-02 7.496602273830970265e-04
4.042859528392659524e-02 7.733400834308211359e-04
4.126999847510574859e-02 7.977679257821523352e-04
4.212891301747467149e-02 8.229673814181507219e-04
4.300570335868902916e-02 8.489628236359963000e-04
4.390074153131857948e-02 8.757793956232100057e-04
4.481440731070487210e-02 9.034430347765290718e-04
4.574708837610465956e-02 9.319804977889487377e-04
4.669918047518661214e-02 9.614193865292080870e-04
4.767108759195193973e-02 9.917881747387358084e-04
4.866322211814942678e-02 1.023116235571882660e-03
4.967600502825834929e-02 1.055433870006090976e-03
5.070986605811275694e-02 1.088772336149453112e-03
5.176524388724366293e-02 1.123163879474037155e-03
5.284258632501594166e-02 1.158641764004193862e-03
5.394235050063903719e-02 1.195240304490028868e-03
5.506500305713256382e-02 1.232994899597152040e-03
5.621102034932823344e-02 1.271942066144801957e-03
5.738088864599311806e-02 1.312119474425477465e-03
5.857510433615904094e-02 1.353565984640208060e-03
5.979417413974657397e-02 1.396321684484741086e-03
6.103861532257209149e-02 1.440427927922968048e-03
6.230895591583001519e-02 1.485927375185101471e-03
6.360573494014265528e-02 1.532864034029316359e-03
6.492950263427293978e-02 1.581283302306701758e-03
6.628082068859754428e-02 1.631232011870772849e-03
6.766026248343849636e-02 1.682758473873937830e-03
6.906841333235554103e-02 1.735912525494794426e-03
7.050587073050135212e-02 1.790745578141392236e-03
7.197324460814619185e-02 1.847310667177143838e-03
7.347115758947816988e-02 1.905662503217427171e-03
7.500024525679045706e-02 1.965857525046528064e-03
7.656115642016625422e-02 2.060941947831591153e-03
7.815455339277647961e-02 2.162724851778497111e-03
7.978111227190747001e-02 2.269534466713927622e-03
8.144152322583671222e-02 2.381619044774353679e-03
8.313649078667982584e-02 2.499239098423824100e-03
8.486673414933156023e-02 2.622668005949758789e-03
8.663298747662909194e-02 2.752192646862171126e-03
8.843600021086570062e-02 2.888114068673054008e-03
9.027653739178835568e-02 3.030748186605753194e-03
9.215537998121303698e-02 3.180426517860606914e-03
9.407332519439604024e-02 3.337496952143435835e-03
9.603118683830201563e-02 3.502324560247840977e-03
9.802979565691193053e-02 3.675292442570611811e-03
1.000699996837176586e-01 3.856802619532438258e-03
1.021526646015524509e-01 4.047276965973429542e-03
1.042786741099108044e-01 4.247158191695305472e-03
1.064489302999123421e-01 4.456910870429162466e-03
1.086643540370700461e-01 4.677022519620497969e-03
1.109258853520242866e-01 4.908004733541139822e-03
1.132344838394090808e-01 5.155701672452181993e-03
1.155911290650195183e-01 5.431882384038119738e-03
1.179968209814531294e-01 5.722857548503225075e-03
1.204525803524016392e-01 6.029419675341496539e-03
1.229594491857733396e-01 6.352403727208495200e-03
1.255184911758291388e-01 6.692689394052990688e-03
1.281307921545208894e-01 7.051203489069289218e-03
1.307974605522227440e-01 7.428922472996100750e-03
1.335196278680513826e-01 7.826875113636964920e-03
1.362984491499744655e-01 8.246145287845946595e-03
1.391351034849112878e-01 8.687874933610170020e-03
1.420307944990333859e-01 9.153267160269573308e-03
1.449867508684773432e-01 9.643589525344874527e-03
1.480042268406868700e-01 1.016017748689884530e-02
1.510845027666047613e-01 1.071657864771425987e-02
1.542288856439409939e-01 1.133443843426908647e-02
1.574387096717475842e-01 1.198792066417927668e-02
1.607153368165349372e-01 1.267907913427418834e-02
1.640601573901705190e-01 1.341008605216633537e-02
1.674745906398046880e-01 1.418323886317477203e-02
1.709600853500741757e-01 1.500096747085184930e-02
1.745181204578385992e-01 1.586584187380629674e-02
1.781502056797110434e-01 1.678058024282423275e-02
1.818578821526486422e-01 1.774805746367296919e-02
1.856427230878753554e-01 1.877131417243669761e-02
1.895063344384143311e-01 1.991038179894830118e-02
1.934503555805126840e-01 2.118959436962652293e-02
1.974764600092484834e-01 2.255099445521556098e-02
2.015863560486145234e-01 2.399986248194171251e-02
2.057817875763805759e-01 2.554181813560326558e-02
2.100645347640413829e-01 2.718284215849599630e-02
2.144364148321648011e-01 2.892929954675897003e-02
2.188992828214597897e-01 3.078796423811534094e-02
2.234550323798925042e-01 3.276604538576410180e-02
2.281055965661834550e-01 3.488242464397871972e-02
2.328529486700275375e-01 3.714317974644613940e-02
2.376991030493841028e-01 3.955045601782592596e-02
2.426461159851931171e-01 4.211374960076347262e-02
2.476960865538796186e-01 4.484317208975883290e-02
2.528511575180167337e-01 4.774949041904525543e-02
2.581135162355253088e-01 5.084416933562993512e-02
2.634853955877961562e-01 5.417098827531530159e-02
2.689690749271278492e-01 5.795156718375979454e-02
2.745668810438831597e-01 6.199599169181441854e-02
2.802811891537738131e-01 6.632267551391800298e-02
2.861144239056928607e-01 7.095131745275783108e-02
2.920690604105219967e-01 7.590299108523744509e-02
2.981476252913505820e-01 8.120024070760506474e-02
3.043526977555517377e-01 8.665024251334040029e-02
3.106869106891708698e-01 9.233740849427797548e-02
3.171529517740905302e-01 9.839784356202459226e-02
3.237535646284456226e-01 1.048560467045883682e-01
3.304915499707733462e-01 1.117381248663676940e-01
3.373697668083914247e-01 1.190718984840922340e-01
3.443911336505087739e-01 1.271255105737229552e-01
3.515586297465838617e-01 1.357447069484205293e-01
3.588752963504552862e-01 1.449482907195604742e-01
3.663442380107827523e-01 1.547758837514416896e-01
3.739686238883428437e-01 1.652697942978019197e-01
3.817516891007428637e-01 1.761767610183412047e-01
3.896967360951185122e-01 1.877286773960729072e-01
3.978071360494027653e-01 2.000380533344572886e-01
4.060863303027552607e-01 2.131545554833605416e-01
4.145378318157649788e-01 2.270735319714209943e-01
4.231652266610403390e-01 2.416265132191126319e-01
4.319721755448220901e-01 2.571121846899088736e-01
4.409624153602658136e-01 2.735903218372017776e-01
4.501397607730483474e-01 2.911245310806979680e-01
4.595081058399779206e-01 3.110950410022592649e-01
4.690714256612865118e-01 3.324968912332419424e-01
4.788337780673142530e-01 3.553710863522495655e-01
4.887993053402931998e-01 3.796020790288022195e-01
4.989722359719687139e-01 4.025243649110749611e-01
5.093568864577977529e-01 4.268308138922782269e-01
5.199576631284887895e-01 4.526050087134281807e-01
5.307790640196620169e-01 4.817048484690696908e-01
5.418256807804173736e-01 5.147687769033391092e-01
5.531022006216277376e-01 5.501021933176056811e-01
5.646134083047763541e-01 5.875296772548839197e-01
5.763641881721900395e-01 6.250359474567617202e-01
5.883595262195214781e-01 6.649365142514992444e-01
6.006045122113689017e-01 7.073842229138680437e-01
6.131043418409223289e-01 7.509390300848143296e-01
6.258643189345570734e-01 7.971617967249294834e-01
6.388898577023131020e-01 8.464485672291500729e-01
6.521864850352057097e-01 9.033245291064653237e-01
6.657598428503537225e-01 9.640221939964755959e-01
6.796156904849094404e-01 1.027821546655512730e+00
6.937599071398169448e-01 1.093087191730358620e+00
7.081984943744236149e-01 1.162497140299225018e+00
7.229375786530161108e-01 1.234311786929742638e+00
7.379834139443505192e-01 1.309414686552430540e+00
7.533423843752851123e-01 1.390585867563323363e+00
7.690210069396433701e-01 1.485239106741427006e+00
7.850259342634492432e-01 1.586335123669460501e+00
8.013639574277185984e-01 1.688423653132302471e+00
8.180420088499924525e-01 1.795422724545602255e+00
8.350671652258471189e-01 1.907907605737079848e+00
8.524466505316175002e-01 2.026229453177462947e+00
8.701878390896189419e-01 2.155534972575441799e+00
8.882982586971583938e-01 2.299602116712890609e+00
9.067855938206671462e-01 2.450365014218343962e+00
9.256576888563147198e-01 2.603994409000029542e+00
9.449225514584753682e-01 2.769187731916149087e+00
9.645883559374751615e-01 2.949114262532985808e+00
9.846634467280448444e-01 3.136645353268460834e+00
1.005156341929967390e+00 3.330154739709759504e+00
1.026075736922404058e+00 3.542365862047368363e+00
1.047430508053451392e+00 3.773114450490663518e+00
1.069229716406479680e+00 4.019626551721215080e+00
1.091482611644857048e+00 4.280188819414198598e+00
1.114198635936694659e+00 4.540414585755381260e+00
1.137387427961266795e+00 4.826150765646084473e+00
1.161058826998822235e+00 5.141289671070096823e+00
1.185222877105502892e+00 5.473571795475475454e+00
1.209889831375160485e+00 5.823221695600669712e+00
1.235070156289862053e+00 6.187783476342296751e+00
1.260774536160947035e+00 6.586465332479579438e+00
1.287013877662505523e+00 7.005780133227470508e+00
1.313799314459207501e+00 7.440210505713703348e+00
1.341142211930455019e+00 7.922648021576024213e+00
1.369054171992841074e+00 8.430931660993969956e+00
1.397547038022987298e+00 8.971004421940357076e+00
1.426632899882822825e+00 9.552856725867002297e+00
1.456324099049463694e+00 1.013891589795043835e+01
1.486633233851841318e+00 1.078779546612948081e+01
1.517573164816328868e+00 2.132077029158081771e+01
1.549157020123613560e+00 inf
1.581398201179137208e+00 inf
1.614310388299477594e+00 inf
1.647907546517062949e+00 inf
1.682203931505708239e+00 inf
1.717214095629459480e+00 inf
1.752952894117343119e+00 inf
1.789435491366608399e+00 inf
1.826677367377168348e+00 inf
1.864694324319941865e+00 inf
1.903502493241907789e+00 inf
1.943118340910698461e+00 inf
1.983558676801640885e+00 inf
2.024840660230225353e+00 inf
2.066981807632997992e+00 inf
2.109999999999999876e+00 inf
