# k [Mpc^-1], sensitivity [mK^2], z=10.0, 129.1 MHz
3.500000000000000333e-02 1.167630991985838971e-03
3.572842282756675397e-02 1.204445982451214517e-03
3.647200564986839699e-02 1.242421736490244722e-03
3.723106397794004319e-02 1.281594852566130156e-03
3.800591988925806214e-02 1.322003083078626207e-03
3.879690216440116746e-02 1.363685370747235110e-03
3.960434642655615706e-02 1.406681886141578639e-03
4.042859528392659524e-02 1.451034066395070132e-03
4.126999847510574859e-02 1.496784655139223172e-03
4.212891301747467149e-02 1.543977743697067450e-03
4.300570335868902916e-02 1.592658813575391786e-03
4.390074153131857948e-02 1.642874780296739229e-03
4.481440731070487210e-02 1.694674038613414729e-03
4.574708837610465956e-02 1.748106509147075768e-03
4.669918047518661214e-02 1.803223686498849369e-03
4.767108759195193973e-02 1.860078688876348795e-03
4.866322211814942678e-02 1.918726309285401698e-03
4.967600502825834929e-02 1.979223068335853909e-03
5.070986605811275694e-02 2.041627268712302695e-03
5.176524388724366293e-02 2.105999051362284109e-03
5.284258632501594166e-02 2.172400453456050599e-03
5.394235050063903719e-02 2.240895468173791094e-03
5.506500305713256382e-02 2.311550106377951476e-03
5.621102034932823344e-02 2.384432460230010483e-03
5.738088864599311806e-02 2.459612768813122016e-03
5.857510433615904094e-02 2.537163485823783378e-03
5.979417413974657397e-02 2.617159349397810576e-03
6.103861532257209149e-02 2.699677454137886304e-03
6.230895591583001519e-02 2.784797325412150665e-03
6.360573494014265528e-02 2.872600995995346854e-03
6.492950263427293978e-02 2.963173085126465274e-03
6.628082068859754428e-02 3.056600880059054740e-03
6.766026248343849636e-02 3.152974420182763377e-03
6.906841333235554103e-02 3.309809885198917133e-03
7.050587073050135212e-02 3.486343332361809336e-03
7.197324460814619185e-02 3.672292443580392647e-03
7.347115758947816988e-02 3.868159416772578608e-03
7.500024525679045706e-02 4.074473235300992563e-03
7.656115642016625422e-02 4.291791096612961216e-03
7.815455339277647961e-02 4.520699917079118793e-03
7.978111227190747001e-02 4.761817917094708988e-03
8.144152322583671222e-02 5.015796290724543714e-03
8.313649078667982584e-02 5.283320964400854518e-03
8.486673414933156023e-02 5.565114449423824890e-03
8.663298747662909194e-02 5.861937793267873488e-03
8.843600021086570062e-02 6.174592634963665429e-03
9.027653739178835568e-02 6.503923370106851412e-03
9.215537998121303698e-02 6.850819431340682969e-03
9.407332519439604024e-02 7.216217690471339423e-03
9.603118683830201563e-02 7.601104988703632874e-03
9.802979565691193053e-02 8.006520801830402032e-03
1.000699996837176586e-01 8.433560047573548935e-03
1.021526646015524509e-01 8.883229559462021280e-03
1.042786741099108044e-01 9.356016740062086251e-03
1.064489302999123421e-01 9.853966809524071502e-03
1.086643540370700461e-01 1.037841899827102003e-02
1.109258853520242866e-01 1.093078381384107040e-02
1.132344838394090808e-01 1.151254683442967837e-02
1.155911290650195183e-01 1.212527270433343650e-02
1.179968209814531294e-01 1.277060934204111292e-02
1.204525803524016392e-01 1.345029237228962359e-02
1.229594491857733396e-01 1.416614979400488729e-02
1.255184911758291388e-01 1.492010689668178333e-02
1.281307921545208894e-01 1.571419143842594721e-02
1.307974605522227440e-01 1.655053909958363947e-02
1.335196278680513826e-01 1.743139922662701596e-02
1.362984491499744655e-01 1.838330976004089179e-02
1.391351034849112878e-01 1.949901122337216464e-02
1.420307944990333859e-01 2.068242572486293784e-02
1.449867508684773432e-01 2.193766283655148794e-02
1.480042268406868700e-01 2.326908154451510363e-02
1.510845027666047613e-01 2.468130538605756499e-02
1.542288856439409939e-01 2.617923850558789498e-02
1.574387096717475842e-01 2.776808268494626239e-02
1.607153368165349372e-01 2.945335540731752397e-02
1.640601573901705190e-01 3.124090901746172377e-02
1.674745906398046880e-01 3.313695104479813525e-02
1.709600853500741757e-01 3.520988656407429002e-02
1.745181204578385992e-01 3.753310790507091016e-02
1.781502056797110434e-01 4.000962020852041195e-02
1.818578821526486422e-01 4.264953793005166888e-02
1.856427230878753554e-01 4.546364289805349818e-02
1.895063344384143311e-01 4.846342834831330465e-02
1.934503555805126840e-01 5.166114586415285204e-02
1.974764600092484834e-01 5.506985541377124038e-02
2.015863560486145234e-01 5.870347868915588851e-02
2.057817875763805759e-01 6.257432458597816938e-02
2.100645347640413829e-01 6.669773273949243519e-02
2.144364148321648011e-01 7.109285768600401290e-02
2.188992828214597897e-01 7.577760452072722364e-02
2.234550323798925042e-01 8.077105821602398317e-02
2.281055965661834550e-01 8.609356137078540139e-02
2.328529486700275375e-01 9.176679708319983308e-02
2.376991030493841028e-01 9.781647366871562554e-02
2.426461159851931171e-01 1.044131598063393201e-01
2.476960865538796186e-01 1.114547226233830457e-01
2.528511575180167337e-01 1.189711643445643119e-01
2.581135162355253088e-01 1.269945105271995112e-01
2.634853955877961562e-01 1.355589465135788318e-01
2.689690749271278492e-01 1.447009630856095908e-01
2.745668810438831597e-01 1.544258325712403179e-01
2.802811891537738131e-01 1.647731394789233583e-01
2.861144239056928607e-01 1.758137679537243592e-01
2.920690604105219967e-01 1.875941740251898526e-01
2.981476252913505820e-01 2.001639265103284104e-01
3.043526977555517377e-01 2.135759155860150749e-01
3.106869106891708698e-01 2.278003771003638822e-01
3.171529517740905302e-01 2.429517170515953783e-01
3.237535646284456226e-01 2.591107950287241946e-01
3.304915499707733462e-01 2.763446371780916011e-01
3.373697668083914247e-01 2.947247276541503092e-01
3.443911336505087739e-01 3.141506142207773356e-01
3.515586297465838617e-01 3.347772647555271042e-01
3.588752963504552862e-01 3.567582297274392578e-01
3.663442380107827523e-01 3.801824313583564430e-01
3.739686238883428437e-01 4.051307104683553595e-01
3.817516891007428637e-01 4.315350401999576424e-01
3.896967360951185122e-01 4.596602679295637151e-01
3.978071360494027653e-01 4.896185529109656764e-01
4.060863303027552607e-01 5.215293643595106943e-01
4.145378318157649788e-01 5.548048927400509589e-01
4.231652266610403390e-01 5.900709853227952273e-01
4.319721755448220901e-01 6.275787619684032315e-01
4.409624153602658136e-01 6.674707149993790445e-01
4.501397607730483474e-01 7.115097675256879528e-01
4.595081058399779206e-01 7.585156187571991948e-01
4.690714256612865118e-01 8.086269088046550424e-01
4.788337780673142530e-01 8.607576536954227864e-01
4.887993053402931998e-01 9.138928447253620302e-01
4.989722359719687139e-01 9.703081094365133552e-01
5.093568864577977529e-01 1.030300415564619376e+00
5.199576631284887895e-01 1.099336402058807893e+00
5.307790640196620169e-01 1.172998192211064605e+00
5.418256807804173736e-01 1.251595741170426823e+00
5.531022006216277376e-01 1.331033104988499138e+00
5.646134083047763541e-01 1.414903695046817900e+00
5.763641881721900395e-01 1.504059109239389569e+00
5.883595262195214781e-01 1.602317940242468541e+00
6.006045122113689017e-01 1.707224105020407778e+00
6.131043418409223289e-01 1.818323898647721926e+00
6.258643189345570734e-01 1.933080360933689956e+00
6.388898577023131020e-01 2.055079232367000408e+00
6.521864850352057097e-01 2.185716949017983524e+00
6.657598428503537225e-01 2.325502048804156452e+00
6.796156904849094404e-01 2.474222979118185783e+00
6.937599071398169448e-01 2.632378421840988914e+00
7.081984943744236149e-01 2.800643359251190567e+00
7.229375786530161108e-01 2.979530212223172381e+00
7.379834139443505192e-01 3.169777341121183589e+00
7.533423843752851123e-01 3.372191116064399363e+00
7.690210069396433701e-01 3.587557977297759937e+00
7.850259342634492432e-01 3.817910122535167705e+00
8.013639574277185984e-01 4.066646164639558414e+00
8.180420088499924525e-01 4.330939249224827314e+00
8.350671652258471189e-01 4.609668020587886161e+00
8.524466505316175002e-01 4.902977858760910301e+00
8.701878390896189419e-01 5.202258537869715482e+00
8.882982586971583938e-01 5.527713420871364747e+00
9.067855938206671462e-01 5.891817757423716273e+00
9.256576888563147198e-01 6.274870464442877882e+00
9.449225514584753682e-01 6.677093442281722524e+00
9.645883559374751615e-01 7.091620106826460379e+00
9.846634467280448444e-01 7.526658678497419430e+00
1.005156341929967390e+00 8.019022541228538969e+00
1.026075736922404058e+00 8.540951286684704158e+00
1.047430508053451392e+00 9.092018614134271814e+00
1.069229716406479680e+00 9.661724525657344742e+00
1.091482611644857048e+00 1.026830847106246658e+01
1.114198635936694659e+00 1.093500778231193671e+01
1.137387427961266795e+00 1.162455445247478991e+01
1.161058826998822235e+00 1.235719648191979658e+01
1.185222877105502892e+00 1.315460773417783891e+01
1.209889831375160485e+00 1.398752879441164332e+01
1.235070156289862053e+00 1.487161816304587170e+01
1.260774536160947035e+00 1.581711629017456211e+01
1.287013877662505523e+00 1.684540163521006306e+01
1.313799314459207501e+00 1.790402588513128279e+01
1.341142211930455019e+00 1.903659919950534629e+01
1.369054171992841074e+00 3.676120589630454560e+01
1.397547038022987298e+00 inf
1.426632899882822825e+00 inf
1.456324099049463694e+00 inf
1.486633233851841318e+00 inf
1.517573164816328868e+00 inf
1.549157020123613560e+00 inf
1.581398201179137208e+00 inf
1.614310388299477594e+00 inf
1.647907546517062949e+00 inf
1.682203931505708239e+00 inf
1.717214095629459480e+00 inf
1.752952894117343119e+00 inf
1.789435491366608399e+00 inf
1.826677367377168348e+00 inf
1.864694324319941865e+00 inf
1.903502493241907789e+00 inf
1.943118340910698461e+00 inf
1.983558676801640885e+00 inf
2.024840660230225353e+00 inf
2.066981807632997992e+00 inf
2.109999999999999876e+00 inf
