# k [Mpc^-1], sensitivity [mK^2], z=10.0, 129.1 MHz
3.500000000000000333e-02 1.898460724088975879e-03
3.572842282756675397e-02 1.958551441590248091e-03
3.647200564986839699e-02 2.020544170697029848e-03
3.723106397794004319e-02 2.084499114520509469e-03
3.800591988925806214e-02 2.150478381741018508e-03
3.879690216440116746e-02 2.218546046923717575e-03
3.960434642655615706e-02 2.288768212743466559e-03
4.042859528392659524e-02 2.361213074179226590e-03
4.126999847510574859e-02 2.435950984740374841e-03
4.212891301747467149e-02 2.513054524789233145e-03
4.300570335868902916e-02 2.592598572026170133e-03
4.390074153131857948e-02 2.674660374205715604e-03
4.481440731070487210e-02 2.759319624154312096e-03
4.574708837610465956e-02 2.846658537162555062e-03
4.669918047518661214e-02 2.936761930827075547e-03
4.767108759195193973e-02 3.029717307419609647e-03
4.866322211814942678e-02 3.125614938863222926e-03
4.967600502825834929e-02 3.224547954398280809e-03
5.070986605811275694e-02 3.326612431023171206e-03
5.176524388724366293e-02 3.431907486797766259e-03
5.284258632501594166e-02 3.540535377100124167e-03
5.394235050063903719e-02 3.652601593929904068e-03
5.506500305713256382e-02 3.768214968355056496e-03
5.621102034932823344e-02 3.887487776201080641e-03
5.738088864599311806e-02 4.010535847085690622e-03
5.857510433615904094e-02 4.137478676904620886e-03
5.979417413974657397e-02 4.268439543877900789e-03
6.103861532257209149e-02 4.403545628269249154e-03
6.230895591583001519e-02 4.542928135894877713e-03
6.360573494014265528e-02 4.686722425541633985e-03
6.492950263427293978e-02 4.835068140418219244e-03
6.628082068859754428e-02 4.988109343767161558e-03
6.766026248343849636e-02 5.145994658769185125e-03
6.906841333235554103e-02 5.402668751790123437e-03
7.050587073050135212e-02 5.691579197842799864e-03
7.197324460814619185e-02 5.995939276229637731e-03
7.347115758947816988e-02 6.316575163859484629e-03
7.500024525679045706e-02 6.654357217869593527e-03
7.656115642016625422e-02 7.010202338185663601e-03
7.815455339277647961e-02 7.385076456420964358e-03
7.978111227190747001e-02 7.779997157870740219e-03
8.144152322583671222e-02 8.196036443718910866e-03
8.313649078667982584e-02 8.634323640955336721e-03
8.486673414933156023e-02 9.096048467902208973e-03
8.663298747662909194e-02 9.582464263671236493e-03
8.843600021086570062e-02 1.009489139031745711e-02
9.027653739178835568e-02 1.063472081692510771e-02
9.215537998121303698e-02 1.120341789535427707e-02
9.407332519439604024e-02 1.180252633789741039e-02
9.603118683830201563e-02 1.243367240764313951e-02
9.802979565691193053e-02 1.309856933292192702e-02
1.000699996837176586e-01 1.379902195781636080e-02
1.021526646015524509e-01 1.453776055922522716e-02
1.042786741099108044e-01 1.532090700053909821e-02
1.064489302999123421e-01 1.614624139412002349e-02
1.086643540370700461e-01 1.701603639706329024e-02
1.109258853520242866e-01 1.793268709407666237e-02
1.132344838394090808e-01 1.889871759263302142e-02
1.155911290650195183e-01 1.991678797340252008e-02
1.179968209814531294e-01 2.098970161510335664e-02
1.204525803524016392e-01 2.212041291394069992e-02
1.229594491857733396e-01 2.331203541889061495e-02
1.255184911758291388e-01 2.456785040522990390e-02
1.281307921545208894e-01 2.589131590992056406e-02
1.307974605522227440e-01 2.728607625372883594e-02
1.335196278680513826e-01 2.875597207629873586e-02
1.362984491499744655e-01 3.034725540300096600e-02
1.391351034849112878e-01 3.222201416227470083e-02
1.420307944990333859e-01 3.421258966869079876e-02
1.449867508684773432e-01 3.632613671955434165e-02
1.480042268406868700e-01 3.857025211322599734e-02
1.510845027666047613e-01 4.095300195456802461e-02
1.542288856439409939e-01 4.348295064723593090e-02
1.574387096717475842e-01 4.616919167702315113e-02
1.607153368165349372e-01 4.902138029690498999e-02
1.640601573901705190e-01 5.204976823126244295e-02
1.674745906398046880e-01 5.526524052402462250e-02
1.709600853500741757e-01 5.877586621200801831e-02
1.745181204578385992e-01 6.269792929195376618e-02
1.781502056797110434e-01 6.688170827324568801e-02
1.818578821526486422e-01 7.134466723323816539e-02
1.856427230878753554e-01 7.610543561217081310e-02
1.895063344384143311e-01 8.118388597683262597e-02
1.934503555805126840e-01 8.660121697332952284e-02
1.974764600092484834e-01 9.238004181521811131e-02
2.015863560486145234e-01 9.854448267637706815e-02
2.057817875763805759e-01 1.050785069105514280e-01
2.100645347640413829e-01 1.120016008393762696e-01
2.144364148321648011e-01 1.193808225811718721e-01
2.188992828214597897e-01 1.272462241017072171e-01
2.234550323798925042e-01 1.356298373395154744e-01
2.281055965661834550e-01 1.445658046563334242e-01
2.328529486700275375e-01 1.540905178822638555e-01
2.376991030493841028e-01 1.642477763634163090e-01
2.426461159851931171e-01 1.753605399740927606e-01
2.476960865538796186e-01 1.872251768691509943e-01
2.528511575180167337e-01 1.998925576920757008e-01
2.581135162355253088e-01 2.134169949194662519e-01
2.634853955877961562e-01 2.278564757304172850e-01
2.689690749271278492e-01 2.432729106314987788e-01
2.745668810438831597e-01 2.596251767784195641e-01
2.802811891537738131e-01 2.769774895862314179e-01
2.861144239056928607e-01 2.954895618731370743e-01
2.920690604105219967e-01 3.152389073437499301e-01
2.981476252913505820e-01 3.363082204099865913e-01
3.043526977555517377e-01 3.587857224489093833e-01
3.106869106891708698e-01 3.825772709075908051e-01
3.171529517740905302e-01 4.079017299608718727e-01
3.237535646284456226e-01 4.349025254698443144e-01
3.304915499707733462e-01 4.636906214597126263e-01
3.373697668083914247e-01 4.943843271487349256e-01
3.443911336505087739e-01 5.267778584691765742e-01
3.515586297465838617e-01 5.611443739321109181e-01
3.588752963504552862e-01 5.977529300694502945e-01
3.663442380107827523e-01 6.367497956057954767e-01
3.739686238883428437e-01 6.782852487941011255e-01
3.817516891007428637e-01 7.224581060179439129e-01
3.896967360951185122e-01 7.695076899858612762e-01
3.978071360494027653e-01 8.196213455353908994e-01
4.060863303027552607e-01 8.729986182069040535e-01
4.145378318157649788e-01 9.286906333821867143e-01
4.231652266610403390e-01 9.877201869223319886e-01
4.319721755448220901e-01 1.050501784540339267e+00
4.409624153602658136e-01 1.117273914144690128e+00
4.501397607730483474e-01 1.191019572072023136e+00
4.595081058399779206e-01 1.269736384830076670e+00
4.690714256612865118e-01 1.353655745687322165e+00
4.788337780673142530e-01 1.440899103032059703e+00
4.887993053402931998e-01 1.529709749838966237e+00
4.989722359719687139e-01 1.623994292055803701e+00
5.093568864577977529e-01 1.724244371753430372e+00
5.199576631284887895e-01 1.839390494086626138e+00
5.307790640196620169e-01 1.962226146805177818e+00
5.418256807804173736e-01 2.093264841578853286e+00
5.531022006216277376e-01 2.226160947793236033e+00
5.646134083047763541e-01 2.366546452171347070e+00
5.763641881721900395e-01 2.515784905775361846e+00
5.883595262195214781e-01 2.679898960723772205e+00
6.006045122113689017e-01 2.855076438228822955e+00
6.131043418409223289e-01 3.040633153829606083e+00
6.258643189345570734e-01 3.232574536598571857e+00
6.388898577023131020e-01 3.436632308473168695e+00
6.521864850352057097e-01 3.655167629966506126e+00
6.657598428503537225e-01 3.889032162073699617e+00
6.796156904849094404e-01 4.137846132833944424e+00
6.937599071398169448e-01 4.402315634475619355e+00
7.081984943744236149e-01 4.683688644622251651e+00
7.229375786530161108e-01 4.982683252436023835e+00
7.379834139443505192e-01 5.300586595827842196e+00
7.533423843752851123e-01 5.638622921178006564e+00
7.690210069396433701e-01 5.998001652248082571e+00
7.850259342634492432e-01 6.382062565510340235e+00
8.013639574277185984e-01 6.795902591452562369e+00
8.180420088499924525e-01 7.235759967675179816e+00
8.350671652258471189e-01 7.700628487308615711e+00
8.524466505316175002e-01 8.190478503203761917e+00
8.701878390896189419e-01 8.693019387222285843e+00
8.882982586971583938e-01 9.238112489239808767e+00
9.067855938206671462e-01 9.844489504219154696e+00
9.256576888563147198e-01 1.048266204617738495e+01
9.449225514584753682e-01 1.115308803671974047e+01
9.645883559374751615e-01 1.184738061333169945e+01
9.846634467280448444e-01 1.257753607952076713e+01
1.005156341929967390e+00 1.339676346530746009e+01
1.026075736922404058e+00 1.426544237625422440e+01
1.047430508053451392e+00 1.518330664651516138e+01
1.069229716406479680e+00 1.613625107451346352e+01
1.091482611644857048e+00 1.715098432731466005e+01
1.114198635936694659e+00 1.826182524175982991e+01
1.137387427961266795e+00 1.941427197352810552e+01
1.161058826998822235e+00 2.063885373758759911e+01
1.185222877105502892e+00 2.196823470538506484e+01
1.209889831375160485e+00 2.335903367506756467e+01
1.235070156289862053e+00 2.483617004376773707e+01
1.260774536160947035e+00 2.641547582352483658e+01
1.287013877662505523e+00 2.812823656270212780e+01
1.313799314459207501e+00 2.989893210243305788e+01
1.341142211930455019e+00 3.179153894305517980e+01
1.369054171992841074e+00 6.470226031218712137e+01
1.397547038022987298e+00 inf
1.426632899882822825e+00 inf
1.456324099049463694e+00 inf
1.486633233851841318e+00 inf
1.517573164816328868e+00 inf
1.549157020123613560e+00 inf
1.581398201179137208e+00 inf
1.614310388299477594e+00 inf
1.647907546517062949e+00 inf
1.682203931505708239e+00 inf
1.717214095629459480e+00 inf
1.752952894117343119e+00 inf
1.789435491366608399e+00 inf
1.826677367377168348e+00 inf
1.864694324319941865e+00 inf
1.903502493241907789e+00 inf
1.943118340910698461e+00 inf
1.983558676801640885e+00 inf
2.024840660230225353e+00 inf
2.066981807632997992e+00 inf
2.109999999999999876e+00 inf
