# k [Mpc^-1], sensitivity [mK^2], z=7.0, 177.6 MHz
3.500000000000000333e-02 inf
3.572842282756675397e-02 inf
3.647200564986839699e-02 inf
3.723106397794004319e-02 inf
3.800591988925806214e-02 inf
3.879690216440116746e-02 inf
3.960434642655615706e-02 inf
4.042859528392659524e-02 3.238276030729426713e-01
4.126999847510574859e-02 3.267373517092952429e-01
4.212891301747467149e-02 3.296732458534624710e-01
4.300570335868902916e-02 3.326355204355583295e-01
4.390074153131857948e-02 3.356244124966584752e-01
4.481440731070487210e-02 3.386401612077675205e-01
4.574708837610465956e-02 3.416830078889584454e-01
4.669918047518661214e-02 3.447531960286822073e-01
4.767108759195193973e-02 3.478509713032522654e-01
4.866322211814942678e-02 3.509765815965030789e-01
4.967600502825834929e-02 3.541302770196263494e-01
5.070986605811275694e-02 3.573123099311841799e-01
5.176524388724366293e-02 3.605229349573035313e-01
5.284258632501594166e-02 3.637624090120509246e-01
5.394235050063903719e-02 3.670309913179907180e-01
5.506500305713256382e-02 3.703289434269284586e-01
5.621102034932823344e-02 3.736565292408395300e-01
5.738088864599311806e-02 3.770140150329876483e-01
5.857510433615904094e-02 3.804016694692307632e-01
5.979417413974657397e-02 3.838197636295207493e-01
6.103861532257209149e-02 3.872685710295945549e-01
6.230895591583001519e-02 3.907483676428614161e-01
6.360573494014265528e-02 3.942594319224859145e-01
6.492950263427293978e-02 3.978020448236694318e-01
6.628082068859754428e-02 4.013764898261333314e-01
6.766026248343849636e-02 4.049830529568015924e-01
6.906841333235554103e-02 4.086220228126897780e-01
7.050587073050135212e-02 4.122936905839977295e-01
7.197324460814619185e-02 4.159983500774113718e-01
7.347115758947816988e-02 4.197362977396122963e-01
7.500024525679045706e-02 4.235078326810001181e-01
7.656115642016625422e-02 4.273132566996271087e-01
7.815455339277647961e-02 4.311528743053474333e-01
7.978111227190747001e-02 4.352454197562297677e-01
8.144152322583671222e-02 4.436764319255041000e-01
8.313649078667982584e-02 4.522707587742030300e-01
8.486673414933156023e-02 4.610315638233816737e-01
8.663298747662909194e-02 4.699620718737400060e-01
8.843600021086570062e-02 4.790655701926517795e-01
9.027653739178835568e-02 4.883454097241894942e-01
9.215537998121303698e-02 4.978050063225867294e-01
9.407332519439604024e-02 5.074478420095933640e-01
9.603118683830201563e-02 5.172774662561874237e-01
9.802979565691193053e-02 5.272974972891156797e-01
1.000699996837176586e-01 5.375116234227403922e-01
1.021526646015524509e-01 5.479236044166855280e-01
1.042786741099108044e-01 5.585372728597838288e-01
1.064489302999123421e-01 5.693565355808288819e-01
1.086643540370700461e-01 5.803853750866562189e-01
1.109258853520242866e-01 5.916278510280804648e-01
1.132344838394090808e-01 6.030881016942289952e-01
1.155911290650195183e-01 6.147703455358217717e-01
1.179968209814531294e-01 6.266788827179580190e-01
1.204525803524016392e-01 6.353489021810297954e-01
1.229594491857733396e-01 6.380597532300299468e-01
1.255184911758291388e-01 6.407821707008570788e-01
1.281307921545208894e-01 6.435162039441065795e-01
1.307974605522227440e-01 6.462619025209389578e-01
1.335196278680513826e-01 6.490193162039779029e-01
1.362984491499744655e-01 6.517884949782123405e-01
1.391351034849112878e-01 6.545694890419032630e-01
1.420307944990333859e-01 6.573623488074925580e-01
1.449867508684773432e-01 6.601671249025179433e-01
1.480042268406868700e-01 6.629838681705302328e-01
1.510845027666047613e-01 6.658126296720150439e-01
1.542288856439409939e-01 6.686534606853180573e-01
1.574387096717475842e-01 6.715064127075754952e-01
1.607153368165349372e-01 6.716675773202521738e-01
1.640601573901705190e-01 6.677685715652383891e-01
1.674745906398046880e-01 6.638921993962288992e-01
1.709600853500741757e-01 6.600383294260836475e-01
1.745181204578385992e-01 6.562068310303602603e-01
1.781502056797110434e-01 6.523975743428860330e-01
1.818578821526486422e-01 6.486104302513571174e-01
1.856427230878753554e-01 6.448452703929614671e-01
1.895063344384143311e-01 6.411019671500288730e-01
1.934503555805126840e-01 6.373803936457046460e-01
1.974764600092484834e-01 6.336804237396500561e-01
2.015863560486145234e-01 6.281262337676952745e-01
2.057817875763805759e-01 6.211963954929037302e-01
2.100645347640413829e-01 6.143430110516463483e-01
2.144364148321648011e-01 6.075652369626709515e-01
2.188992828214597897e-01 6.008622390504809729e-01
2.234550323798925042e-01 5.942331923426675822e-01
2.281055965661834550e-01 5.876772809683773469e-01
2.328529486700275375e-01 5.811936980578978895e-01
2.376991030493841028e-01 5.747816456433529897e-01
2.426461159851931171e-01 5.674462219394608153e-01
2.476960865538796186e-01 5.598124680614806614e-01
2.528511575180167337e-01 5.522814097271775413e-01
2.581135162355253088e-01 5.448516653915268515e-01
2.634853955877961562e-01 5.375218720951848717e-01
2.689690749271278492e-01 5.302906852144594341e-01
2.745668810438831597e-01 5.231567782146442358e-01
2.802811891537738131e-01 5.158567273461390768e-01
2.861144239056928607e-01 5.077979250351045692e-01
2.920690604105219967e-01 4.998650187165920578e-01
2.981476252913505820e-01 4.920560416218035527e-01
3.043526977555517377e-01 4.843690577071409487e-01
3.106869106891708698e-01 4.768021611742114252e-01
3.171529517740905302e-01 4.693534759973315151e-01
3.237535646284456226e-01 4.612065596020548108e-01
3.304915499707733462e-01 4.529319477955616180e-01
3.373697668083914247e-01 4.448057926818942964e-01
3.443911336505087739e-01 4.368254307657543078e-01
3.515586297465838617e-01 4.289882463382180822e-01
3.588752963504552862e-01 4.213366329511779584e-01
3.663442380107827523e-01 4.152457782655951113e-01
3.739686238883428437e-01 4.092429731534402149e-01
3.817516891007428637e-01 4.033269447675050801e-01
3.896967360951185122e-01 3.974964386608983991e-01
3.978071360494027653e-01 3.917502185210493537e-01
4.060863303027552607e-01 3.903166002915833266e-01
4.145378318157649788e-01 3.892812428108673450e-01
4.231652266610403390e-01 3.882486317291312661e-01
4.319721755448220901e-01 3.872187597612513077e-01
4.409624153602658136e-01 3.895672173750959755e-01
4.501397607730483474e-01 4.004493295415078591e-01
4.595081058399779206e-01 4.116354209955004895e-01
4.690714256612865118e-01 4.231339830488575759e-01
4.788337780673142530e-01 4.345463818205803630e-01
4.887993053402931998e-01 4.401864512203585433e-01
4.989722359719687139e-01 4.458997242737974820e-01
5.093568864577977529e-01 4.516871511066012923e-01
5.199576631284887895e-01 4.575998524155902025e-01
5.307790640196620169e-01 4.638245586679902721e-01
5.418256807804173736e-01 4.701339392657251648e-01
5.531022006216277376e-01 4.765291460293739068e-01
5.646134083047763541e-01 4.807658665624305883e-01
5.763641881721900395e-01 4.834085988890700070e-01
5.883595262195214781e-01 4.860658581083944774e-01
6.006045122113689017e-01 4.893906345832839677e-01
6.131043418409223289e-01 4.949338854523270270e-01
6.258643189345570734e-01 5.005399238535083173e-01
6.388898577023131020e-01 5.058537252574645260e-01
6.521864850352057097e-01 5.079174551196438125e-01
6.657598428503537225e-01 5.099896043740930196e-01
6.796156904849094404e-01 5.121454048451672403e-01
6.937599071398169448e-01 5.147234944454118777e-01
7.081984943744236149e-01 5.173145618951576763e-01
7.229375786530161108e-01 5.212121991108460417e-01
7.379834139443505192e-01 5.272752741493285100e-01
7.533423843752851123e-01 5.334088787705507650e-01
7.690210069396433701e-01 5.364079666588257300e-01
7.850259342634492432e-01 5.383812188171528401e-01
8.013639574277185984e-01 5.408185935743383688e-01
8.180420088499924525e-01 5.445436761241557733e-01
8.350671652258471189e-01 5.482944165196314001e-01
8.524466505316175002e-01 5.482550730055393284e-01
8.701878390896189419e-01 5.477750385185721216e-01
8.882982586971583938e-01 5.507134107568767423e-01
9.067855938206671462e-01 5.556295565135552783e-01
9.256576888563147198e-01 5.584283787405384114e-01
9.449225514584753682e-01 5.588945280552169992e-01
9.645883559374751615e-01 5.619658174580051124e-01
9.846634467280448444e-01 5.687895379689570374e-01
1.005156341929967390e+00 5.750514501603842810e-01
1.026075736922404058e+00 5.805254721322229416e-01
1.047430508053451392e+00 5.829811361802850200e-01
1.069229716406479680e+00 5.827006655895951015e-01
1.091482611644857048e+00 5.851453164168246568e-01
1.114198635936694659e+00 5.888024922721875054e-01
1.137387427961266795e+00 5.917421196590291199e-01
1.161058826998822235e+00 5.942401871898980170e-01
1.185222877105502892e+00 5.953770422228937820e-01
1.209889831375160485e+00 6.000569503161271578e-01
1.235070156289862053e+00 6.073657988611866898e-01
1.260774536160947035e+00 6.045963712584911942e-01
1.287013877662505523e+00 6.061546027429824957e-01
1.313799314459207501e+00 6.132498880364316562e-01
1.341142211930455019e+00 6.160784106683638850e-01
1.369054171992841074e+00 6.176097265812562354e-01
1.397547038022987298e+00 6.184752753345409415e-01
1.426632899882822825e+00 6.231887382665287634e-01
1.456324099049463694e+00 6.265448759987658489e-01
1.486633233851841318e+00 6.289315607008506559e-01
1.517573164816328868e+00 6.313354511636376509e-01
1.549157020123613560e+00 6.399368092918236162e-01
1.581398201179137208e+00 6.446159844661363270e-01
1.614310388299477594e+00 7.252614860018152809e-01
1.647907546517062949e+00 inf
1.682203931505708239e+00 inf
1.717214095629459480e+00 inf
1.752952894117343119e+00 inf
1.789435491366608399e+00 inf
1.826677367377168348e+00 inf
1.864694324319941865e+00 inf
1.903502493241907789e+00 inf
1.943118340910698461e+00 inf
1.983558676801640885e+00 inf
2.024840660230225353e+00 inf
2.066981807632997992e+00 inf
2.109999999999999876e+00 inf
