# k [Mpc^-1], sensitivity [mK^2], z=6.5, 189.4 MHz
3.500000000000000333e-02 inf
3.572842282756675397e-02 inf
3.647200564986839699e-02 inf
3.723106397794004319e-02 inf
3.800591988925806214e-02 inf
3.879690216440116746e-02 inf
3.960434642655615706e-02 inf
4.042859528392659524e-02 inf
4.126999847510574859e-02 3.211780408080047418e-04
4.212891301747467149e-02 3.308373439871042129e-04
4.300570335868902916e-02 3.407871469079389406e-04
4.390074153131857948e-02 3.510361862359170871e-04
4.481440731070487210e-02 3.615934613882191943e-04
4.574708837610465956e-02 3.724682424359585550e-04
4.669918047518661214e-02 3.836700782439861237e-04
4.767108759195193973e-02 3.952088048555070315e-04
4.866322211814942678e-02 4.070945541288544987e-04
4.967600502825834929e-02 4.193377626340141404e-04
5.070986605811275694e-02 4.319491808167052983e-04
5.176524388724366293e-02 4.449398824380729070e-04
5.284258632501594166e-02 4.583212742982697855e-04
5.394235050063903719e-02 4.721051062524743826e-04
5.506500305713256382e-02 4.863034815281359370e-04
5.621102034932823344e-02 5.009288673525039322e-04
5.738088864599311806e-02 5.159941058997849061e-04
5.857510433615904094e-02 5.315124255675165998e-04
5.979417413974657397e-02 5.474974525920890027e-04
6.103861532257209149e-02 5.639632230135886151e-04
6.230895591583001519e-02 5.809241950004834492e-04
6.360573494014265528e-02 5.983952615449691058e-04
6.492950263427293978e-02 6.163917635401177297e-04
6.628082068859754428e-02 6.349295032503277005e-04
6.766026248343849636e-02 6.540247581868759239e-04
6.906841333235554103e-02 6.736942954007875623e-04
7.050587073050135212e-02 6.939553862055479081e-04
7.197324460814619185e-02 7.148258213425991723e-04
7.347115758947816988e-02 7.363239266029289248e-04
7.500024525679045706e-02 7.584685789184778155e-04
7.656115642016625422e-02 7.812792229374881979e-04
7.815455339277647961e-02 8.047758880983411564e-04
7.978111227190747001e-02 8.289792062168978119e-04
8.144152322583671222e-02 8.539104296027609595e-04
8.313649078667982584e-02 8.879668604775703975e-04
8.486673414933156023e-02 9.333648247128940086e-04
8.663298747662909194e-02 9.810837935357132663e-04
8.843600021086570062e-02 1.031242430026759567e-03
9.027653739178835568e-02 1.083965464004766352e-03
9.215537998121303698e-02 1.139384002192947226e-03
9.407332519439604024e-02 1.197635854242963104e-03
9.603118683830201563e-02 1.258865875427111298e-03
9.802979565691193053e-02 1.323226326850908364e-03
1.000699996837176586e-01 1.390877254081808109e-03
1.021526646015524509e-01 1.461986885135572664e-03
1.042786741099108044e-01 1.536732048810039416e-03
1.064489302999123421e-01 1.615298614406454353e-03
1.086643540370700461e-01 1.697881953931934139e-03
1.109258853520242866e-01 1.784687427932335046e-03
1.132344838394090808e-01 1.875930896163717498e-03
1.155911290650195183e-01 1.971839254372238955e-03
1.179968209814531294e-01 2.072650998517347031e-03
1.204525803524016392e-01 2.178616817841271241e-03
1.229594491857733396e-01 2.290000218259659846e-03
1.255184911758291388e-01 2.407425206228581884e-03
1.281307921545208894e-01 2.530971825842127671e-03
1.307974605522227440e-01 2.660858732654811272e-03
1.335196278680513826e-01 2.797411303774427569e-03
1.362984491499744655e-01 2.940971614331898409e-03
1.391351034849112878e-01 3.091899294406873396e-03
1.420307944990333859e-01 3.250572429929907397e-03
1.449867508684773432e-01 3.417388509817997216e-03
1.480042268406868700e-01 3.592765421716167997e-03
1.510845027666047613e-01 3.777142498839502517e-03
1.542288856439409939e-01 3.970981620538044723e-03
1.574387096717475842e-01 4.174768369341580465e-03
1.607153368165349372e-01 4.389013247382761614e-03
1.640601573901705190e-01 4.614252955245870362e-03
1.674745906398046880e-01 4.861653532579639746e-03
1.709600853500741757e-01 5.124807147591617200e-03
1.745181204578385992e-01 5.402204851498406367e-03
1.781502056797110434e-01 5.694617654299000305e-03
1.818578821526486422e-01 6.002858299543964091e-03
1.856427230878753554e-01 6.327783523306551756e-03
1.895063344384143311e-01 6.670296435428404308e-03
1.934503555805126840e-01 7.031349029658225634e-03
1.974764600092484834e-01 7.411944829660394377e-03
2.015863560486145234e-01 7.813141678247727956e-03
2.057817875763805759e-01 8.236054677591116494e-03
2.100645347640413829e-01 8.726448723972485624e-03
2.144364148321648011e-01 9.246763062032458888e-03
2.188992828214597897e-01 9.798101132535503438e-03
2.234550323798925042e-01 1.038231272493447474e-02
2.281055965661834550e-01 1.100135792234288069e-02
2.328529486700275375e-01 1.165731367779238026e-02
2.376991030493841028e-01 1.235238078259934778e-02
2.426461159851931171e-01 1.308889125022025778e-02
2.476960865538796186e-01 1.387255302146077167e-02
2.528511575180167337e-01 1.472536616301517616e-02
2.581135162355253088e-01 1.563060586608876548e-02
2.634853955877961562e-01 1.659149504578311812e-02
2.689690749271278492e-01 1.761145474542814490e-02
2.745668810438831597e-01 1.869411631648554631e-02
2.802811891537738131e-01 1.984333434721013631e-02
2.861144239056928607e-01 2.106320038609854964e-02
2.920690604105219967e-01 2.243379409417808543e-02
2.981476252913505820e-01 2.393708530779127888e-02
3.043526977555517377e-01 2.554111224463699939e-02
3.106869106891708698e-01 2.725262521752441075e-02
3.171529517740905302e-01 2.907882687852787751e-02
3.237535646284456226e-01 3.102740253029489387e-02
3.304915499707733462e-01 3.310550001496975758e-02
3.373697668083914247e-01 3.531720383704805427e-02
3.443911336505087739e-01 3.767666660535535367e-02
3.515586297465838617e-01 4.019375976197748362e-02
3.588752963504552862e-01 4.287901423779159893e-02
3.663442380107827523e-01 4.574366451142564127e-02
3.739686238883428437e-01 4.879793320793408828e-02
3.817516891007428637e-01 5.205383107322762715e-02
3.896967360951185122e-01 5.552696910039538886e-02
3.978071360494027653e-01 5.923184199715983422e-02
4.060863303027552607e-01 6.318391158777512950e-02
4.145378318157649788e-01 6.740048311402453696e-02
4.231652266610403390e-01 7.190016931917450616e-02
4.319721755448220901e-01 7.670025657501952643e-02
4.409624153602658136e-01 8.182079978920106522e-02
4.501397607730483474e-01 8.728319274390659854e-02
4.595081058399779206e-01 9.311729399441111277e-02
4.690714256612865118e-01 9.934445602152673638e-02
4.788337780673142530e-01 1.059880556967799509e-01
4.887993053402931998e-01 1.130759420329359027e-01
4.989722359719687139e-01 1.205482830255971277e-01
5.093568864577977529e-01 1.284124610274635925e-01
5.199576631284887895e-01 1.367896724304931977e-01
5.307790640196620169e-01 1.457133858655652869e-01
5.418256807804173736e-01 1.555199887461074237e-01
5.531022006216277376e-01 1.662031498652891126e-01
5.646134083047763541e-01 1.776201711938146799e-01
5.763641881721900395e-01 1.898214639162439377e-01
5.883595262195214781e-01 2.015125949465843835e-01
6.006045122113689017e-01 2.139234463899419014e-01
6.131043418409223289e-01 2.270986631256524946e-01
6.258643189345570734e-01 2.414139290713366026e-01
6.388898577023131020e-01 2.568195717964306124e-01
6.521864850352057097e-01 2.732083136686455638e-01
6.657598428503537225e-01 2.916478394271730945e-01
6.796156904849094404e-01 3.123367684188291804e-01
6.937599071398169448e-01 3.344933296880384654e-01
7.081984943744236149e-01 3.557463518662228319e-01
7.229375786530161108e-01 3.764078382577480397e-01
7.379834139443505192e-01 3.982693285781058190e-01
7.533423843752851123e-01 4.246333943302392777e-01
7.690210069396433701e-01 4.536132528042911005e-01
7.850259342634492432e-01 4.843027014078293280e-01
8.013639574277185984e-01 5.157142532773858479e-01
8.180420088499924525e-01 5.491631375590584341e-01
8.350671652258471189e-01 5.835592327347719488e-01
8.524466505316175002e-01 6.195109975248394019e-01
8.701878390896189419e-01 6.586315843528457448e-01
8.882982586971583938e-01 7.024275992882451636e-01
9.067855938206671462e-01 7.489499096651099919e-01
9.256576888563147198e-01 7.952870695165503712e-01
9.449225514584753682e-01 8.444910864907283488e-01
9.645883559374751615e-01 8.995877945784966911e-01
9.846634467280448444e-01 9.586202965359230665e-01
1.005156341929967390e+00 1.019850152422917988e+00
1.026075736922404058e+00 1.084633566833501650e+00
1.047430508053451392e+00 1.153868222222333539e+00
1.069229716406479680e+00 1.227584817838370812e+00
1.091482611644857048e+00 1.305399155708179215e+00
1.114198635936694659e+00 1.388584017625558831e+00
1.137387427961266795e+00 1.480962803190176258e+00
1.161058826998822235e+00 1.577138178317180950e+00
1.185222877105502892e+00 1.674909713437035430e+00
1.209889831375160485e+00 1.782512224305867088e+00
1.235070156289862053e+00 1.899232067691672521e+00
1.260774536160947035e+00 2.011849023964754402e+00
1.287013877662505523e+00 2.139299955812805187e+00
1.313799314459207501e+00 2.287466358670644073e+00
1.341142211930455019e+00 2.431535904247153379e+00
1.369054171992841074e+00 2.584068716794399201e+00
1.397547038022987298e+00 2.749261403661114933e+00
1.426632899882822825e+00 2.924902697930511497e+00
1.456324099049463694e+00 3.109720241973449983e+00
1.486633233851841318e+00 3.304969534305397527e+00
1.517573164816328868e+00 3.517222177473724898e+00
1.549157020123613560e+00 3.745567167708524270e+00
1.581398201179137208e+00 3.990951384409718639e+00
1.614310388299477594e+00 4.247874474254884625e+00
1.647907546517062949e+00 4.644173175987598157e+00
1.682203931505708239e+00 1.228345866252259633e+01
1.717214095629459480e+00 1.966016042963052541e+02
1.752952894117343119e+00 inf
1.789435491366608399e+00 inf
1.826677367377168348e+00 inf
1.864694324319941865e+00 inf
1.903502493241907789e+00 inf
1.943118340910698461e+00 inf
1.983558676801640885e+00 inf
2.024840660230225353e+00 inf
2.066981807632997992e+00 inf
2.109999999999999876e+00 inf
