# k [Mpc^-1], sensitivity [mK^2], z=5.5, 218.5 MHz
3.500000000000000333e-02 inf
3.572842282756675397e-02 inf
3.647200564986839699e-02 inf
3.723106397794004319e-02 inf
3.800591988925806214e-02 inf
3.879690216440116746e-02 inf
3.960434642655615706e-02 inf
4.042859528392659524e-02 inf
4.126999847510574859e-02 inf
4.212891301747467149e-02 inf
4.300570335868902916e-02 inf
4.390074153131857948e-02 inf
4.481440731070487210e-02 inf
4.574708837610465956e-02 inf
4.669918047518661214e-02 inf
4.767108759195193973e-02 inf
4.866322211814942678e-02 inf
4.967600502825834929e-02 inf
5.070986605811275694e-02 inf
5.176524388724366293e-02 inf
5.284258632501594166e-02 inf
5.394235050063903719e-02 inf
5.506500305713256382e-02 inf
5.621102034932823344e-02 inf
5.738088864599311806e-02 inf
5.857510433615904094e-02 inf
5.979417413974657397e-02 inf
6.103861532257209149e-02 inf
6.230895591583001519e-02 inf
6.360573494014265528e-02 inf
6.492950263427293978e-02 inf
6.628082068859754428e-02 inf
6.766026248343849636e-02 inf
6.906841333235554103e-02 inf
7.050587073050135212e-02 inf
7.197324460814619185e-02 inf
7.347115758947816988e-02 inf
7.500024525679045706e-02 inf
7.656115642016625422e-02 inf
7.815455339277647961e-02 inf
7.978111227190747001e-02 inf
8.144152322583671222e-02 inf
8.313649078667982584e-02 inf
8.486673414933156023e-02 inf
8.663298747662909194e-02 inf
8.843600021086570062e-02 inf
9.027653739178835568e-02 inf
9.215537998121303698e-02 inf
9.407332519439604024e-02 inf
9.603118683830201563e-02 inf
9.802979565691193053e-02 inf
1.000699996837176586e-01 inf
1.021526646015524509e-01 inf
1.042786741099108044e-01 inf
1.064489302999123421e-01 inf
1.086643540370700461e-01 inf
1.109258853520242866e-01 inf
1.132344838394090808e-01 inf
1.155911290650195183e-01 inf
1.179968209814531294e-01 inf
1.204525803524016392e-01 inf
1.229594491857733396e-01 inf
1.255184911758291388e-01 inf
1.281307921545208894e-01 inf
1.307974605522227440e-01 inf
1.335196278680513826e-01 6.141803662533612540e-03
1.362984491499744655e-01 6.303797749587069371e-03
1.391351034849112878e-01 6.470064536596794973e-03
1.420307944990333859e-01 6.640716718817575408e-03
1.449867508684773432e-01 6.815869963915239735e-03
1.480042268406868700e-01 6.995642990365924518e-03
1.510845027666047613e-01 7.180157647923172091e-03
1.542288856439409939e-01 7.369539000207460389e-03
1.574387096717475842e-01 7.563915409474021578e-03
1.607153368165349372e-01 7.763418623616469456e-03
1.640601573901705190e-01 7.968183865465279514e-03
1.674745906398046880e-01 8.178349924441455365e-03
1.709600853500741757e-01 8.394059250627751781e-03
1.745181204578385992e-01 8.615458051320953881e-03
1.781502056797110434e-01 8.860146880711466597e-03
1.818578821526486422e-01 9.156466664020992963e-03
1.856427230878753554e-01 9.462696600645453121e-03
1.895063344384143311e-01 9.779168126905522090e-03
1.934503555805126840e-01 1.010622376371674534e-02
1.974764600092484834e-01 1.044421748730405691e-02
2.015863560486145234e-01 1.079351511231442691e-02
2.057817875763805759e-01 1.115449468774245591e-02
2.100645347640413829e-01 1.152754690609729404e-02
2.144364148321648011e-01 1.191307552625386033e-02
2.188992828214597897e-01 1.231149781044585216e-02
2.234550323798925042e-01 1.278932754405717569e-02
2.281055965661834550e-01 1.336865337355699034e-02
2.328529486700275375e-01 1.397422127212332929e-02
2.376991030493841028e-01 1.460721994247551545e-02
2.426461159851931171e-01 1.526889193271186405e-02
2.476960865538796186e-01 1.596053607537608471e-02
2.528511575180167337e-01 1.668351003700750332e-02
2.581135162355253088e-01 1.743923298317982817e-02
2.634853955877961562e-01 1.822918836425970607e-02
2.689690749271278492e-01 1.905691356739328338e-02
2.745668810438831597e-01 1.992359036875452835e-02
2.802811891537738131e-01 2.082968219266711357e-02
2.861144239056928607e-01 2.177698156894178685e-02
2.920690604105219967e-01 2.276736254867012949e-02
2.981476252913505820e-01 2.380278441167710257e-02
3.043526977555517377e-01 2.488529554258241128e-02
3.106869106891708698e-01 2.602146955444853069e-02
3.171529517740905302e-01 2.724371507413653887e-02
3.237535646284456226e-01 2.852337026883432561e-02
3.304915499707733462e-01 2.986313170869216160e-02
3.373697668083914247e-01 3.126582262353184288e-02
3.443911336505087739e-01 3.273439885213452749e-02
3.515586297465838617e-01 3.427195507097084010e-02
3.588752963504552862e-01 3.600336998977835684e-02
3.663442380107827523e-01 3.789532156344875558e-02
3.739686238883428437e-01 3.988669385129476469e-02
3.817516891007428637e-01 4.198271134137672445e-02
3.896967360951185122e-01 4.418887306489915900e-02
3.978071360494027653e-01 4.651096702325899918e-02
4.060863303027552607e-01 4.883883146560745458e-02
4.145378318157649788e-01 5.127242823940379723e-02
4.231652266610403390e-01 5.382728903774187251e-02
4.319721755448220901e-01 5.650945634218895036e-02
4.409624153602658136e-01 5.932527372594807030e-02
4.501397607730483474e-01 6.269532594871386755e-02
4.595081058399779206e-01 6.636402409715091988e-02
4.690714256612865118e-01 7.024740086637300263e-02
4.788337780673142530e-01 7.435801845374777341e-02
4.887993053402931998e-01 7.835662202112586572e-02
4.989722359719687139e-01 8.086181424767470427e-02
5.093568864577977529e-01 8.344710165865190654e-02
5.199576631284887895e-01 8.611504503103110941e-02
5.307790640196620169e-01 8.886828701410792730e-02
5.418256807804173736e-01 9.402489496163705940e-02
5.531022006216277376e-01 9.960422522372693044e-02
5.646134083047763541e-01 1.055146265940181405e-01
5.763641881721900395e-01 1.116695417855360639e-01
5.883595262195214781e-01 1.166228613272979331e-01
6.006045122113689017e-01 1.217958949834950927e-01
6.131043418409223289e-01 1.271983886006605446e-01
6.258643189345570734e-01 1.332187760295815149e-01
6.388898577023131020e-01 1.399740110626661316e-01
6.521864850352057097e-01 1.470717894046763008e-01
6.657598428503537225e-01 1.545835517662816072e-01
6.796156904849094404e-01 1.628980373012014482e-01
6.937599071398169448e-01 1.716597286928928101e-01
7.081984943744236149e-01 1.808926795135805954e-01
7.229375786530161108e-01 1.890322738990456997e-01
7.379834139443505192e-01 1.975153259198098588e-01
7.533423843752851123e-01 2.065200571114652883e-01
7.690210069396433701e-01 2.192226589132508230e-01
7.850259342634492432e-01 2.327065702633266397e-01
8.013639574277185984e-01 2.463337930330586067e-01
8.180420088499924525e-01 2.587892946541553996e-01
8.350671652258471189e-01 2.718745901769455964e-01
8.524466505316175002e-01 2.866284690596377915e-01
8.701878390896189419e-01 3.027726249990327911e-01
8.882982586971583938e-01 3.198364785530348198e-01
9.067855938206671462e-01 3.379226050111184820e-01
9.256576888563147198e-01 3.570314664984826636e-01
9.449225514584753682e-01 3.787807999342870380e-01
9.645883559374751615e-01 4.023101404302156792e-01
9.846634467280448444e-01 4.248743079001878198e-01
1.005156341929967390e+00 4.464100760977529614e-01
1.026075736922404058e+00 4.717861487689800626e-01
1.047430508053451392e+00 5.036263806732930171e-01
1.069229716406479680e+00 5.360370579317855766e-01
1.091482611644857048e+00 5.666726059414352035e-01
1.114198635936694659e+00 6.002906467519986133e-01
1.137387427961266795e+00 6.386796587592769026e-01
1.161058826998822235e+00 6.780930907736710811e-01
1.185222877105502892e+00 7.178146401785374664e-01
1.209889831375160485e+00 7.617404378207572879e-01
1.235070156289862053e+00 8.097756833998240866e-01
1.260774536160947035e+00 8.591722713340218531e-01
1.287013877662505523e+00 9.113026314154840657e-01
1.313799314459207501e+00 9.675131986194150935e-01
1.341142211930455019e+00 1.028798382960918190e+00
1.369054171992841074e+00 1.095902822110111252e+00
1.397547038022987298e+00 1.164861758902285382e+00
1.426632899882822825e+00 1.238167155591253676e+00
1.456324099049463694e+00 1.316888130976369142e+00
1.486633233851841318e+00 1.391572467260772328e+00
1.517573164816328868e+00 1.477011992152103881e+00
1.549157020123613560e+00 1.581419251414304616e+00
1.581398201179137208e+00 1.682388377651051536e+00
1.614310388299477594e+00 1.788730046271535867e+00
1.647907546517062949e+00 1.901775102116191052e+00
1.682203931505708239e+00 2.023483272359175800e+00
1.717214095629459480e+00 2.144108143000961419e+00
1.752952894117343119e+00 2.286599011520602520e+00
1.789435491366608399e+00 3.518869895841830520e+00
1.826677367377168348e+00 9.727431095599866850e+00
1.864694324319941865e+00 inf
1.903502493241907789e+00 inf
1.943118340910698461e+00 inf
1.983558676801640885e+00 inf
2.024840660230225353e+00 inf
2.066981807632997992e+00 inf
2.109999999999999876e+00 inf
