# k [Mpc^-1], sensitivity [mK^2], z=6.5, 189.4 MHz
3.500000000000000333e-02 inf
3.572842282756675397e-02 inf
3.647200564986839699e-02 inf
3.723106397794004319e-02 inf
3.800591988925806214e-02 inf
3.879690216440116746e-02 inf
3.960434642655615706e-02 inf
4.042859528392659524e-02 inf
4.126999847510574859e-02 1.981786711578602440e-04
4.212891301747467149e-02 2.040571009720061483e-04
4.300570335868902916e-02 2.101098983751459120e-04
4.390074153131857948e-02 2.163422355062783885e-04
4.481440731070487210e-02 2.227594379217997611e-04
4.574708837610465956e-02 2.293669891462139375e-04
4.669918047518661214e-02 2.361705353578240547e-04
4.767108759195193973e-02 2.431758902134147722e-04
4.866322211814942678e-02 2.503890398160442919e-04
4.967600502825834929e-02 2.578161478301935748e-04
5.070986605811275694e-02 2.654635607486401918e-04
5.176524388724366293e-02 2.733378133155630794e-04
5.284258632501594166e-02 2.814456341105050032e-04
5.394235050063903719e-02 2.897939512979710018e-04
5.506500305713256382e-02 2.983898985475727517e-04
5.621102034932823344e-02 3.072408211297754138e-04
5.738088864599311806e-02 3.163542821924611036e-04
5.857510433615904094e-02 3.257380692236673840e-04
5.979417413974657397e-02 3.354002007060278819e-04
6.103861532257209149e-02 3.453489329685944576e-04
6.230895591583001519e-02 3.555927672419051605e-04
6.360573494014265528e-02 3.661404569223168648e-04
6.492950263427293978e-02 3.770010150518172324e-04
6.628082068859754428e-02 3.881837220197056405e-04
6.766026248343849636e-02 3.996981334927194088e-04
6.906841333235554103e-02 4.115540885803912422e-04
7.050587073050135212e-02 4.237617182426041016e-04
7.197324460814619185e-02 4.363314539465374580e-04
7.347115758947816988e-02 4.492740365803959339e-04
7.500024525679045706e-02 4.626005256315414080e-04
7.656115642016625422e-02 4.763223086368674713e-04
7.815455339277647961e-02 4.904511109134928378e-04
7.978111227190747001e-02 5.049990055780923578e-04
8.144152322583671222e-02 5.199784238634210746e-04
8.313649078667982584e-02 5.407094128858690521e-04
8.486673414933156023e-02 5.685955488619101042e-04
8.663298747662909194e-02 5.979198632035257269e-04
8.843600021086570062e-02 6.287565274278062452e-04
9.027653739178835568e-02 6.611835383172506679e-04
9.215537998121303698e-02 6.952829152010909933e-04
9.407332519439604024e-02 7.311409074110567993e-04
9.603118683830201563e-02 7.688482124363058869e-04
9.802979565691193053e-02 8.085002053293174331e-04
1.000699996837176586e-01 8.501971799429817577e-04
1.021526646015524509e-01 8.940446026090654924e-04
1.042786741099108044e-01 9.401533788997132497e-04
1.064489302999123421e-01 9.886401341466879468e-04
1.086643540370700461e-01 1.039627508427900691e-03
1.109258853520242866e-01 1.093244466767357564e-03
1.132344838394090808e-01 1.149626625333117049e-03
1.155911290650195183e-01 1.208916594458333670e-03
1.179968209814531294e-01 1.271264339353008616e-03
1.204525803524016392e-01 1.336827559418816676e-03
1.229594491857733396e-01 1.405772087126422407e-03
1.255184911758291388e-01 1.477515513933206964e-03
1.281307921545208894e-01 1.552701556116500587e-03
1.307974605522227440e-01 1.631713575682691535e-03
1.335196278680513826e-01 1.714746264392503832e-03
1.362984491499744655e-01 1.802004221248103451e-03
1.391351034849112878e-01 1.893702456640952193e-03
1.420307944990333859e-01 1.990066922154139911e-03
1.449867508684773432e-01 2.091335067324643412e-03
1.480042268406868700e-01 2.197756424737465179e-03
1.510845027666047613e-01 2.309593224893315318e-03
1.542288856439409939e-01 2.427121042364971306e-03
1.574387096717475842e-01 2.550629474834440434e-03
1.607153368165349372e-01 2.680422856684187578e-03
1.640601573901705190e-01 2.816821008900704127e-03
1.674745906398046880e-01 2.966368997943771065e-03
1.709600853500741757e-01 3.125313097443958507e-03
1.745181204578385992e-01 3.292773745891171017e-03
1.781502056797110434e-01 3.469207277343707655e-03
1.818578821526486422e-01 3.655094477169190670e-03
1.856427230878753554e-01 3.850941892195603507e-03
1.895063344384143311e-01 4.057283211062836549e-03
1.934503555805126840e-01 4.274680718536327112e-03
1.974764600092484834e-01 4.503726827745786407e-03
2.015863560486145234e-01 4.745045694524362319e-03
2.057817875763805759e-01 4.999294918247448177e-03
2.100645347640413829e-01 5.292395353409558648e-03
2.144364148321648011e-01 5.603087336520785715e-03
2.188992828214597897e-01 5.932018604856127697e-03
2.234550323798925042e-01 6.280259902250527604e-03
2.281055965661834550e-01 6.648944830942992747e-03
2.328529486700275375e-01 7.039273541701905959e-03
2.376991030493841028e-01 7.452516640580529768e-03
2.426461159851931171e-01 7.890019325019946572e-03
2.476960865538796186e-01 8.355124385719683855e-03
2.528511575180167337e-01 8.860812648454988519e-03
2.581135162355253088e-01 9.397107351892150864e-03
2.634853955877961562e-01 9.965860930191644193e-03
2.689690749271278492e-01 1.056903793484089554e-02
2.745668810438831597e-01 1.120872182047976361e-02
2.802811891537738131e-01 1.188712214143362693e-02
2.861144239056928607e-01 1.260658218381169836e-02
2.920690604105219967e-01 1.341856056294735144e-02
2.981476252913505820e-01 1.431096248198828261e-02
3.043526977555517377e-01 1.526271362715313218e-02
3.106869106891708698e-01 1.627776102115257445e-02
3.171529517740905302e-01 1.736031418360410930e-02
3.237535646284456226e-01 1.851486258839953741e-02
3.304915499707733462e-01 1.974582007537196982e-02
3.373697668083914247e-01 2.105663555478253651e-02
3.443911336505087739e-01 2.245446880375159132e-02
3.515586297465838617e-01 2.394509644937722198e-02
3.588752963504552862e-01 2.553467859699186729e-02
3.663442380107827523e-01 2.722978428715552845e-02
3.739686238883428437e-01 2.904112972871824780e-02
3.817516891007428637e-01 3.097781420014654799e-02
3.896967360951185122e-01 3.304365159285948400e-02
3.978071360494027653e-01 3.524725481067419314e-02
4.060863303027552607e-01 3.759781113165653471e-02
4.145378318157649788e-01 4.010050526156239137e-02
4.231652266610403390e-01 4.276000279515349001e-02
4.319721755448220901e-01 4.559588032907226779e-02
4.409624153602658136e-01 4.861983552579936252e-02
4.501397607730483474e-01 5.184434184613262442e-02
4.595081058399779206e-01 5.532909039095952608e-02
4.690714256612865118e-01 5.906854579742344680e-02
4.788337780673142530e-01 6.306073492204775088e-02
4.887993053402931998e-01 6.732273895055369828e-02
4.989722359719687139e-01 7.180487356546197408e-02
5.093568864577977529e-01 7.650806134152755844e-02
5.199576631284887895e-01 8.151930585745710556e-02
5.307790640196620169e-01 8.685878469481779496e-02
5.418256807804173736e-01 9.273444192637399219e-02
5.531022006216277376e-01 9.914188048339225845e-02
5.646134083047763541e-01 1.059920377111559092e-01
5.763641881721900395e-01 1.133155030284605236e-01
5.883595262195214781e-01 1.203050026787366722e-01
6.006045122113689017e-01 1.277254164023417238e-01
6.131043418409223289e-01 1.356035213158678643e-01
6.258643189345570734e-01 1.441700646767357930e-01
6.388898577023131020e-01 1.533936718289457823e-01
6.521864850352057097e-01 1.632073801862084506e-01
6.657598428503537225e-01 1.742300862475575640e-01
6.796156904849094404e-01 1.865783060908534075e-01
6.937599071398169448e-01 1.998016820945024419e-01
7.081984943744236149e-01 2.125041162031716113e-01
7.229375786530161108e-01 2.248700475606263405e-01
7.379834139443505192e-01 2.379555709009070208e-01
7.533423843752851123e-01 2.537768891521592907e-01
7.690210069396433701e-01 2.711820124770122908e-01
7.850259342634492432e-01 2.896078913234334529e-01
8.013639574277185984e-01 3.084122527797313329e-01
8.180420088499924525e-01 3.284375892866853164e-01
8.350671652258471189e-01 3.490161737202132075e-01
8.524466505316175002e-01 3.705182389383225305e-01
8.701878390896189419e-01 3.939197245470940079e-01
8.882982586971583938e-01 4.201277931378070152e-01
9.067855938206671462e-01 4.479657926690386316e-01
9.256576888563147198e-01 4.756505296841513353e-01
9.449225514584753682e-01 5.050462113207920822e-01
9.645883559374751615e-01 5.379944211951342981e-01
9.846634467280448444e-01 5.733000068574779506e-01
1.005156341929967390e+00 6.099115827918316635e-01
1.026075736922404058e+00 6.486457219794389273e-01
1.047430508053451392e+00 6.901127235708817143e-01
1.069229716406479680e+00 7.342814511522983700e-01
1.091482611644857048e+00 7.808762801743356352e-01
1.114198635936694659e+00 8.306889655325752075e-01
1.137387427961266795e+00 8.860178190978177382e-01
1.161058826998822235e+00 9.436360846456431917e-01
1.185222877105502892e+00 1.002238306904757126e+00
1.209889831375160485e+00 1.066563499407394255e+00
1.235070156289862053e+00 1.136235431329648771e+00
1.260774536160947035e+00 1.203603684119538553e+00
1.287013877662505523e+00 1.279950714295361003e+00
1.313799314459207501e+00 1.368867394421992678e+00
1.341142211930455019e+00 1.455000815382076151e+00
1.369054171992841074e+00 1.546180072357573154e+00
1.397547038022987298e+00 1.645014286949686877e+00
1.426632899882822825e+00 1.750269152162332364e+00
1.456324099049463694e+00 1.860798012807538093e+00
1.486633233851841318e+00 1.977376597994258134e+00
1.517573164816328868e+00 2.104501104667853006e+00
1.549157020123613560e+00 2.241214967628798682e+00
1.581398201179137208e+00 2.388404849345447722e+00
1.614310388299477594e+00 2.542407134441988958e+00
1.647907546517062949e+00 2.772195756756570706e+00
1.682203931505708239e+00 6.844869822017531469e+00
1.717214095629459480e+00 7.765299631013955661e+01
1.752952894117343119e+00 inf
1.789435491366608399e+00 inf
1.826677367377168348e+00 inf
1.864694324319941865e+00 inf
1.903502493241907789e+00 inf
1.943118340910698461e+00 inf
1.983558676801640885e+00 inf
2.024840660230225353e+00 inf
2.066981807632997992e+00 inf
2.109999999999999876e+00 inf
