# k [Mpc^-1], sensitivity [mK^2], z=12.0, 109.3 MHz
3.500000000000000333e-02 5.145445955739042822e-03
3.572842282756675397e-02 5.313553835138481313e-03
3.647200564986839699e-02 5.487154000213306099e-03
3.723106397794004319e-02 5.666425890511785947e-03
3.800591988925806214e-02 5.851554808087054867e-03
3.879690216440116746e-02 6.042732109032161215e-03
3.960434642655615706e-02 6.240155401272803014e-03
4.042859528392659524e-02 6.444028748822180561e-03
4.126999847510574859e-02 6.654562882709108215e-03
4.212891301747467149e-02 6.871975418797395853e-03
4.300570335868902916e-02 7.096491082721646283e-03
4.390074153131857948e-02 7.328341942171984029e-03
4.481440731070487210e-02 7.567767646767796855e-03
4.574708837610465956e-02 7.815015675768441014e-03
4.669918047518661214e-02 8.070341593876954531e-03
4.767108759195193973e-02 8.334009315401177259e-03
4.866322211814942678e-02 8.606291377045343152e-03
4.967600502825834929e-02 8.887469219614085869e-03
5.070986605811275694e-02 9.177833478920064889e-03
5.176524388724366293e-02 9.477684286195869195e-03
5.284258632501594166e-02 9.787331578320811187e-03
5.394235050063903719e-02 1.010709541818303157e-02
5.506500305713256382e-02 1.043730632550846256e-02
5.621102034932823344e-02 1.077830561849812789e-02
5.738088864599311806e-02 1.113044576662734070e-02
5.857510433615904094e-02 1.149409075497109800e-02
5.979417413974657397e-02 1.186961646043259606e-02
6.103861532257209149e-02 1.225741104026340650e-02
6.230895591583001519e-02 1.265787533327723813e-02
6.360573494014265528e-02 1.330390613337580769e-02
6.492950263427293978e-02 1.401617357785791239e-02
6.628082068859754428e-02 1.476657455300261178e-02
6.766026248343849636e-02 1.555715066013821021e-02
6.906841333235554103e-02 1.639005280429279773e-02
7.050587073050135212e-02 1.726754704611951213e-02
7.197324460814619185e-02 1.819202076712384680e-02
7.347115758947816988e-02 1.916598916496586869e-02
7.500024525679045706e-02 2.019210209650968910e-02
7.656115642016625422e-02 2.127315128723737334e-02
7.815455339277647961e-02 2.241207792664212314e-02
7.978111227190747001e-02 2.361198067026534786e-02
8.144152322583671222e-02 2.487612407014840737e-02
8.313649078667982584e-02 2.620794745663594660e-02
8.486673414933156023e-02 2.761107429569480479e-02
8.663298747662909194e-02 2.908932204720764483e-02
8.843600021086570062e-02 3.064671255106142522e-02
9.027653739178835568e-02 3.228748296928921069e-02
9.215537998121303698e-02 3.401609731403431452e-02
9.407332519439604024e-02 3.586774574506969987e-02
9.603118683830201563e-02 3.795151380785314471e-02
9.802979565691193053e-02 4.015634019892792839e-02
1.000699996837176586e-01 4.248925790776660050e-02
1.021526646015524509e-01 4.495770851151673075e-02
1.042786741099108044e-01 4.756956591225970643e-02
1.064489302999123421e-01 5.033316145330556796e-02
1.086643540370700461e-01 5.325731049464139250e-02
1.109258853520242866e-01 5.635134053230362455e-02
1.132344838394090808e-01 5.962512095136975054e-02
1.155911290650195183e-01 6.308909450747607339e-02
1.179968209814531294e-01 6.675431063728200221e-02
1.204525803524016392e-01 7.063246070413460587e-02
1.229594491857733396e-01 7.473591529136128231e-02
1.255184911758291388e-01 7.917727111393420281e-02
1.281307921545208894e-01 8.423486133756158400e-02
1.307974605522227440e-01 8.961551420922246602e-02
1.335196278680513826e-01 9.533986593508213259e-02
1.362984491499744655e-01 1.014298708959927298e-01
1.391351034849112878e-01 1.079088858482658980e-01
1.420307944990333859e-01 1.148017595029209720e-01
1.449867508684773432e-01 1.221349278269680677e-01
1.480042268406868700e-01 1.299365154322323357e-01
1.510845027666047613e-01 1.382364434405698173e-01
1.542288856439409939e-01 1.470665442391690114e-01
1.574387096717475842e-01 1.566520256484830731e-01
1.607153368165349372e-01 1.671712992882045112e-01
1.640601573901705190e-01 1.783969482042701560e-01
1.674745906398046880e-01 1.903764059028441036e-01
1.709600853500741757e-01 2.031602910773163684e-01
1.745181204578385992e-01 2.168026214954574538e-01
1.781502056797110434e-01 2.313610422492189678e-01
1.818578821526486422e-01 2.468970693316383247e-01
1.856427230878753554e-01 2.634763495700737090e-01
1.895063344384143311e-01 2.809403964427336642e-01
1.934503555805126840e-01 2.993599996476604130e-01
1.974764600092484834e-01 3.189872674907914263e-01
2.015863560486145234e-01 3.399013794127551669e-01
2.057817875763805759e-01 3.621867061826504197e-01
2.100645347640413829e-01 3.859331502628046140e-01
2.144364148321648011e-01 4.112365084892435907e-01
2.188992828214597897e-01 4.382416479943605503e-01
2.234550323798925042e-01 4.676992705225812008e-01
2.281055965661834550e-01 4.991369684931667994e-01
2.328529486700275375e-01 5.326878381447461841e-01
2.376991030493841028e-01 5.684939221471588811e-01
2.426461159851931171e-01 6.067068109605338044e-01
2.476960865538796186e-01 6.474882846163784178e-01
2.528511575180167337e-01 6.910695224237829448e-01
2.581135162355253088e-01 7.376292982611927229e-01
2.634853955877961562e-01 7.873259693829245398e-01
2.689690749271278492e-01 8.403708794187076947e-01
2.745668810438831597e-01 8.969896109593361588e-01
2.802811891537738131e-01 9.574229448853864843e-01
2.861144239056928607e-01 1.018719662251589275e+00
2.920690604105219967e-01 1.083396768914890673e+00
2.981476252913505820e-01 1.152180135898219993e+00
3.043526977555517377e-01 1.225330464007252207e+00
3.106869106891708698e-01 1.303125005582337792e+00
3.171529517740905302e-01 1.388603291129993256e+00
3.237535646284456226e-01 1.480678491224916460e+00
3.304915499707733462e-01 1.578858993335666705e+00
3.373697668083914247e-01 1.683549626478809236e+00
3.443911336505087739e-01 1.794695458041426050e+00
3.515586297465838617e-01 1.909390383886451881e+00
3.588752963504552862e-01 2.031415202920681562e+00
3.663442380107827523e-01 2.161238352032407217e+00
3.739686238883428437e-01 2.299358204851501775e+00
3.817516891007428637e-01 2.446203893674997687e+00
3.896967360951185122e-01 2.602415238342045356e+00
3.978071360494027653e-01 2.768602032833939575e+00
4.060863303027552607e-01 2.945450896791227624e+00
4.145378318157649788e-01 3.138678186433037087e+00
4.231652266610403390e-01 3.344581560915715013e+00
4.319721755448220901e-01 3.563992595981944067e+00
4.409624153602658136e-01 3.794048969018444684e+00
4.501397607730483474e-01 4.033280018607782402e+00
4.595081058399779206e-01 4.287595611268383067e+00
4.690714256612865118e-01 4.558254514618425901e+00
4.788337780673142530e-01 4.850855386471156550e+00
4.887993053402931998e-01 5.162238726466981120e+00
4.989722359719687139e-01 5.493610208079515722e+00
5.093568864577977529e-01 5.849203359960120530e+00
5.199576631284887895e-01 6.228050203988008349e+00
5.307790640196620169e-01 6.631434565759325217e+00
5.418256807804173736e-01 7.047605926563278445e+00
5.531022006216277376e-01 7.489705549291749698e+00
5.646134083047763541e-01 7.963671841664769602e+00
5.763641881721900395e-01 8.483997651163949882e+00
5.883595262195214781e-01 9.038320209074376166e+00
6.006045122113689017e-01 9.613147772416075654e+00
6.131043418409223289e-01 1.021279599124679116e+01
6.258643189345570734e-01 1.085186771947924811e+01
6.388898577023131020e-01 1.155093162021679731e+01
6.521864850352057097e-01 1.229502835308489850e+01
6.657598428503537225e-01 1.308901370262280572e+01
6.796156904849094404e-01 1.393504925815731532e+01
6.937599071398169448e-01 1.481559558564669743e+01
7.081984943744236149e-01 1.572761949365184719e+01
7.229375786530161108e-01 1.671347065624690131e+01
7.379834139443505192e-01 1.780265377482797007e+01
7.533423843752851123e-01 1.895283363189634329e+01
7.690210069396433701e-01 2.014473333780925302e+01
7.850259342634492432e-01 2.141846147269128409e+01
8.013639574277185984e-01 2.279311811706836366e+01
8.180420088499924525e-01 2.425182013154632799e+01
8.350671652258471189e-01 2.579596327297715064e+01
8.524466505316175002e-01 2.743470446939342366e+01
8.701878390896189419e-01 2.917400964981509404e+01
8.882982586971583938e-01 3.101324132737944339e+01
9.067855938206671462e-01 3.296804651009735920e+01
9.256576888563147198e-01 3.509830447618848126e+01
9.449225514584753682e-01 3.734517498496221322e+01
9.645883559374751615e-01 3.970405245792395732e+01
9.846634467280448444e-01 4.221880317523869763e+01
1.005156341929967390e+00 4.489969758088221141e+01
1.026075736922404058e+00 4.776527696644881615e+01
1.047430508053451392e+00 5.080507483263920676e+01
1.069229716406479680e+00 5.403325899568316260e+01
1.091482611644857048e+00 5.746120875457169319e+01
1.114198635936694659e+00 6.111280189668698881e+01
1.137387427961266795e+00 6.500889543787381797e+01
1.161058826998822235e+00 6.915061275540766417e+01
1.185222877105502892e+00 7.351137422554356249e+01
1.209889831375160485e+00 7.820877777131310893e+01
1.235070156289862053e+00 8.318694337453943888e+01
1.260774536160947035e+00 2.258837167120933884e+02
1.287013877662505523e+00 inf
1.313799314459207501e+00 inf
1.341142211930455019e+00 inf
1.369054171992841074e+00 inf
1.397547038022987298e+00 inf
1.426632899882822825e+00 inf
1.456324099049463694e+00 inf
1.486633233851841318e+00 inf
1.517573164816328868e+00 inf
1.549157020123613560e+00 inf
1.581398201179137208e+00 inf
1.614310388299477594e+00 inf
1.647907546517062949e+00 inf
1.682203931505708239e+00 inf
1.717214095629459480e+00 inf
1.752952894117343119e+00 inf
1.789435491366608399e+00 inf
1.826677367377168348e+00 inf
1.864694324319941865e+00 inf
1.903502493241907789e+00 inf
1.943118340910698461e+00 inf
1.983558676801640885e+00 inf
2.024840660230225353e+00 inf
2.066981807632997992e+00 inf
2.109999999999999876e+00 inf
