# k [Mpc^-1], sensitivity [mK^2], z=9.0, 142.0 MHz
3.500000000000000333e-02 inf
3.572842282756675397e-02 1.606859415504574284e-01
3.647200564986839699e-02 1.619299076963418293e-01
3.723106397794004319e-02 1.631835041294633915e-01
3.800591988925806214e-02 1.644468054036455351e-01
3.879690216440116746e-02 1.657198866498772460e-01
3.960434642655615706e-02 1.670028235807818340e-01
4.042859528392659524e-02 1.682956924951190814e-01
4.126999847510574859e-02 1.695985702823233632e-01
4.212891301747467149e-02 1.709115344270762671e-01
4.300570335868902916e-02 1.722346630139145740e-01
4.390074153131857948e-02 1.735680347318743766e-01
4.481440731070487210e-02 1.749117288791706692e-01
4.574708837610465956e-02 1.762658253679134646e-01
4.669918047518661214e-02 1.776304047288602694e-01
4.767108759195193973e-02 1.790055481162054485e-01
4.866322211814942678e-02 1.803913373124066410e-01
4.967600502825834929e-02 1.817878547330485373e-01
5.070986605811275694e-02 1.831951834317440131e-01
5.176524388724366293e-02 1.846134071050739844e-01
5.284258632501594166e-02 1.860426100975646480e-01
5.394235050063903719e-02 1.874828774067036352e-01
5.506500305713256382e-02 1.889342946879952190e-01
5.621102034932823344e-02 1.903969482600540442e-01
5.738088864599311806e-02 1.918709251097390489e-01
5.857510433615904094e-02 1.933563128973264933e-01
5.979417413974657397e-02 1.948531999617233723e-01
6.103861532257209149e-02 1.963616753257210190e-01
6.230895591583001519e-02 1.978818287012895916e-01
6.360573494014265528e-02 1.994137504949134165e-01
6.492950263427293978e-02 2.009575318129673827e-01
6.628082068859754428e-02 2.025132644671356619e-01
6.766026248343849636e-02 2.040810409798715086e-01
6.906841333235554103e-02 2.056609545899000246e-01
7.050587073050135212e-02 2.072530992577630293e-01
7.197324460814619185e-02 2.099205707491471895e-01
7.347115758947816988e-02 2.136301039041268723e-01
7.500024525679045706e-02 2.174051886921779808e-01
7.656115642016625422e-02 2.212469834845615935e-01
7.815455339277647961e-02 2.251566671222647031e-01
7.978111227190747001e-02 2.291354392777238125e-01
8.144152322583671222e-02 2.331845208229396393e-01
8.313649078667982584e-02 2.373051542040981177e-01
8.486673414933156023e-02 2.414986038228094656e-01
8.663298747662909194e-02 2.457661564240862240e-01
8.843600021086570062e-02 2.501091214911759786e-01
9.027653739178835568e-02 2.545288316473714452e-01
9.215537998121303698e-02 2.590266430649217910e-01
9.407332519439604024e-02 2.636039358811683164e-01
9.603118683830201563e-02 2.682621146220353081e-01
9.802979565691193053e-02 2.730026086330036850e-01
1.000699996837176586e-01 2.778268725177007181e-01
1.021526646015524509e-01 2.827363865842392188e-01
1.042786741099108044e-01 2.877326572994457488e-01
1.064489302999123421e-01 2.928172177511139673e-01
1.086643540370700461e-01 2.973877429241092440e-01
1.109258853520242866e-01 3.019072674030629511e-01
1.132344838394090808e-01 3.064954769640412802e-01
1.155911290650195183e-01 3.111534154426324750e-01
1.179968209814531294e-01 3.158821425380256009e-01
1.204525803524016392e-01 3.206827340540964189e-01
1.229594491857733396e-01 3.255562821441572718e-01
1.255184911758291388e-01 3.305038955594256644e-01
1.281307921545208894e-01 3.355266999012695428e-01
1.307974605522227440e-01 3.406258378772866746e-01
1.335196278680513826e-01 3.458024695612743060e-01
1.362984491499744655e-01 3.510577726571509349e-01
1.391351034849112878e-01 3.563929427668883210e-01
1.420307944990333859e-01 3.618091936625156824e-01
1.449867508684773432e-01 3.649039864319038595e-01
1.480042268406868700e-01 3.676558518505018136e-01
1.510845027666047613e-01 3.704284700247934548e-01
1.542288856439409939e-01 3.732219974583875777e-01
1.574387096717475842e-01 3.760365918351400438e-01
1.607153368165349372e-01 3.788724120280544949e-01
1.640601573901705190e-01 3.817296181082499573e-01
1.674745906398046880e-01 3.846083713539965032e-01
1.709600853500741757e-01 3.875088342598185243e-01
1.745181204578385992e-01 3.904311705456672832e-01
1.781502056797110434e-01 3.933250375860672943e-01
1.818578821526486422e-01 3.948115011283355735e-01
1.856427230878753554e-01 3.963035823497530474e-01
1.895063344384143311e-01 3.978013024807892650e-01
1.934503555805126840e-01 3.993046828321484831e-01
1.974764600092484834e-01 4.008137447950729793e-01
2.015863560486145234e-01 4.023285098416473082e-01
2.057817875763805759e-01 4.038489995251037801e-01
2.100645347640413829e-01 4.053752354801292146e-01
2.144364148321648011e-01 4.065350555487388662e-01
2.188992828214597897e-01 4.060371522922502363e-01
2.234550323798925042e-01 4.055398588420979222e-01
2.281055965661834550e-01 4.050431744514225718e-01
2.328529486700275375e-01 4.045470983742792681e-01
2.376991030493841028e-01 4.040516298656368632e-01
2.426461159851931171e-01 4.035567681813767571e-01
2.476960865538796186e-01 4.030625125782914542e-01
2.528511575180167337e-01 4.026081117254948771e-01
2.581135162355253088e-01 4.021710661361221906e-01
2.634853955877961562e-01 4.017344949754597661e-01
2.689690749271278492e-01 4.012983977284981796e-01
2.745668810438831597e-01 4.008627738807870600e-01
2.802811891537738131e-01 4.004276229184344782e-01
2.861144239056928607e-01 4.001751630579179486e-01
2.920690604105219967e-01 4.005809586813464107e-01
2.981476252913505820e-01 4.009871657997980954e-01
3.043526977555517377e-01 4.013937848305473843e-01
3.106869106891708698e-01 4.018008161912919873e-01
3.171529517740905302e-01 4.022082603001529977e-01
3.237535646284456226e-01 4.066934709447140861e-01
3.304915499707733462e-01 4.154122573721087952e-01
3.373697668083914247e-01 4.243179591109048077e-01
3.443911336505087739e-01 4.334145832937377762e-01
3.515586297465838617e-01 4.427062229590572606e-01
3.588752963504552862e-01 4.522281054951899359e-01
3.663442380107827523e-01 4.620056892155197659e-01
3.739686238883428437e-01 4.719946732054176031e-01
3.817516891007428637e-01 4.821996281313443711e-01
3.896967360951185122e-01 4.926252234817335984e-01
3.978071360494027653e-01 5.017382847963679504e-01
4.060863303027552607e-01 5.105177112636146708e-01
4.145378318157649788e-01 5.194507603094635773e-01
4.231652266610403390e-01 5.285401200248445175e-01
4.319721755448220901e-01 5.364458986859742540e-01
4.409624153602658136e-01 5.432772319068598366e-01
4.501397607730483474e-01 5.501955582685057466e-01
4.595081058399779206e-01 5.572019855790508736e-01
4.690714256612865118e-01 5.653815223303071402e-01
4.788337780673142530e-01 5.742825308208330259e-01
4.887993053402931998e-01 5.833236711498062110e-01
4.989722359719687139e-01 5.923459419019886374e-01
5.093568864577977529e-01 5.983449666993797544e-01
5.199576631284887895e-01 6.044047470383788756e-01
5.307790640196620169e-01 6.105258982249670563e-01
5.418256807804173736e-01 6.148645404634586198e-01
5.531022006216277376e-01 6.184383282301700868e-01
5.646134083047763541e-01 6.220328879851179105e-01
5.763641881721900395e-01 6.266462798331288164e-01
5.883595262195214781e-01 6.320643034665636151e-01
6.006045122113689017e-01 6.375291716772936157e-01
6.131043418409223289e-01 6.460385610888609298e-01
6.258643189345570734e-01 6.565037607929369301e-01
6.388898577023131020e-01 6.671384866080577458e-01
6.521864850352057097e-01 6.745836078740423680e-01
6.657598428503537225e-01 6.815063690404277175e-01
6.796156904849094404e-01 6.884069017524668821e-01
6.937599071398169448e-01 6.950503118786028889e-01
7.081984943744236149e-01 7.017578336485814638e-01
7.229375786530161108e-01 7.047505849027974056e-01
7.379834139443505192e-01 7.063819052324283865e-01
7.533423843752851123e-01 7.110334545744650958e-01
7.690210069396433701e-01 7.210324040925107925e-01
7.850259342634492432e-01 7.303129817260186618e-01
8.013639574277185984e-01 7.324480923636611518e-01
8.180420088499924525e-01 7.345894451160531746e-01
8.350671652258471189e-01 7.429248392019754954e-01
8.524466505316175002e-01 7.516967186788188204e-01
8.701878390896189419e-01 7.544595469009747202e-01
8.882982586971583938e-01 7.564175020509833480e-01
9.067855938206671462e-01 7.643333784602812653e-01
9.256576888563147198e-01 7.729999219487362350e-01
9.449225514584753682e-01 7.782969699995072599e-01
9.645883559374751615e-01 7.842927474547348732e-01
9.846634467280448444e-01 7.938059787618315655e-01
1.005156341929967390e+00 8.042938878886786158e-01
1.026075736922404058e+00 8.162354110140640495e-01
1.047430508053451392e+00 8.221371150150891260e-01
1.069229716406479680e+00 8.256792368283651928e-01
1.091482611644857048e+00 8.356638158552778251e-01
1.114198635936694659e+00 8.436346040363383869e-01
1.137387427961266795e+00 8.491320169123223183e-01
1.161058826998822235e+00 8.546918544441008958e-01
1.185222877105502892e+00 8.607335753549103519e-01
1.209889831375160485e+00 8.674289926585042609e-01
1.235070156289862053e+00 8.752544967314945801e-01
1.260774536160947035e+00 8.825738755415700743e-01
1.287013877662505523e+00 8.891488616294020986e-01
1.313799314459207501e+00 8.944038375645703143e-01
1.341142211930455019e+00 9.038897091798803185e-01
1.369054171992841074e+00 9.105693023532376307e-01
1.397547038022987298e+00 9.166578427356447678e-01
1.426632899882822825e+00 9.486969609285214045e-01
1.456324099049463694e+00 1.263423722322926546e+00
1.486633233851841318e+00 inf
1.517573164816328868e+00 inf
1.549157020123613560e+00 inf
1.581398201179137208e+00 inf
1.614310388299477594e+00 inf
1.647907546517062949e+00 inf
1.682203931505708239e+00 inf
1.717214095629459480e+00 inf
1.752952894117343119e+00 inf
1.789435491366608399e+00 inf
1.826677367377168348e+00 inf
1.864694324319941865e+00 inf
1.903502493241907789e+00 inf
1.943118340910698461e+00 inf
1.983558676801640885e+00 inf
2.024840660230225353e+00 inf
2.066981807632997992e+00 inf
2.109999999999999876e+00 inf
