# k [Mpc^-1], sensitivity [mK^2], z=14.0, 94.7 MHz
3.500000000000000333e-02 5.553271661600003156e-02
3.572842282756675397e-02 5.578940728354132156e-02
3.647200564986839699e-02 5.604728446063624719e-02
3.723106397794004319e-02 5.630635363172614705e-02
3.800591988925806214e-02 5.656662030660333795e-02
3.879690216440116746e-02 5.682809002052824354e-02
3.960434642655615706e-02 5.709076833434700848e-02
4.042859528392659524e-02 5.735466083460993153e-02
4.126999847510574859e-02 5.761977313369022469e-02
4.212891301747467149e-02 5.788611086990324422e-02
4.300570335868902916e-02 5.815367970762661681e-02
4.390074153131857948e-02 5.842248533742057381e-02
4.481440731070487210e-02 5.869253347614902805e-02
4.574708837610465956e-02 5.896382986710104607e-02
4.669918047518661214e-02 5.923638028011319473e-02
4.767108759195193973e-02 5.951019051169211677e-02
4.866322211814942678e-02 5.978526638513776553e-02
4.967600502825834929e-02 6.006161375066738917e-02
5.070986605811275694e-02 6.033923848553991026e-02
5.176524388724366293e-02 6.061814649418077738e-02
5.284258632501594166e-02 6.089834370830777416e-02
5.394235050063903719e-02 6.117983608705700183e-02
5.506500305713256382e-02 6.146262961710970141e-02
5.621102034932823344e-02 6.174673031281947139e-02
5.738088864599311806e-02 6.203214421634031805e-02
5.857510433615904094e-02 6.240947015219757560e-02
5.979417413974657397e-02 6.295319939041651991e-02
6.103861532257209149e-02 6.350166575400723046e-02
6.230895591583001519e-02 6.405491051416715986e-02
6.360573494014265528e-02 6.461297530166040803e-02
6.492950263427293978e-02 6.517590210995016786e-02
6.628082068859754428e-02 6.574373329835885016e-02
6.766026248343849636e-02 6.631651159525529804e-02
6.906841333235554103e-02 6.689428010127035362e-02
7.050587073050135212e-02 6.747708229253987500e-02
7.197324460814619185e-02 6.806496202397624429e-02
7.347115758947816988e-02 6.865796353256856110e-02
7.500024525679045706e-02 6.925613144071116056e-02
7.656115642016625422e-02 6.985951075956162160e-02
7.815455339277647961e-02 7.046814689242754393e-02
7.978111227190747001e-02 7.108208563818331494e-02
8.144152322583671222e-02 7.170137319471614479e-02
8.313649078667982584e-02 7.232605616240263269e-02
8.486673414933156023e-02 7.295618154761519814e-02
8.663298747662909194e-02 7.359179676625925148e-02
8.843600021086570062e-02 7.427743338173686816e-02
9.027653739178835568e-02 7.499125273939589997e-02
9.215537998121303698e-02 7.571193202815608425e-02
9.407332519439604024e-02 7.643953717317650276e-02
9.603118683830201563e-02 7.717413473316875328e-02
9.802979565691193053e-02 7.791579190648550979e-02
1.000699996837176586e-01 7.866457653726756372e-02
1.021526646015524509e-01 7.942055712164998449e-02
1.042786741099108044e-01 8.018380281402791299e-02
1.064489302999123421e-01 8.095438343338250131e-02
1.086643540370700461e-01 8.173236946966777605e-02
1.109258853520242866e-01 8.251783209025873034e-02
1.132344838394090808e-01 8.331084314646153288e-02
1.155911290650195183e-01 8.411147518008622870e-02
1.179968209814531294e-01 8.498918428908998346e-02
1.204525803524016392e-01 8.590510694049213747e-02
1.229594491857733396e-01 8.683090042793503716e-02
1.255184911758291388e-01 8.776667112874646237e-02
1.281307921545208894e-01 8.871252656667541481e-02
1.307974605522227440e-01 8.966857542424713778e-02
1.335196278680513826e-01 9.063492755525084932e-02
1.362984491499744655e-01 9.161169399736279750e-02
1.391351034849112878e-01 9.259898698490452718e-02
1.420307944990333859e-01 9.359691996173924444e-02
1.449867508684773432e-01 9.460560759430709787e-02
1.480042268406868700e-01 9.467470837237612624e-02
1.510845027666047613e-01 9.460764272186189539e-02
1.542288856439409939e-01 9.454062457929944541e-02
1.574387096717475842e-01 9.447365391103508536e-02
1.607153368165349372e-01 9.440673068343898022e-02
1.640601573901705190e-01 9.433985486290513700e-02
1.674745906398046880e-01 9.427302641585132148e-02
1.709600853500741757e-01 9.420624530871914148e-02
1.745181204578385992e-01 9.414947803959355932e-02
1.781502056797110434e-01 9.451909198227516351e-02
1.818578821526486422e-01 9.489015696291758228e-02
1.856427230878753554e-01 9.526267867803522860e-02
1.895063344384143311e-01 9.563666284650605698e-02
1.934503555805126840e-01 9.601211520965929891e-02
1.974764600092484834e-01 9.638904153136354513e-02
2.015863560486145234e-01 9.676744759811546637e-02
2.057817875763805759e-01 9.875172698526483994e-02
2.100645347640413829e-01 1.021968608438885706e-01
2.144364148321648011e-01 1.057621844720098014e-01
2.188992828214597897e-01 1.094518909086466540e-01
2.234550323798925042e-01 1.132703194746203651e-01
2.281055965661834550e-01 1.172219608758626602e-01
2.328529486700275375e-01 1.212634300541042265e-01
2.376991030493841028e-01 1.246203611972184211e-01
2.426461159851931171e-01 1.280702221436095245e-01
2.476960865538796186e-01 1.316155854656565205e-01
2.528511575180167337e-01 1.352590949521665364e-01
2.581135162355253088e-01 1.390034675798562935e-01
2.634853955877961562e-01 1.425964739675726345e-01
2.689690749271278492e-01 1.457727824857462662e-01
2.745668810438831597e-01 1.490198426538163756e-01
2.802811891537738131e-01 1.523392304509217088e-01
2.861144239056928607e-01 1.557325569608276616e-01
2.920690604105219967e-01 1.594086655518028584e-01
2.981476252913505820e-01 1.639097945549385094e-01
3.043526977555517377e-01 1.685380192980248382e-01
3.106869106891708698e-01 1.732969285089349110e-01
3.171529517740905302e-01 1.781902122483461359e-01
3.237535646284456226e-01 1.822055823437379041e-01
3.304915499707733462e-01 1.856122525277639768e-01
3.373697668083914247e-01 1.890826167083924092e-01
3.443911336505087739e-01 1.926178657626332891e-01
3.515586297465838617e-01 1.961243806762403563e-01
3.588752963504552862e-01 1.995321467200643351e-01
3.663442380107827523e-01 2.029991245221073326e-01
3.739686238883428437e-01 2.065263429183474275e-01
3.817516891007428637e-01 2.102106210015017573e-01
3.896967360951185122e-01 2.140635218703827169e-01
3.978071360494027653e-01 2.179870416501195618e-01
4.060863303027552607e-01 2.219824746980650076e-01
4.145378318157649788e-01 2.260245775888559405e-01
4.231652266610403390e-01 2.301369020873462456e-01
4.319721755448220901e-01 2.343240468242427932e-01
4.409624153602658136e-01 2.392506135436761050e-01
4.501397607730483474e-01 2.448604108969903714e-01
4.595081058399779206e-01 2.506017432373174869e-01
4.690714256612865118e-01 2.561259209002570425e-01
4.788337780673142530e-01 2.612473364751362603e-01
4.887993053402931998e-01 2.664711583093990477e-01
4.989722359719687139e-01 2.715666856187844425e-01
5.093568864577977529e-01 2.764849143353758087e-01
5.199576631284887895e-01 2.814922149999991574e-01
5.307790640196620169e-01 2.855888421085991946e-01
5.418256807804173736e-01 2.892860188817233391e-01
5.531022006216277376e-01 2.930840958366190963e-01
5.646134083047763541e-01 2.977269233452171093e-01
5.763641881721900395e-01 3.024432991888522104e-01
5.883595262195214781e-01 3.073131001455723932e-01
6.006045122113689017e-01 3.123208645917276427e-01
6.131043418409223289e-01 3.172719033706892233e-01
6.258643189345570734e-01 3.217557934560354438e-01
6.388898577023131020e-01 3.263030527527233660e-01
6.521864850352057097e-01 3.310822479974266930e-01
6.657598428503537225e-01 3.359411173663018890e-01
6.796156904849094404e-01 3.409097302588439127e-01
6.937599071398169448e-01 3.459623121620387098e-01
7.081984943744236149e-01 3.510242143581868701e-01
7.229375786530161108e-01 3.561345726974346482e-01
7.379834139443505192e-01 3.606602304795549219e-01
7.533423843752851123e-01 3.650094570010471440e-01
7.690210069396433701e-01 3.703400313668332444e-01
7.850259342634492432e-01 3.759301498974470523e-01
8.013639574277185984e-01 3.807864049827076047e-01
8.180420088499924525e-01 3.857314180651685853e-01
8.350671652258471189e-01 3.908248647164241918e-01
8.524466505316175002e-01 3.964900241684719551e-01
8.701878390896189419e-01 4.026829163266882894e-01
8.882982586971583938e-01 4.058062409241582902e-01
9.067855938206671462e-01 4.098760992897479971e-01
9.256576888563147198e-01 4.171546837515990314e-01
9.449225514584753682e-01 4.226782344561230143e-01
9.645883559374751615e-01 4.275757396895953355e-01
9.846634467280448444e-01 4.322899124705945062e-01
1.005156341929967390e+00 4.372160669249500198e-01
1.026075736922404058e+00 4.429938443257850356e-01
1.047430508053451392e+00 4.497995402140338439e-01
1.069229716406479680e+00 4.521469272408155660e-01
1.091482611644857048e+00 4.582982836601652288e-01
1.114198635936694659e+00 4.650618687060548706e-01
1.137387427961266795e+00 4.700315067236539579e-01
1.161058826998822235e+00 4.730468686619229146e-01
1.185222877105502892e+00 1.112114088822875546e+00
1.209889831375160485e+00 inf
1.235070156289862053e+00 inf
1.260774536160947035e+00 inf
1.287013877662505523e+00 inf
1.313799314459207501e+00 inf
1.341142211930455019e+00 inf
1.369054171992841074e+00 inf
1.397547038022987298e+00 inf
1.426632899882822825e+00 inf
1.456324099049463694e+00 inf
1.486633233851841318e+00 inf
1.517573164816328868e+00 inf
1.549157020123613560e+00 inf
1.581398201179137208e+00 inf
1.614310388299477594e+00 inf
1.647907546517062949e+00 inf
1.682203931505708239e+00 inf
1.717214095629459480e+00 inf
1.752952894117343119e+00 inf
1.789435491366608399e+00 inf
1.826677367377168348e+00 inf
1.864694324319941865e+00 inf
1.903502493241907789e+00 inf
1.943118340910698461e+00 inf
1.983558676801640885e+00 inf
2.024840660230225353e+00 inf
2.066981807632997992e+00 inf
2.109999999999999876e+00 inf
