# k [Mpc^-1], sensitivity [mK^2], z=8.0, 157.8 MHz
3.500000000000000333e-02 inf
3.572842282756675397e-02 inf
3.647200564986839699e-02 inf
3.723106397794004319e-02 inf
3.800591988925806214e-02 inf
3.879690216440116746e-02 inf
3.960434642655615706e-02 inf
4.042859528392659524e-02 inf
4.126999847510574859e-02 inf
4.212891301747467149e-02 inf
4.300570335868902916e-02 inf
4.390074153131857948e-02 inf
4.481440731070487210e-02 inf
4.574708837610465956e-02 inf
4.669918047518661214e-02 inf
4.767108759195193973e-02 inf
4.866322211814942678e-02 inf
4.967600502825834929e-02 inf
5.070986605811275694e-02 inf
5.176524388724366293e-02 inf
5.284258632501594166e-02 inf
5.394235050063903719e-02 inf
5.506500305713256382e-02 inf
5.621102034932823344e-02 inf
5.738088864599311806e-02 inf
5.857510433615904094e-02 inf
5.979417413974657397e-02 inf
6.103861532257209149e-02 inf
6.230895591583001519e-02 inf
6.360573494014265528e-02 inf
6.492950263427293978e-02 inf
6.628082068859754428e-02 inf
6.766026248343849636e-02 inf
6.906841333235554103e-02 inf
7.050587073050135212e-02 inf
7.197324460814619185e-02 inf
7.347115758947816988e-02 inf
7.500024525679045706e-02 inf
7.656115642016625422e-02 inf
7.815455339277647961e-02 inf
7.978111227190747001e-02 inf
8.144152322583671222e-02 inf
8.313649078667982584e-02 inf
8.486673414933156023e-02 inf
8.663298747662909194e-02 inf
8.843600021086570062e-02 inf
9.027653739178835568e-02 inf
9.215537998121303698e-02 inf
9.407332519439604024e-02 inf
9.603118683830201563e-02 inf
9.802979565691193053e-02 inf
1.000699996837176586e-01 inf
1.021526646015524509e-01 inf
1.042786741099108044e-01 inf
1.064489302999123421e-01 inf
1.086643540370700461e-01 inf
1.109258853520242866e-01 inf
1.132344838394090808e-01 inf
1.155911290650195183e-01 inf
1.179968209814531294e-01 inf
1.204525803524016392e-01 inf
1.229594491857733396e-01 inf
1.255184911758291388e-01 inf
1.281307921545208894e-01 inf
1.307974605522227440e-01 inf
1.335196278680513826e-01 inf
1.362984491499744655e-01 inf
1.391351034849112878e-01 inf
1.420307944990333859e-01 inf
1.449867508684773432e-01 inf
1.480042268406868700e-01 inf
1.510845027666047613e-01 8.645938862654761081e+00
1.542288856439409939e-01 8.493499095847820257e+00
1.574387096717475842e-01 8.343747051319892805e+00
1.607153368165349372e-01 8.196635340838888339e+00
1.640601573901705190e-01 8.052117411692282900e+00
1.674745906398046880e-01 7.910147531955753486e+00
1.709600853500741757e-01 7.770680776021558600e+00
1.745181204578385992e-01 7.633673010382076463e+00
1.781502056797110434e-01 7.499080879663980959e+00
1.818578821526486422e-01 7.366861792908680151e+00
1.856427230878753554e-01 7.236973910094627094e+00
1.895063344384143311e-01 7.115898963012148748e+00
1.934503555805126840e-01 7.004392729687386243e+00
1.974764600092484834e-01 6.894633800552144365e+00
2.015863560486145234e-01 6.786594795326061913e+00
2.057817875763805759e-01 6.680248762778135507e+00
2.100645347640413829e-01 6.575569174003524253e+00
2.144364148321648011e-01 6.472529915805685263e+00
2.188992828214597897e-01 6.371105284182216444e+00
2.234550323798925042e-01 6.271269977912784732e+00
2.281055965661834550e-01 6.208287624212421640e+00
2.328529486700275375e-01 6.168513012615011171e+00
2.376991030493841028e-01 6.128993224863318545e+00
2.426461159851931171e-01 6.089726628378426376e+00
2.476960865538796186e-01 6.050711601040854148e+00
2.528511575180167337e-01 6.011946531123546933e+00
2.581135162355253088e-01 5.973429817225296645e+00
2.634853955877961562e-01 5.927609235795149090e+00
2.689690749271278492e-01 5.829942265044224747e+00
2.745668810438831597e-01 5.733884515953538319e+00
2.802811891537738131e-01 5.639409473987704757e+00
2.861144239056928607e-01 5.546491061481291673e+00
2.920690604105219967e-01 5.455103630440675921e+00
2.981476252913505820e-01 5.365221955464502201e+00
3.043526977555517377e-01 5.248751942971995987e+00
3.106869106891708698e-01 5.119586373547454272e+00
3.171529517740905302e-01 4.993599415820708209e+00
3.237535646284456226e-01 4.870712847922183286e+00
3.304915499707733462e-01 4.750850372929875221e+00
3.373697668083914247e-01 4.633937571498679020e+00
3.443911336505087739e-01 4.531073535306513911e+00
3.515586297465838617e-01 4.431388313395133949e+00
3.588752963504552862e-01 4.333896201657335467e+00
3.663442380107827523e-01 4.238548950892869982e+00
3.739686238883428437e-01 4.145299373400985310e+00
3.817516891007428637e-01 4.075586407762830099e+00
3.896967360951185122e-01 4.012037580835555062e+00
3.978071360494027653e-01 3.949479642825794556e+00
4.060863303027552607e-01 3.887897143238328912e+00
4.145378318157649788e-01 3.830164798157653205e+00
4.231652266610403390e-01 3.786085418606346842e+00
4.319721755448220901e-01 3.742513325765670196e+00
4.409624153602658136e-01 3.699442681536054600e+00
4.501397607730483474e-01 3.656867715005588604e+00
4.595081058399779206e-01 3.587142123141402905e+00
4.690714256612865118e-01 3.517566280118878286e+00
4.788337780673142530e-01 3.449339923056516266e+00
4.887993053402931998e-01 3.382104901262804386e+00
4.989722359719687139e-01 3.312005784291907950e+00
5.093568864577977529e-01 3.243359575005293927e+00
5.199576631284887895e-01 3.176136159746329124e+00
5.307790640196620169e-01 3.116812522710707523e+00
5.418256807804173736e-01 3.065682458847178271e+00
5.531022006216277376e-01 3.015391163248226203e+00
5.646134083047763541e-01 2.968986373633459852e+00
5.763641881721900395e-01 2.944459042635069412e+00
5.883595262195214781e-01 2.920134336334201830e+00
6.006045122113689017e-01 2.896010580811747559e+00
6.131043418409223289e-01 2.839918170895249006e+00
6.258643189345570734e-01 2.784657854029742197e+00
6.388898577023131020e-01 2.732802874057522757e+00
6.521864850352057097e-01 2.726882036464922887e+00
6.657598428503537225e-01 2.720974026843974602e+00
6.796156904849094404e-01 2.699985582698777531e+00
6.937599071398169448e-01 2.639859193572657414e+00
7.081984943744236149e-01 2.581071768140460243e+00
7.229375786530161108e-01 2.514893940704095332e+00
7.379834139443505192e-01 2.445842521514211221e+00
7.533423843752851123e-01 2.385078194176031285e+00
7.690210069396433701e-01 2.359083201605400859e+00
7.850259342634492432e-01 2.333371528734895506e+00
8.013639574277185984e-01 2.297872174926791633e+00
8.180420088499924525e-01 2.260289504039657782e+00
8.350671652258471189e-01 2.220850330733933120e+00
8.524466505316175002e-01 2.179964622048024658e+00
8.701878390896189419e-01 2.145286076879269199e+00
8.882982586971583938e-01 2.120179098573949705e+00
9.067855938206671462e-01 2.089067572169576170e+00
9.256576888563147198e-01 2.044519091186261406e+00
9.449225514584753682e-01 2.007841210047254688e+00
9.645883559374751615e-01 1.985952544376694551e+00
9.846634467280448444e-01 1.957667424145223212e+00
1.005156341929967390e+00 1.920857569173982871e+00
1.026075736922404058e+00 1.889268997840921394e+00
1.047430508053451392e+00 1.861306036031346478e+00
1.069229716406479680e+00 1.832357353107981091e+00
1.091482611644857048e+00 1.802698703876081998e+00
1.114198635936694659e+00 1.767313881217126292e+00
1.137387427961266795e+00 1.737025819552273198e+00
1.161058826998822235e+00 1.712057541682352246e+00
1.185222877105502892e+00 1.690818318229534878e+00
1.209889831375160485e+00 1.667631329149192654e+00
1.235070156289862053e+00 1.639728448366888802e+00
1.260774536160947035e+00 1.617554202176479050e+00
1.287013877662505523e+00 1.593029158134210199e+00
1.313799314459207501e+00 1.563558372285137610e+00
1.341142211930455019e+00 1.541453228201029590e+00
1.369054171992841074e+00 1.523426467374970228e+00
1.397547038022987298e+00 1.516768201393113413e+00
1.426632899882822825e+00 1.531803617058733469e+00
1.456324099049463694e+00 1.534435458331808944e+00
1.486633233851841318e+00 1.546706916135065724e+00
1.517573164816328868e+00 1.753424428267962076e+00
1.549157020123613560e+00 inf
1.581398201179137208e+00 inf
1.614310388299477594e+00 inf
1.647907546517062949e+00 inf
1.682203931505708239e+00 inf
1.717214095629459480e+00 inf
1.752952894117343119e+00 inf
1.789435491366608399e+00 inf
1.826677367377168348e+00 inf
1.864694324319941865e+00 inf
1.903502493241907789e+00 inf
1.943118340910698461e+00 inf
1.983558676801640885e+00 inf
2.024840660230225353e+00 inf
2.066981807632997992e+00 inf
2.109999999999999876e+00 inf
