# k [Mpc^-1], sensitivity [mK^2], z=7.0, 177.6 MHz
3.500000000000000333e-02 inf
3.572842282756675397e-02 inf
3.647200564986839699e-02 inf
3.723106397794004319e-02 inf
3.800591988925806214e-02 inf
3.879690216440116746e-02 inf
3.960434642655615706e-02 inf
4.042859528392659524e-02 inf
4.126999847510574859e-02 inf
4.212891301747467149e-02 inf
4.300570335868902916e-02 inf
4.390074153131857948e-02 inf
4.481440731070487210e-02 inf
4.574708837610465956e-02 inf
4.669918047518661214e-02 inf
4.767108759195193973e-02 inf
4.866322211814942678e-02 inf
4.967600502825834929e-02 inf
5.070986605811275694e-02 inf
5.176524388724366293e-02 inf
5.284258632501594166e-02 inf
5.394235050063903719e-02 inf
5.506500305713256382e-02 inf
5.621102034932823344e-02 inf
5.738088864599311806e-02 inf
5.857510433615904094e-02 inf
5.979417413974657397e-02 inf
6.103861532257209149e-02 inf
6.230895591583001519e-02 inf
6.360573494014265528e-02 inf
6.492950263427293978e-02 inf
6.628082068859754428e-02 inf
6.766026248343849636e-02 inf
6.906841333235554103e-02 inf
7.050587073050135212e-02 inf
7.197324460814619185e-02 inf
7.347115758947816988e-02 inf
7.500024525679045706e-02 inf
7.656115642016625422e-02 inf
7.815455339277647961e-02 inf
7.978111227190747001e-02 inf
8.144152322583671222e-02 inf
8.313649078667982584e-02 inf
8.486673414933156023e-02 inf
8.663298747662909194e-02 inf
8.843600021086570062e-02 inf
9.027653739178835568e-02 inf
9.215537998121303698e-02 inf
9.407332519439604024e-02 inf
9.603118683830201563e-02 inf
9.802979565691193053e-02 inf
1.000699996837176586e-01 inf
1.021526646015524509e-01 inf
1.042786741099108044e-01 inf
1.064489302999123421e-01 inf
1.086643540370700461e-01 inf
1.109258853520242866e-01 inf
1.132344838394090808e-01 inf
1.155911290650195183e-01 inf
1.179968209814531294e-01 inf
1.204525803524016392e-01 9.609181103123788148e+00
1.229594491857733396e-01 9.611430667611507772e+00
1.255184911758291388e-01 9.613680758735194232e+00
1.281307921545208894e-01 9.615931376618135573e+00
1.307974605522227440e-01 9.618182521383651817e+00
1.335196278680513826e-01 9.620434193155086078e+00
1.362984491499744655e-01 9.622686392055815219e+00
1.391351034849112878e-01 9.624939118209244526e+00
1.420307944990333859e-01 9.627192371738802379e+00
1.449867508684773432e-01 9.629446152767952682e+00
1.480042268406868700e-01 9.631700461420189541e+00
1.510845027666047613e-01 9.633955297819028374e+00
1.542288856439409939e-01 9.636210662088018353e+00
1.574387096717475842e-01 9.638466554350738846e+00
1.607153368165349372e-01 9.539321991398617584e+00
1.640601573901705190e-01 9.291771239799277993e+00
1.674745906398046880e-01 9.050644568933625678e+00
1.709600853500741757e-01 8.815775270306508204e+00
1.745181204578385992e-01 8.587000961601654936e+00
1.781502056797110434e-01 8.364163474414885613e+00
1.818578821526486422e-01 8.147108744900762645e+00
1.856427230878753554e-01 7.935686707256968120e+00
1.895063344384143311e-01 7.729751189972857262e+00
1.934503555805126840e-01 7.529159814770402193e+00
1.974764600092484834e-01 7.333773898167675220e+00
2.015863560486145234e-01 7.158062197022088569e+00
2.057817875763805759e-01 6.997528611679977750e+00
2.100645347640413829e-01 6.840595306876572579e+00
2.144364148321648011e-01 6.687181539258825858e+00
2.188992828214597897e-01 6.537208376301759216e+00
2.234550323798925042e-01 6.390598655697094621e+00
2.281055965661834550e-01 6.247276945652671998e+00
2.328529486700275375e-01 6.107169506082230193e+00
2.376991030493841028e-01 5.970204250665578805e+00
2.426461159851931171e-01 5.839107264061614622e+00
2.476960865538796186e-01 5.711982999803180583e+00
2.528511575180167337e-01 5.587626380979641816e+00
2.581135162355253088e-01 5.465977152679807105e+00
2.634853955877961562e-01 5.346976371813093820e+00
2.689690749271278492e-01 5.230566378549641904e+00
2.745668810438831597e-01 5.116690768382222920e+00
2.802811891537738131e-01 5.020040514132551479e+00
2.861144239056928607e-01 4.973751940009427663e+00
2.920690604105219967e-01 4.927890181583969742e+00
2.981476252913505820e-01 4.882451303292310030e+00
3.043526977555517377e-01 4.837431405859462075e+00
3.106869106891708698e-01 4.792826625964703879e+00
3.171529517740905302e-01 4.748633135910054648e+00
3.237535646284456226e-01 4.636440452930808753e+00
3.304915499707733462e-01 4.504636649775578761e+00
3.373697668083914247e-01 4.376579738811144260e+00
3.443911336505087739e-01 4.252163204134678409e+00
3.515586297465838617e-01 4.131283557856161082e+00
3.588752963504552862e-01 4.014210653606556711e+00
3.663442380107827523e-01 3.912060363927202911e+00
3.739686238883428437e-01 3.812509509748875924e+00
3.817516891007428637e-01 3.715491942801750103e+00
3.896967360951185122e-01 3.620943198102092531e+00
3.978071360494027653e-01 3.528800451117378056e+00
4.060863303027552607e-01 3.444812436661998323e+00
4.145378318157649788e-01 3.363349702576436062e+00
4.231652266610403390e-01 3.283813394723565704e+00
4.319721755448220901e-01 3.206157957082325538e+00
4.409624153602658136e-01 3.135399023914217764e+00
4.501397607730483474e-01 3.078463463374516706e+00
4.595081058399779206e-01 3.022561792948719184e+00
4.690714256612865118e-01 2.967675238275821137e+00
4.788337780673142530e-01 2.914886071389345190e+00
4.887993053402931998e-01 2.878910878658253125e+00
4.989722359719687139e-01 2.843379687668684763e+00
5.093568864577977529e-01 2.808287018601587803e+00
5.199576631284887895e-01 2.771904442441243788e+00
5.307790640196620169e-01 2.728157406363471260e+00
5.418256807804173736e-01 2.685100799268850924e+00
5.531022006216277376e-01 2.642723724597900059e+00
5.646134083047763541e-01 2.605307219155715170e+00
5.763641881721900395e-01 2.571484396826488439e+00
5.883595262195214781e-01 2.538100671776041928e+00
6.006045122113689017e-01 2.497177558660627295e+00
6.131043418409223289e-01 2.430968626356478701e+00
6.258643189345570734e-01 2.366515124979401197e+00
6.388898577023131020e-01 2.305589725145424929e+00
6.521864850352057097e-01 2.262658556601737647e+00
6.657598428503537225e-01 2.220526786672826880e+00
6.796156904849094404e-01 2.181202072782730816e+00
6.937599071398169448e-01 2.153471488459402838e+00
7.081984943744236149e-01 2.126093455289638445e+00
7.229375786530161108e-01 2.089053317433853252e+00
7.379834139443505192e-01 2.036691051711970513e+00
7.533423843752851123e-01 1.985641249797807761e+00
7.690210069396433701e-01 1.945391962293072430e+00
7.850259342634492432e-01 1.908997251136413942e+00
8.013639574277185984e-01 1.869064634526843571e+00
8.180420088499924525e-01 1.818543926773490860e+00
8.350671652258471189e-01 1.769388790795853872e+00
8.524466505316175002e-01 1.751040142007481926e+00
8.701878390896189419e-01 1.736296275831988867e+00
8.882982586971583938e-01 1.716614143722543062e+00
9.067855938206671462e-01 1.694317911918724162e+00
9.256576888563147198e-01 1.656286503506743335e+00
9.449225514584753682e-01 1.602285349714315021e+00
9.645883559374751615e-01 1.565170967594162965e+00
9.846634467280448444e-01 1.550120378306762747e+00
1.005156341929967390e+00 1.528749457323727468e+00
1.026075736922404058e+00 1.499321204931948870e+00
1.047430508053451392e+00 1.471389270566189733e+00
1.069229716406479680e+00 1.444795040623772397e+00
1.091482611644857048e+00 1.414434859973753289e+00
1.114198635936694659e+00 1.382896108555240033e+00
1.137387427961266795e+00 1.361516662204403039e+00
1.161058826998822235e+00 1.339859827366909562e+00
1.185222877105502892e+00 1.314142666307847707e+00
1.209889831375160485e+00 1.293899108605093051e+00
1.235070156289862053e+00 1.277522595778586290e+00
1.260774536160947035e+00 1.246617407744881723e+00
1.287013877662505523e+00 1.222393978521636226e+00
1.313799314459207501e+00 1.206070848593960632e+00
1.341142211930455019e+00 1.186453075212039465e+00
1.369054171992841074e+00 1.168248484421869682e+00
1.397547038022987298e+00 1.152293109101793389e+00
1.426632899882822825e+00 1.143435946583484242e+00
1.456324099049463694e+00 1.123545994248050128e+00
1.486633233851841318e+00 1.103943234538384388e+00
1.517573164816328868e+00 1.093505078034840317e+00
1.549157020123613560e+00 1.108403067326953595e+00
1.581398201179137208e+00 1.116507636466378850e+00
1.614310388299477594e+00 1.256189742528048603e+00
1.647907546517062949e+00 inf
1.682203931505708239e+00 inf
1.717214095629459480e+00 inf
1.752952894117343119e+00 inf
1.789435491366608399e+00 inf
1.826677367377168348e+00 inf
1.864694324319941865e+00 inf
1.903502493241907789e+00 inf
1.943118340910698461e+00 inf
1.983558676801640885e+00 inf
2.024840660230225353e+00 inf
2.066981807632997992e+00 inf
2.109999999999999876e+00 inf
