# k [Mpc^-1], sensitivity [mK^2], z=6.5, 189.4 MHz
3.500000000000000333e-02 inf
3.572842282756675397e-02 inf
3.647200564986839699e-02 inf
3.723106397794004319e-02 inf
3.800591988925806214e-02 inf
3.879690216440116746e-02 inf
3.960434642655615706e-02 inf
4.042859528392659524e-02 inf
4.126999847510574859e-02 inf
4.212891301747467149e-02 inf
4.300570335868902916e-02 inf
4.390074153131857948e-02 inf
4.481440731070487210e-02 inf
4.574708837610465956e-02 inf
4.669918047518661214e-02 inf
4.767108759195193973e-02 inf
4.866322211814942678e-02 inf
4.967600502825834929e-02 inf
5.070986605811275694e-02 inf
5.176524388724366293e-02 inf
5.284258632501594166e-02 inf
5.394235050063903719e-02 inf
5.506500305713256382e-02 inf
5.621102034932823344e-02 inf
5.738088864599311806e-02 inf
5.857510433615904094e-02 inf
5.979417413974657397e-02 inf
6.103861532257209149e-02 inf
6.230895591583001519e-02 inf
6.360573494014265528e-02 inf
6.492950263427293978e-02 inf
6.628082068859754428e-02 inf
6.766026248343849636e-02 inf
6.906841333235554103e-02 inf
7.050587073050135212e-02 inf
7.197324460814619185e-02 inf
7.347115758947816988e-02 inf
7.500024525679045706e-02 inf
7.656115642016625422e-02 inf
7.815455339277647961e-02 inf
7.978111227190747001e-02 inf
8.144152322583671222e-02 inf
8.313649078667982584e-02 inf
8.486673414933156023e-02 inf
8.663298747662909194e-02 inf
8.843600021086570062e-02 inf
9.027653739178835568e-02 inf
9.215537998121303698e-02 inf
9.407332519439604024e-02 inf
9.603118683830201563e-02 inf
9.802979565691193053e-02 inf
1.000699996837176586e-01 inf
1.021526646015524509e-01 inf
1.042786741099108044e-01 inf
1.064489302999123421e-01 inf
1.086643540370700461e-01 inf
1.109258853520242866e-01 inf
1.132344838394090808e-01 inf
1.155911290650195183e-01 inf
1.179968209814531294e-01 inf
1.204525803524016392e-01 inf
1.229594491857733396e-01 inf
1.255184911758291388e-01 9.037200567948652008e+00
1.281307921545208894e-01 8.996948633348953450e+00
1.307974605522227440e-01 8.956875981949496079e+00
1.335196278680513826e-01 8.916981815218074203e+00
1.362984491499744655e-01 8.877265338179174847e+00
1.391351034849112878e-01 8.837725759398125547e+00
1.420307944990333859e-01 8.798362290965322074e+00
1.449867508684773432e-01 8.759174148480534328e+00
1.480042268406868700e-01 8.720160551037269059e+00
1.510845027666047613e-01 8.681320721207210767e+00
1.542288856439409939e-01 8.642653885024737193e+00
1.574387096717475842e-01 8.604159271971482781e+00
1.607153368165349372e-01 8.565836114960992731e+00
1.640601573901705190e-01 8.527683650323439224e+00
1.674745906398046880e-01 8.311438917752212774e+00
1.709600853500741757e-01 8.062525696551940513e+00
1.745181204578385992e-01 7.821066995838606317e+00
1.781502056797110434e-01 7.586839565615991710e+00
1.818578821526486422e-01 7.359626841839169487e+00
1.856427230878753554e-01 7.139218746181817288e+00
1.895063344384143311e-01 6.925411491800155694e+00
1.934503555805126840e-01 6.718007394913937169e+00
1.974764600092484834e-01 6.516814692030244771e+00
2.015863560486145234e-01 6.321647362641122925e+00
2.057817875763805759e-01 6.132324957231113594e+00
2.100645347640413829e-01 5.974254416819624325e+00
2.144364148321648011e-01 5.820638624651292226e+00
2.188992828214597897e-01 5.670972749904803045e+00
2.234550323798925042e-01 5.525155228493419557e+00
2.281055965661834550e-01 5.383087107844174213e+00
2.328529486700275375e-01 5.244671979748103396e+00
2.376991030493841028e-01 5.109815914937098746e+00
2.426461159851931171e-01 4.978427399343001269e+00
2.476960865538796186e-01 4.851179661499646301e+00
2.528511575180167337e-01 4.731997198177959163e+00
2.581135162355253088e-01 4.615742777220103399e+00
2.634853955877961562e-01 4.502344463277156983e+00
2.689690749271278492e-01 4.391732088288295088e+00
2.745668810438831597e-01 4.283837208062544200e+00
2.802811891537738131e-01 4.178593059927208309e+00
2.861144239056928607e-01 4.075934521416787248e+00
2.920690604105219967e-01 3.977358537334362065e+00
2.981476252913505820e-01 3.881986106080530963e+00
3.043526977555517377e-01 3.788900594790763243e+00
3.106869106891708698e-01 3.698047165784471790e+00
3.171529517740905302e-01 3.609372296324858898e+00
3.237535646284456226e-01 3.522823747088100532e+00
3.304915499707733462e-01 3.442469856004116924e+00
3.373697668083914247e-01 3.384012938622298350e+00
3.443911336505087739e-01 3.326548683873045142e+00
3.515586297465838617e-01 3.270060235255085157e+00
3.588752963504552862e-01 3.214531022509048430e+00
3.663442380107827523e-01 3.159944756756753570e+00
3.739686238883428437e-01 3.090948104101974625e+00
3.817516891007428637e-01 3.005189137754314732e+00
3.896967360951185122e-01 2.921809570885819607e+00
3.978071360494027653e-01 2.840743386587436525e+00
4.060863303027552607e-01 2.761926399602317783e+00
4.145378318157649788e-01 2.686971048594985589e+00
4.231652266610403390e-01 2.617293460609954270e+00
4.319721755448220901e-01 2.549422727324735849e+00
4.409624153602658136e-01 2.483311994018883695e+00
4.501397607730483474e-01 2.418915620992085014e+00
4.595081058399779206e-01 2.365550716049768631e+00
4.690714256612865118e-01 2.317158138994963146e+00
4.788337780673142530e-01 2.269755539241474551e+00
4.887993053402931998e-01 2.223322664611868227e+00
4.989722359719687139e-01 2.188671697160564200e+00
5.093568864577977529e-01 2.166016688569837090e+00
5.199576631284887895e-01 2.143596182675386430e+00
5.307790640196620169e-01 2.121407752132531854e+00
5.418256807804173736e-01 2.096652813586147968e+00
5.531022006216277376e-01 2.070327217339683834e+00
5.646134083047763541e-01 2.044332165574997084e+00
5.763641881721900395e-01 2.018663507971865112e+00
5.883595262195214781e-01 1.961853664975531819e+00
6.006045122113689017e-01 1.906635394213450185e+00
6.131043418409223289e-01 1.852971295141330188e+00
6.258643189345570734e-01 1.798570104547091431e+00
6.388898577023131020e-01 1.744594309018826284e+00
6.521864850352057097e-01 1.692238348322434138e+00
6.657598428503537225e-01 1.659410844519513040e+00
6.796156904849094404e-01 1.643833338984194148e+00
6.937599071398169448e-01 1.628402065275371458e+00
7.081984943744236149e-01 1.588694570442345855e+00
7.229375786530161108e-01 1.532507319651928324e+00
7.379834139443505192e-01 1.478307239466937650e+00
7.533423843752851123e-01 1.453229789587873855e+00
7.690210069396433701e-01 1.435380218109221007e+00
7.850259342634492432e-01 1.415076562735999133e+00
8.013639574277185984e-01 1.382643202556907092e+00
8.180420088499924525e-01 1.350953210532025439e+00
8.350671652258471189e-01 1.315740129487826593e+00
8.524466505316175002e-01 1.279538772845104866e+00
8.701878390896189419e-01 1.247957880400379471e+00
8.882982586971583938e-01 1.224860276500914003e+00
9.067855938206671462e-01 1.202088810744904590e+00
9.256576888563147198e-01 1.178099437118267145e+00
9.449225514584753682e-01 1.154588805196780976e+00
9.645883559374751615e-01 1.131403807271678774e+00
9.846634467280448444e-01 1.108668594585180189e+00
1.005156341929967390e+00 1.084434083200197962e+00
1.026075736922404058e+00 1.060345964547322550e+00
1.047430508053451392e+00 1.035247577777939965e+00
1.069229716406479680e+00 1.010479630460754619e+00
1.091482611644857048e+00 9.884285676569800616e-01
1.114198635936694659e+00 9.674842475508113049e-01
1.137387427961266795e+00 9.508330010584425951e-01
1.161058826998822235e+00 9.326679110848888898e-01
1.185222877105502892e+00 9.115696091975010740e-01
1.209889831375160485e+00 8.925188583020443600e-01
1.235070156289862053e+00 8.747108247202588505e-01
1.260774536160947035e+00 8.505085540311562164e-01
1.287013877662505523e+00 8.342300940503012407e-01
1.313799314459207501e+00 8.286964538868037966e-01
1.341142211930455019e+00 8.143649113056304900e-01
1.369054171992841074e+00 7.998014913178236318e-01
1.397547038022987298e+00 7.868990542314326930e-01
1.426632899882822825e+00 7.688109653722196013e-01
1.456324099049463694e+00 7.500407958811107223e-01
1.486633233851841318e+00 7.320443042151631996e-01
1.517573164816328868e+00 7.196491692383575334e-01
1.549157020123613560e+00 7.100052534407742533e-01
1.581398201179137208e+00 7.070457195310786425e-01
1.614310388299477594e+00 7.082891004185931649e-01
1.647907546517062949e+00 7.098046561131342580e-01
1.682203931505708239e+00 8.315725454155473706e-01
1.717214095629459480e+00 2.064479904266623311e+00
1.752952894117343119e+00 inf
1.789435491366608399e+00 inf
1.826677367377168348e+00 inf
1.864694324319941865e+00 inf
1.903502493241907789e+00 inf
1.943118340910698461e+00 inf
1.983558676801640885e+00 inf
2.024840660230225353e+00 inf
2.066981807632997992e+00 inf
2.109999999999999876e+00 inf
