# k [Mpc^-1], sensitivity [mK^2], z=6.0, 202.9 MHz
3.500000000000000333e-02 inf
3.572842282756675397e-02 inf
3.647200564986839699e-02 inf
3.723106397794004319e-02 inf
3.800591988925806214e-02 inf
3.879690216440116746e-02 inf
3.960434642655615706e-02 inf
4.042859528392659524e-02 inf
4.126999847510574859e-02 inf
4.212891301747467149e-02 inf
4.300570335868902916e-02 inf
4.390074153131857948e-02 inf
4.481440731070487210e-02 inf
4.574708837610465956e-02 inf
4.669918047518661214e-02 inf
4.767108759195193973e-02 inf
4.866322211814942678e-02 inf
4.967600502825834929e-02 inf
5.070986605811275694e-02 inf
5.176524388724366293e-02 inf
5.284258632501594166e-02 inf
5.394235050063903719e-02 inf
5.506500305713256382e-02 inf
5.621102034932823344e-02 inf
5.738088864599311806e-02 inf
5.857510433615904094e-02 inf
5.979417413974657397e-02 inf
6.103861532257209149e-02 inf
6.230895591583001519e-02 inf
6.360573494014265528e-02 inf
6.492950263427293978e-02 inf
6.628082068859754428e-02 inf
6.766026248343849636e-02 inf
6.906841333235554103e-02 inf
7.050587073050135212e-02 inf
7.197324460814619185e-02 inf
7.347115758947816988e-02 inf
7.500024525679045706e-02 inf
7.656115642016625422e-02 inf
7.815455339277647961e-02 inf
7.978111227190747001e-02 inf
8.144152322583671222e-02 inf
8.313649078667982584e-02 inf
8.486673414933156023e-02 inf
8.663298747662909194e-02 inf
8.843600021086570062e-02 inf
9.027653739178835568e-02 inf
9.215537998121303698e-02 inf
9.407332519439604024e-02 inf
9.603118683830201563e-02 inf
9.802979565691193053e-02 inf
1.000699996837176586e-01 inf
1.021526646015524509e-01 inf
1.042786741099108044e-01 inf
1.064489302999123421e-01 inf
1.086643540370700461e-01 inf
1.109258853520242866e-01 inf
1.132344838394090808e-01 inf
1.155911290650195183e-01 inf
1.179968209814531294e-01 inf
1.204525803524016392e-01 inf
1.229594491857733396e-01 inf
1.255184911758291388e-01 inf
1.281307921545208894e-01 8.439769981583470498e-03
1.307974605522227440e-01 8.662630061879795715e-03
1.335196278680513826e-01 8.891374972627423545e-03
1.362984491499744655e-01 9.126160108320506559e-03
1.391351034849112878e-01 9.367144966791229529e-03
1.420307944990333859e-01 9.614493257562389816e-03
1.449867508684773432e-01 9.868373013060979110e-03
1.480042268406868700e-01 1.012895670276862774e-02
1.510845027666047613e-01 1.039642135038612754e-02
1.542288856439409939e-01 1.067094865409194855e-02
1.574387096717475842e-01 1.095272510997619478e-02
1.607153368165349372e-01 1.124194213873399260e-02
1.640601573901705190e-01 1.153879621570432293e-02
1.674745906398046880e-01 1.184348900434265515e-02
1.709600853500741757e-01 1.216617369302868887e-02
1.745181204578385992e-01 1.257225428944873206e-02
1.781502056797110434e-01 1.299188897895915337e-02
1.818578821526486422e-01 1.342553016790764414e-02
1.856427230878753554e-01 1.387364536298851467e-02
1.895063344384143311e-01 1.433671767525962308e-02
1.934503555805126840e-01 1.481524634098229515e-02
1.974764600092484834e-01 1.530974725984582917e-02
2.015863560486145234e-01 1.582075355115669657e-02
2.057817875763805759e-01 1.634881612859217376e-02
2.100645347640413829e-01 1.689450429413796861e-02
2.144364148321648011e-01 1.751599070933869406e-02
2.188992828214597897e-01 1.830893115539967628e-02
2.234550323798925042e-01 1.913776763277471454e-02
2.281055965661834550e-01 2.000412513747772472e-02
2.328529486700275375e-01 2.090970222830788178e-02
2.376991030493841028e-01 2.185627435700151014e-02
2.426461159851931171e-01 2.284569734913817485e-02
2.476960865538796186e-01 2.387991104262576769e-02
2.528511575180167337e-01 2.496094309089813557e-02
2.581135162355253088e-01 2.609237876526222799e-02
2.634853955877961562e-01 2.727707800977982253e-02
2.689690749271278492e-01 2.851556737870837577e-02
2.745668810438831597e-01 2.981028916066878753e-02
2.802811891537738131e-01 3.116379653403688818e-02
2.861144239056928607e-01 3.257875860178544025e-02
2.920690604105219967e-01 3.405796565492852368e-02
2.981476252913505820e-01 3.560433467494740489e-02
3.043526977555517377e-01 3.740228280915486314e-02
3.106869106891708698e-01 3.930044841569600017e-02
3.171529517740905302e-01 4.129494591428340550e-02
3.237535646284456226e-01 4.339066414780480552e-02
3.304915499707733462e-01 4.559274006789225397e-02
3.373697668083914247e-01 4.790657132643941912e-02
3.443911336505087739e-01 5.028056014865807388e-02
3.515586297465838617e-01 5.270459848804485981e-02
3.588752963504552862e-01 5.524550032007058409e-02
3.663442380107827523e-01 5.790889966284878954e-02
3.739686238883428437e-01 6.070070215191059049e-02
3.817516891007428637e-01 6.362709813494850375e-02
3.896967360951185122e-01 6.677110239448340312e-02
3.978071360494027653e-01 7.009691711022034144e-02
4.060863303027552607e-01 7.358838797250481789e-02
4.145378318157649788e-01 7.725376618028663434e-02
4.231652266610403390e-01 8.110171391807509400e-02
4.319721755448220901e-01 8.501716741533359156e-02
4.409624153602658136e-01 8.904768909847186886e-02
4.501397607730483474e-01 9.326929107200460090e-02
4.595081058399779206e-01 9.769103213284414944e-02
4.690714256612865118e-01 1.023341696210626900e-01
4.788337780673142530e-01 1.083866082740301828e-01
4.887993053402931998e-01 1.147970115617189951e-01
4.989722359719687139e-01 1.215865508973494463e-01
5.093568864577977529e-01 1.287776498534175251e-01
5.199576631284887895e-01 1.343799252128256572e-01
5.307790640196620169e-01 1.396596017045298455e-01
5.418256807804173736e-01 1.451467123335345999e-01
5.531022006216277376e-01 1.508494070161059131e-01
5.646134083047763541e-01 1.591158611507979548e-01
5.763641881721900395e-01 1.681108735127959664e-01
5.883595262195214781e-01 1.776143848189423446e-01
6.006045122113689017e-01 1.870853127105300828e-01
6.131043418409223289e-01 1.956845959307542682e-01
6.258643189345570734e-01 2.046791409212916635e-01
6.388898577023131020e-01 2.140871156925537866e-01
6.521864850352057097e-01 2.253082070789288460e-01
6.657598428503537225e-01 2.371891079326575724e-01
6.796156904849094404e-01 2.496965097333606609e-01
6.937599071398169448e-01 2.614294209931588009e-01
7.081984943744236149e-01 2.733850936190955205e-01
7.229375786530161108e-01 2.858875222581679365e-01
7.379834139443505192e-01 3.019447041576062141e-01
7.533423843752851123e-01 3.193489280045884171e-01
7.690210069396433701e-01 3.378196304275354889e-01
7.850259342634492432e-01 3.579491590239752830e-01
8.013639574277185984e-01 3.792781381112058092e-01
8.180420088499924525e-01 3.996508462878651802e-01
8.350671652258471189e-01 4.185607019720199440e-01
8.524466505316175002e-01 4.383652952635554989e-01
8.701878390896189419e-01 4.642238572222889270e-01
8.882982586971583938e-01 4.916798292701786699e-01
9.067855938206671462e-01 5.201275711591015760e-01
9.256576888563147198e-01 5.498089055841773876e-01
9.449225514584753682e-01 5.821800667943968222e-01
9.645883559374751615e-01 6.183374476987407720e-01
9.846634467280448444e-01 6.561025170968036724e-01
1.005156341929967390e+00 6.935045589363828533e-01
1.026075736922404058e+00 7.334174967251576582e-01
1.047430508053451392e+00 7.781828041777084648e-01
1.069229716406479680e+00 8.253544683576656826e-01
1.091482611644857048e+00 8.734878009653977982e-01
1.114198635936694659e+00 9.253819932152675953e-01
1.137387427961266795e+00 9.833989422859614749e-01
1.161058826998822235e+00 1.044829488385902838e+00
1.185222877105502892e+00 1.109766057573720710e+00
1.209889831375160485e+00 1.180702969459100249e+00
1.235070156289862053e+00 1.257290550808153773e+00
1.260774536160947035e+00 1.328046731417872328e+00
1.287013877662505523e+00 1.407406300999084481e+00
1.313799314459207501e+00 1.504372673339417377e+00
1.341142211930455019e+00 1.601301328079094866e+00
1.369054171992841074e+00 1.700940078037590508e+00
1.397547038022987298e+00 1.803479045331124686e+00
1.426632899882822825e+00 1.917911331232613037e+00
1.456324099049463694e+00 2.040727682739050586e+00
1.486633233851841318e+00 2.164879894204369659e+00
1.517573164816328868e+00 2.307309950019451605e+00
1.549157020123613560e+00 2.456276781953251831e+00
1.581398201179137208e+00 2.608606223851158479e+00
1.614310388299477594e+00 2.775516536617745000e+00
1.647907546517062949e+00 2.956392007918050790e+00
1.682203931505708239e+00 3.142798122539795624e+00
1.717214095629459480e+00 4.393385517405947738e+00
1.752952894117343119e+00 1.221118364290595082e+01
1.789435491366608399e+00 8.358990722961762287e+01
1.826677367377168348e+00 inf
1.864694324319941865e+00 inf
1.903502493241907789e+00 inf
1.943118340910698461e+00 inf
1.983558676801640885e+00 inf
2.024840660230225353e+00 inf
2.066981807632997992e+00 inf
2.109999999999999876e+00 inf
