# k [Mpc^-1], sensitivity [mK^2], z=5.5, 218.5 MHz
3.500000000000000333e-02 inf
3.572842282756675397e-02 inf
3.647200564986839699e-02 inf
3.723106397794004319e-02 inf
3.800591988925806214e-02 inf
3.879690216440116746e-02 inf
3.960434642655615706e-02 inf
4.042859528392659524e-02 inf
4.126999847510574859e-02 inf
4.212891301747467149e-02 inf
4.300570335868902916e-02 inf
4.390074153131857948e-02 inf
4.481440731070487210e-02 inf
4.574708837610465956e-02 inf
4.669918047518661214e-02 inf
4.767108759195193973e-02 inf
4.866322211814942678e-02 inf
4.967600502825834929e-02 inf
5.070986605811275694e-02 inf
5.176524388724366293e-02 inf
5.284258632501594166e-02 inf
5.394235050063903719e-02 inf
5.506500305713256382e-02 inf
5.621102034932823344e-02 inf
5.738088864599311806e-02 inf
5.857510433615904094e-02 inf
5.979417413974657397e-02 inf
6.103861532257209149e-02 inf
6.230895591583001519e-02 inf
6.360573494014265528e-02 inf
6.492950263427293978e-02 inf
6.628082068859754428e-02 inf
6.766026248343849636e-02 inf
6.906841333235554103e-02 inf
7.050587073050135212e-02 inf
7.197324460814619185e-02 inf
7.347115758947816988e-02 inf
7.500024525679045706e-02 inf
7.656115642016625422e-02 inf
7.815455339277647961e-02 inf
7.978111227190747001e-02 inf
8.144152322583671222e-02 inf
8.313649078667982584e-02 inf
8.486673414933156023e-02 inf
8.663298747662909194e-02 inf
8.843600021086570062e-02 inf
9.027653739178835568e-02 inf
9.215537998121303698e-02 inf
9.407332519439604024e-02 inf
9.603118683830201563e-02 inf
9.802979565691193053e-02 inf
1.000699996837176586e-01 inf
1.021526646015524509e-01 inf
1.042786741099108044e-01 inf
1.064489302999123421e-01 inf
1.086643540370700461e-01 inf
1.109258853520242866e-01 inf
1.132344838394090808e-01 inf
1.155911290650195183e-01 inf
1.179968209814531294e-01 inf
1.204525803524016392e-01 inf
1.229594491857733396e-01 inf
1.255184911758291388e-01 inf
1.281307921545208894e-01 inf
1.307974605522227440e-01 inf
1.335196278680513826e-01 2.014400109363890579e+00
1.362984491499744655e-01 1.984764845044407755e+00
1.391351034849112878e-01 1.955565566052369419e+00
1.420307944990333859e-01 1.926795858299354292e+00
1.449867508684773432e-01 1.898449402059130486e+00
1.480042268406868700e-01 1.870519970579426872e+00
1.510845027666047613e-01 1.843001428714127865e+00
1.542288856439409939e-01 1.815887731575591246e+00
1.574387096717475842e-01 1.789172923206789889e+00
1.607153368165349372e-01 1.762851135272992309e+00
1.640601573901705190e-01 1.736916585772688482e+00
1.674745906398046880e-01 1.711363577767480271e+00
1.709600853500741757e-01 1.686186498130659572e+00
1.745181204578385992e-01 1.661379816314193514e+00
1.781502056797110434e-01 1.625194025257037822e+00
1.818578821526486422e-01 1.561646061839514932e+00
1.856427230878753554e-01 1.500582936288582303e+00
1.895063344384143311e-01 1.441907487044825631e+00
1.934503555805126840e-01 1.385526351737805806e+00
1.974764600092484834e-01 1.331349818631044846e+00
2.015863560486145234e-01 1.279291683875774410e+00
2.057817875763805759e-01 1.229269114346317027e+00
2.100645347640413829e-01 1.181202515838846612e+00
2.144364148321648011e-01 1.135015406423808493e+00
2.188992828214597897e-01 1.090634294750488564e+00
2.234550323798925042e-01 1.050194281655686623e+00
2.281055965661834550e-01 1.013811551697206381e+00
2.328529486700275375e-01 9.786892580811756837e-01
2.376991030493841028e-01 9.447837344918680325e-01
2.426461159851931171e-01 9.120528273810522002e-01
2.476960865538796186e-01 8.804558435599647570e-01
2.528511575180167337e-01 8.499534996068954795e-01
2.581135162355253088e-01 8.205078730274878440e-01
2.634853955877961562e-01 7.920823551070301782e-01
2.689690749271278492e-01 7.628284152626387815e-01
2.745668810438831597e-01 7.335075914896723726e-01
2.802811891537738131e-01 7.053137717578826793e-01
2.861144239056928607e-01 6.782036374307038873e-01
2.920690604105219967e-01 6.521355349093210796e-01
2.981476252913505820e-01 6.270694116336404944e-01
3.043526977555517377e-01 6.029667545431892650e-01
3.106869106891708698e-01 5.799480155555807315e-01
3.171529517740905302e-01 5.589262394978585791e-01
3.237535646284456226e-01 5.386664542682241263e-01
3.304915499707733462e-01 5.191410394591298161e-01
3.373697668083914247e-01 5.003233758390065455e-01
3.443911336505087739e-01 4.821878090619474699e-01
3.515586297465838617e-01 4.647096146928307858e-01
3.588752963504552862e-01 4.506677563222887262e-01
3.663442380107827523e-01 4.386078671650505689e-01
3.739686238883428437e-01 4.268707011768091975e-01
3.817516891007428637e-01 4.154476222712411571e-01
3.896967360951185122e-01 4.043302254640770976e-01
3.978071360494027653e-01 3.935103306887989816e-01
4.060863303027552607e-01 3.806251373682212891e-01
4.145378318157649788e-01 3.679611913673588863e-01
4.231652266610403390e-01 3.557185930720671574e-01
4.319721755448220901e-01 3.438833236379062464e-01
4.409624153602658136e-01 3.324418306475611651e-01
4.501397607730483474e-01 3.252187243629129920e-01
4.595081058399779206e-01 3.190756561306699601e-01
4.690714256612865118e-01 3.130486245361696618e-01
4.788337780673142530e-01 3.071354377591697937e-01
4.887993053402931998e-01 2.992978571821100497e-01
4.989722359719687139e-01 2.825947414002197289e-01
5.093568864577977529e-01 2.668237875771546919e-01
5.199576631284887895e-01 2.519329739267518464e-01
5.307790640196620169e-01 2.378731818774751650e-01
5.418256807804173736e-01 2.318581250903343494e-01
5.531022006216277376e-01 2.263532390184723464e-01
5.646134083047763541e-01 2.209790525744641798e-01
5.763641881721900395e-01 2.154085063514130371e-01
5.883595262195214781e-01 2.056117427675816511e-01
6.006045122113689017e-01 1.962605352963807115e-01
6.131043418409223289e-01 1.873346200774235470e-01
6.258643189345570734e-01 1.788909742662147251e-01
6.388898577023131020e-01 1.709104577366497846e-01
6.521864850352057097e-01 1.632859605330453656e-01
6.657598428503537225e-01 1.559738844017902193e-01
6.796156904849094404e-01 1.487944678718319258e-01
6.937599071398169448e-01 1.419455170599539517e-01
7.081984943744236149e-01 1.354118207591774592e-01
7.229375786530161108e-01 1.267437435064147910e-01
7.379834139443505192e-01 1.185994277509446193e-01
7.533423843752851123e-01 1.110655311846472232e-01
7.690210069396433701e-01 1.058308343168956195e-01
7.850259342634492432e-01 1.008428571199994767e-01
8.013639574277185984e-01 9.562719234872617269e-02
8.180420088499924525e-01 8.949555070133990986e-02
8.350671652258471189e-01 8.375707158825505816e-02
8.524466505316175002e-01 7.789035189286185046e-02
8.701878390896189419e-01 7.218023080151206305e-02
8.882982586971583938e-01 6.677181082901857689e-02
9.067855938206671462e-01 6.117513839572481099e-02
9.256576888563147198e-01 5.604756724838820536e-02
9.449225514584753682e-01 5.110952161735146659e-02
9.645883559374751615e-01 4.654662898959280315e-02
9.846634467280448444e-01 4.166061252477161470e-02
1.005156341929967390e+00 3.670875002214025323e-02
1.026075736922404058e+00 3.219495906852313377e-02
1.047430508053451392e+00 2.801122931072444824e-02
1.069229716406479680e+00 2.381035758087616042e-02
1.091482611644857048e+00 1.918008790046432654e-02
1.114198635936694659e+00 1.490833874631928083e-02
1.137387427961266795e+00 1.074271815997872130e-02
1.161058826998822235e+00 9.883238474140974034e-11
1.185222877105502892e+00 7.783694884802697362e-30
1.209889831375160485e+00 6.083963004589586094e-38
1.235070156289862053e+00 3.209895999255776247e-38
1.260774536160947035e+00 2.802853903476420971e-38
1.287013877662505523e+00 2.737693262414676852e-38
1.313799314459207501e+00 2.682546213515824210e-38
1.341142211930455019e+00 2.623193947090568882e-38
1.369054171992841074e+00 2.559285528172697439e-38
1.397547038022987298e+00 2.509658560466980683e-38
1.426632899882822825e+00 2.459299011437021987e-38
1.456324099049463694e+00 2.403291746317736659e-38
1.486633233851841318e+00 2.351654146952429810e-38
1.517573164816328868e+00 2.296469087300376616e-38
1.549157020123613560e+00 2.234714987487849779e-38
1.581398201179137208e+00 2.190489501584793615e-38
1.614310388299477594e+00 2.148024266637144875e-38
1.647907546517062949e+00 2.107852780960578170e-38
1.682203931505708239e+00 2.071039526081253554e-38
1.717214095629459480e+00 2.067997784337303950e-38
1.752952894117343119e+00 2.080044918389138725e-38
1.789435491366608399e+00 2.206727845384934266e-38
1.826677367377168348e+00 2.741711491975033719e-38
1.864694324319941865e+00 inf
1.903502493241907789e+00 inf
1.943118340910698461e+00 inf
1.983558676801640885e+00 inf
2.024840660230225353e+00 inf
2.066981807632997992e+00 inf
2.109999999999999876e+00 inf
