# k [Mpc^-1], sensitivity [mK^2], z=12.0, 109.3 MHz
3.500000000000000333e-02 inf
3.572842282756675397e-02 inf
3.647200564986839699e-02 inf
3.723106397794004319e-02 inf
3.800591988925806214e-02 inf
3.879690216440116746e-02 inf
3.960434642655615706e-02 inf
4.042859528392659524e-02 inf
4.126999847510574859e-02 inf
4.212891301747467149e-02 inf
4.300570335868902916e-02 inf
4.390074153131857948e-02 inf
4.481440731070487210e-02 inf
4.574708837610465956e-02 inf
4.669918047518661214e-02 inf
4.767108759195193973e-02 inf
4.866322211814942678e-02 inf
4.967600502825834929e-02 inf
5.070986605811275694e-02 inf
5.176524388724366293e-02 inf
5.284258632501594166e-02 inf
5.394235050063903719e-02 inf
5.506500305713256382e-02 inf
5.621102034932823344e-02 inf
5.738088864599311806e-02 inf
5.857510433615904094e-02 inf
5.979417413974657397e-02 inf
6.103861532257209149e-02 inf
6.230895591583001519e-02 inf
6.360573494014265528e-02 inf
6.492950263427293978e-02 inf
6.628082068859754428e-02 inf
6.766026248343849636e-02 inf
6.906841333235554103e-02 inf
7.050587073050135212e-02 inf
7.197324460814619185e-02 inf
7.347115758947816988e-02 inf
7.500024525679045706e-02 inf
7.656115642016625422e-02 inf
7.815455339277647961e-02 inf
7.978111227190747001e-02 inf
8.144152322583671222e-02 inf
8.313649078667982584e-02 inf
8.486673414933156023e-02 inf
8.663298747662909194e-02 inf
8.843600021086570062e-02 inf
9.027653739178835568e-02 inf
9.215537998121303698e-02 inf
9.407332519439604024e-02 inf
9.603118683830201563e-02 inf
9.802979565691193053e-02 inf
1.000699996837176586e-01 inf
1.021526646015524509e-01 inf
1.042786741099108044e-01 inf
1.064489302999123421e-01 inf
1.086643540370700461e-01 inf
1.109258853520242866e-01 inf
1.132344838394090808e-01 inf
1.155911290650195183e-01 inf
1.179968209814531294e-01 inf
1.204525803524016392e-01 inf
1.229594491857733396e-01 inf
1.255184911758291388e-01 3.155358475944225471e-01
1.281307921545208894e-01 3.313577422787591931e-01
1.307974605522227440e-01 3.479729932594115005e-01
1.335196278680513826e-01 3.654213817525647223e-01
1.362984491499744655e-01 3.837446837214917306e-01
1.391351034849112878e-01 4.029867698990337033e-01
1.420307944990333859e-01 4.231937108255020008e-01
1.449867508684773432e-01 4.444138871534897839e-01
1.480042268406868700e-01 4.666981054836912279e-01
1.510845027666047613e-01 4.900997200090673744e-01
1.542288856439409939e-01 5.146747602586099202e-01
1.574387096717475842e-01 5.367278307454427244e-01
1.607153368165349372e-01 5.538503932143487019e-01
1.640601573901705190e-01 5.715191955625886777e-01
1.674745906398046880e-01 5.897516638037232362e-01
1.709600853500741757e-01 6.085657798718162592e-01
1.745181204578385992e-01 6.279800993562768552e-01
1.781502056797110434e-01 6.480137698024762694e-01
1.818578821526486422e-01 6.686865495961825667e-01
1.856427230878753554e-01 6.900188274504459596e-01
1.895063344384143311e-01 7.176754922688528548e-01
1.934503555805126840e-01 7.513457892134953742e-01
1.974764600092484834e-01 7.865957540004329118e-01
2.015863560486145234e-01 8.234994979597819453e-01
2.057817875763805759e-01 8.621346094116338898e-01
2.100645347640413829e-01 9.025823167917100820e-01
2.144364148321648011e-01 9.449276594301844190e-01
2.188992828214597897e-01 9.891447989385000472e-01
2.234550323798925042e-01 1.033643324780399775e+00
2.281055965661834550e-01 1.080143699900814713e+00
2.328529486700275375e-01 1.128735981227656060e+00
2.376991030493841028e-01 1.179514277067903016e+00
2.426461159851931171e-01 1.232576929366455909e+00
2.476960865538796186e-01 1.288026704164243474e+00
2.528511575180167337e-01 1.346688035386210958e+00
2.581135162355253088e-01 1.408563305932042375e+00
2.634853955877961562e-01 1.473281513375298335e+00
2.689690749271278492e-01 1.540973280016803892e+00
2.745668810438831597e-01 1.611775229762791861e+00
2.802811891537738131e-01 1.685830263876199275e+00
2.861144239056928607e-01 1.769740368989785040e+00
2.920690604105219967e-01 1.858910696349908909e+00
2.981476252913505820e-01 1.952573969353833538e+00
3.043526977555517377e-01 2.050956570040919136e+00
3.106869106891708698e-01 2.154296286960151630e+00
3.171529517740905302e-01 2.264434043251016604e+00
3.237535646284456226e-01 2.380768197739212777e+00
3.304915499707733462e-01 2.503078960616961890e+00
3.373697668083914247e-01 2.631673377119596591e+00
3.443911336505087739e-01 2.765303180652241899e+00
3.515586297465838617e-01 2.893675941596403511e+00
3.588752963504552862e-01 3.028008109041712803e+00
3.663442380107827523e-01 3.168576334558061980e+00
3.739686238883428437e-01 3.315670112620258347e+00
3.817516891007428637e-01 3.469892470012681862e+00
3.896967360951185122e-01 3.631324597919381336e+00
3.978071360494027653e-01 3.800267140671991672e+00
4.060863303027552607e-01 3.977211331051639487e+00
4.145378318157649788e-01 4.176701314794086350e+00
4.231652266610403390e-01 4.386197368192144452e+00
4.319721755448220901e-01 4.606201378248218070e+00
4.409624153602658136e-01 4.839768603175501838e+00
4.501397607730483474e-01 5.088964420289590507e+00
4.595081058399779206e-01 5.350991130853099520e+00
4.690714256612865118e-01 5.626996106644139850e+00
4.788337780673142530e-01 5.924838854378156938e+00
4.887993053402931998e-01 6.238446728068624658e+00
4.989722359719687139e-01 6.568654192204996356e+00
5.093568864577977529e-01 6.916340550602404491e+00
5.199576631284887895e-01 7.282430397666447952e+00
5.307790640196620169e-01 7.667897800699993383e+00
5.418256807804173736e-01 8.082171094022591262e+00
5.531022006216277376e-01 8.518944914138939950e+00
5.646134083047763541e-01 8.980872308887775546e+00
5.763641881721900395e-01 9.473925064276667030e+00
5.883595262195214781e-01 9.994046573260444433e+00
6.006045122113689017e-01 1.054888703833627872e+01
6.131043418409223289e-01 1.113910894379254835e+01
6.258643189345570734e-01 1.176430406323386002e+01
6.388898577023131020e-01 1.244378739724341898e+01
6.521864850352057097e-01 1.316251636777468192e+01
6.657598428503537225e-01 1.391364342523348085e+01
6.796156904849094404e-01 1.470404153795726820e+01
6.937599071398169448e-01 1.555023382699740431e+01
7.081984943744236149e-01 1.645812998889886458e+01
7.229375786530161108e-01 1.742333629711870913e+01
7.379834139443505192e-01 1.845520302681068259e+01
7.533423843752851123e-01 1.955513824658635613e+01
7.690210069396433701e-01 2.074327815224640048e+01
7.850259342634492432e-01 2.200664420432188351e+01
8.013639574277185984e-01 2.335594264415434296e+01
8.180420088499924525e-01 2.478510806036581471e+01
8.350671652258471189e-01 2.629632168750790910e+01
8.524466505316175002e-01 2.789673310151581376e+01
8.701878390896189419e-01 2.959175040347292196e+01
8.882982586971583938e-01 3.138587063671861088e+01
9.067855938206671462e-01 3.329169819303216826e+01
9.256576888563147198e-01 3.538529999788881497e+01
9.449225514584753682e-01 3.759372557253368541e+01
9.645883559374751615e-01 3.991454117023391746e+01
9.846634467280448444e-01 4.239622819566902479e+01
1.005156341929967390e+00 4.504286965674857157e+01
1.026075736922404058e+00 4.787273987657433594e+01
1.047430508053451392e+00 5.088341954925600419e+01
1.069229716406479680e+00 5.408428795429900049e+01
1.091482611644857048e+00 5.748645484462896604e+01
1.114198635936694659e+00 6.112472810172098292e+01
1.137387427961266795e+00 6.501253190353222067e+01
1.161058826998822235e+00 6.915061283899689215e+01
1.185222877105502892e+00 7.351137423083629585e+01
1.209889831375160485e+00 7.820877777131310893e+01
1.235070156289862053e+00 8.318694337453943888e+01
1.260774536160947035e+00 2.258837167120933884e+02
1.287013877662505523e+00 inf
1.313799314459207501e+00 inf
1.341142211930455019e+00 inf
1.369054171992841074e+00 inf
1.397547038022987298e+00 inf
1.426632899882822825e+00 inf
1.456324099049463694e+00 inf
1.486633233851841318e+00 inf
1.517573164816328868e+00 inf
1.549157020123613560e+00 inf
1.581398201179137208e+00 inf
1.614310388299477594e+00 inf
1.647907546517062949e+00 inf
1.682203931505708239e+00 inf
1.717214095629459480e+00 inf
1.752952894117343119e+00 inf
1.789435491366608399e+00 inf
1.826677367377168348e+00 inf
1.864694324319941865e+00 inf
1.903502493241907789e+00 inf
1.943118340910698461e+00 inf
1.983558676801640885e+00 inf
2.024840660230225353e+00 inf
2.066981807632997992e+00 inf
2.109999999999999876e+00 inf
