# k [Mpc^-1], sensitivity [mK^2], z=14.0, 94.7 MHz
3.500000000000000333e-02 7.785884633518853556e-03
3.572842282756675397e-02 8.045387906531373604e-03
3.647200564986839699e-02 8.313540414906868750e-03
3.723106397794004319e-02 8.590630437369113290e-03
3.800591988925806214e-02 8.876955860962090425e-03
3.879690216440116746e-02 9.172824501294907923e-03
3.960434642655615706e-02 9.478554433460588749e-03
4.042859528392659524e-02 9.794474333984299480e-03
4.126999847510574859e-02 1.012092383416876226e-02
4.212891301747467149e-02 1.045825388521656567e-02
4.300570335868902916e-02 1.080682713552210197e-02
4.390074153131857948e-02 1.116701832053856001e-02
4.481440731070487210e-02 1.153921466563915046e-02
4.574708837610465956e-02 1.192381630240578298e-02
4.669918047518661214e-02 1.232123669879250406e-02
4.767108759195193973e-02 1.273190310362640881e-02
4.866322211814942678e-02 1.315625700592358734e-02
4.967600502825834929e-02 1.359475460951422437e-02
5.070986605811275694e-02 1.404786732348678457e-02
5.176524388724366293e-02 1.451608226897883706e-02
5.284258632501594166e-02 1.499990280285908723e-02
5.394235050063903719e-02 1.549984905886370862e-02
5.506500305713256382e-02 1.601645850676884988e-02
5.621102034932823344e-02 1.655028653020017976e-02
5.738088864599311806e-02 1.710190702370099555e-02
5.857510433615904094e-02 1.778875495466092707e-02
5.979417413974657397e-02 1.872359464648353303e-02
6.103861532257209149e-02 1.970756229873022944e-02
6.230895591583001519e-02 2.074323969790041813e-02
6.360573494014265528e-02 2.183334430926934383e-02
6.492950263427293978e-02 2.298073640711741084e-02
6.628082068859754428e-02 2.418842657966976256e-02
6.766026248343849636e-02 2.545958362843706371e-02
6.906841333235554103e-02 2.679754288268513043e-02
7.050587073050135212e-02 2.820581495084849982e-02
7.197324460814619185e-02 2.968809493185120899e-02
7.347115758947816988e-02 3.124827211050299966e-02
7.500024525679045706e-02 3.289044016241135515e-02
7.656115642016625422e-02 3.461890789518441008e-02
7.815455339277647961e-02 3.643821055410877835e-02
7.978111227190747001e-02 3.835312172196680275e-02
8.144152322583671222e-02 4.036866584421595211e-02
8.313649078667982584e-02 4.249013141239548624e-02
8.486673414933156023e-02 4.472308484035065340e-02
8.663298747662909194e-02 4.707338506968484354e-02
8.843600021086570062e-02 4.983302703203602857e-02
9.027653739178835568e-02 5.290189697464642987e-02
9.215537998121303698e-02 5.615975729744399070e-02
9.407332519439604024e-02 5.961824660501967993e-02
9.603118683830201563e-02 6.328972024276718900e-02
9.802979565691193053e-02 6.718729443597017126e-02
1.000699996837176586e-01 7.132489314710840911e-02
1.021526646015524509e-01 7.571729781878018539e-02
1.042786741099108044e-01 8.038020017994636224e-02
1.064489302999123421e-01 8.533025830414310564e-02
1.086643540370700461e-01 9.058515611993150918e-02
1.109258853520242866e-01 9.616366658618152874e-02
1.132344838394090808e-01 1.020857187578833869e-01
1.155911290650195183e-01 1.083724689820760451e-01
1.179968209814531294e-01 1.153608828814366161e-01
1.204525803524016392e-01 1.229388803068540564e-01
1.229594491857733396e-01 1.310146725093682130e-01
1.255184911758291388e-01 1.396209593734199783e-01
1.281307921545208894e-01 1.487925888221431625e-01
1.307974605522227440e-01 1.585666979209289507e-01
1.335196278680513826e-01 1.689828632500095795e-01
1.362984491499744655e-01 1.800832611549420259e-01
1.391351034849112878e-01 1.919128385238626500e-01
1.420307944990333859e-01 2.045194947830132337e-01
1.449867508684773432e-01 2.179542758474596331e-01
1.480042268406868700e-01 2.322305002265393215e-01
1.510845027666047613e-01 2.474355277417604748e-01
1.542288856439409939e-01 2.636360871165484010e-01
1.574387096717475842e-01 2.808973596655978122e-01
1.607153368165349372e-01 2.992887943759482416e-01
1.640601573901705190e-01 3.188843873279700314e-01
1.674745906398046880e-01 3.397629794111219348e-01
1.709600853500741757e-01 3.620085735323082532e-01
1.745181204578385992e-01 3.857163649536800021e-01
1.781502056797110434e-01 4.112358639324836251e-01
1.818578821526486422e-01 4.384437663271167906e-01
1.856427230878753554e-01 4.674517791149364054e-01
1.895063344384143311e-01 4.983789999529635861e-01
1.934503555805126840e-01 5.313524061549123045e-01
1.974764600092484834e-01 5.665073760195783459e-01
2.015863560486145234e-01 6.039882446509946545e-01
2.057817875763805759e-01 6.440328202216542008e-01
2.100645347640413829e-01 6.868088217896481940e-01
2.144364148321648011e-01 7.324259616547798002e-01
2.188992828214597897e-01 7.810729453184414028e-01
2.234550323798925042e-01 8.329510119085271613e-01
2.281055965661834550e-01 8.882747666500929729e-01
2.328529486700275375e-01 9.473086114204823938e-01
2.376991030493841028e-01 1.010896687990305409e+00
2.426461159851931171e-01 1.078753113262022723e+00
2.476960865538796186e-01 1.151164400079295103e+00
2.528511575180167337e-01 1.228436293456188766e+00
2.581135162355253088e-01 1.310895061536328399e+00
2.634853955877961562e-01 1.397848179401945945e+00
2.689690749271278492e-01 1.488404142045834044e+00
2.745668810438831597e-01 1.584826537462033613e+00
2.802811891537738131e-01 1.687495407256501379e+00
2.861144239056928607e-01 1.796815413043274079e+00
2.920690604105219967e-01 1.912901748219959064e+00
2.981476252913505820e-01 2.035322027374379950e+00
3.043526977555517377e-01 2.165576856715286436e+00
3.106869106891708698e-01 2.304167625204118774e+00
3.171529517740905302e-01 2.451627809271884839e+00
3.237535646284456226e-01 2.610141218695988918e+00
3.304915499707733462e-01 2.780067488686863708e+00
3.373697668083914247e-01 2.961056354458452056e+00
3.443911336505087739e-01 3.153828016750838792e+00
3.515586297465838617e-01 3.356487820149099299e+00
3.588752963504552862e-01 3.567402408692954996e+00
3.663442380107827523e-01 3.791570423450246530e+00
3.739686238883428437e-01 4.029824681665172825e+00
3.817516891007428637e-01 4.288297253871556691e+00
3.896967360951185122e-01 4.569246623468733226e+00
3.978071360494027653e-01 4.868602494202420417e+00
4.060863303027552607e-01 5.187570774754918901e+00
4.145378318157649788e-01 5.520001017224031692e+00
4.231652266610403390e-01 5.872745535542389206e+00
4.319721755448220901e-01 6.248031479997326443e+00
4.409624153602658136e-01 6.648091682113932421e+00
4.501397607730483474e-01 7.074487556215368400e+00
4.595081058399779206e-01 7.528231645435431219e+00
4.690714256612865118e-01 8.008427874364249632e+00
4.788337780673142530e-01 8.515135599170326586e+00
4.887993053402931998e-01 9.053903638735551596e+00
4.989722359719687139e-01 9.633829601286478805e+00
5.093568864577977529e-01 1.025962854477124253e+01
5.199576631284887895e-01 1.092607843745009433e+01
5.307790640196620169e-01 1.161601050999498419e+01
5.418256807804173736e-01 1.233997970574183256e+01
5.531022006216277376e-01 1.311051321227050437e+01
5.646134083047763541e-01 1.395182463587249266e+01
5.763641881721900395e-01 1.484712364180810518e+01
5.883595262195214781e-01 1.579836782919924154e+01
6.006045122113689017e-01 1.680936402903834548e+01
6.131043418409223289e-01 1.788305427075257015e+01
6.258643189345570734e-01 1.901704366610362129e+01
6.388898577023131020e-01 2.022294090948219392e+01
6.521864850352057097e-01 2.151047145298066354e+01
6.657598428503537225e-01 2.288028743433815038e+01
6.796156904849094404e-01 2.433674371684221072e+01
6.937599071398169448e-01 2.588574240797291992e+01
7.081984943744236149e-01 2.753277296236546334e+01
7.229375786530161108e-01 2.928436986222690663e+01
7.379834139443505192e-01 3.113936013404274306e+01
7.533423843752851123e-01 3.310885308652158443e+01
7.690210069396433701e-01 3.522005728378802303e+01
7.850259342634492432e-01 3.746940074132513843e+01
8.013639574277185984e-01 3.984719621022336611e+01
8.180420088499924525e-01 4.237740000853735012e+01
8.350671652258471189e-01 4.507340983313027039e+01
8.524466505316175002e-01 4.794612175270680865e+01
8.701878390896189419e-01 5.100672012781642195e+01
8.882982586971583938e-01 5.422191241671822581e+01
9.067855938206671462e-01 5.765263246863877811e+01
9.256576888563147198e-01 6.134638679617566481e+01
9.449225514584753682e-01 6.524952038341221794e+01
9.645883559374751615e-01 6.939024120205935731e+01
9.846634467280448444e-01 7.378960022331698099e+01
1.005156341929967390e+00 7.847689556741303818e+01
1.026075736922404058e+00 8.347175364519067386e+01
1.047430508053451392e+00 8.879453274228275461e+01
1.069229716406479680e+00 9.440658174800925906e+01
1.091482611644857048e+00 1.004162916298043058e+02
1.114198635936694659e+00 1.068145935952156691e+02
1.137387427961266795e+00 1.135979362728480737e+02
1.161058826998822235e+00 1.207930274889608597e+02
1.185222877105502892e+00 1.463147317781115589e+03
1.209889831375160485e+00 inf
1.235070156289862053e+00 inf
1.260774536160947035e+00 inf
1.287013877662505523e+00 inf
1.313799314459207501e+00 inf
1.341142211930455019e+00 inf
1.369054171992841074e+00 inf
1.397547038022987298e+00 inf
1.426632899882822825e+00 inf
1.456324099049463694e+00 inf
1.486633233851841318e+00 inf
1.517573164816328868e+00 inf
1.549157020123613560e+00 inf
1.581398201179137208e+00 inf
1.614310388299477594e+00 inf
1.647907546517062949e+00 inf
1.682203931505708239e+00 inf
1.717214095629459480e+00 inf
1.752952894117343119e+00 inf
1.789435491366608399e+00 inf
1.826677367377168348e+00 inf
1.864694324319941865e+00 inf
1.903502493241907789e+00 inf
1.943118340910698461e+00 inf
1.983558676801640885e+00 inf
2.024840660230225353e+00 inf
2.066981807632997992e+00 inf
2.109999999999999876e+00 inf
