# k [Mpc^-1], sensitivity [mK^2], z=6.5, 189.4 MHz
3.500000000000000333e-02 inf
3.572842282756675397e-02 inf
3.647200564986839699e-02 inf
3.723106397794004319e-02 inf
3.800591988925806214e-02 inf
3.879690216440116746e-02 inf
3.960434642655615706e-02 inf
4.042859528392659524e-02 inf
4.126999847510574859e-02 5.836118893715238620e-01
4.212891301747467149e-02 5.898744341979201833e-01
4.300570335868902916e-02 5.962041803072526402e-01
4.390074153131857948e-02 6.026018488141089424e-01
4.481440731070487210e-02 6.090681685711165638e-01
4.574708837610465956e-02 6.156038762519784324e-01
4.669918047518661214e-02 6.222097164353971310e-01
4.767108759195193973e-02 6.288864416899018206e-01
4.866322211814942678e-02 6.356348126595835479e-01
4.967600502825834929e-02 6.424555981507520386e-01
5.070986605811275694e-02 6.493495752195211912e-01
5.176524388724366293e-02 6.563175292603354860e-01
5.284258632501594166e-02 6.633602540954460780e-01
5.394235050063903719e-02 6.704785520653452346e-01
5.506500305713256382e-02 6.776732341201749943e-01
5.621102034932823344e-02 6.849451199121123768e-01
5.738088864599311806e-02 6.922950378887496869e-01
5.857510433615904094e-02 6.997238253874739078e-01
5.979417413974657397e-02 7.072323287308611706e-01
6.103861532257209149e-02 7.148214033230926301e-01
6.230895591583001519e-02 7.224919137474073993e-01
6.360573494014265528e-02 7.302447338645996489e-01
6.492950263427293978e-02 7.380807469125716391e-01
6.628082068859754428e-02 7.460008456069586735e-01
6.766026248343849636e-02 7.540059322428290800e-01
6.906841333235554103e-02 7.620969187974802050e-01
7.050587073050135212e-02 7.702747270343330843e-01
7.197324460814619185e-02 7.785402886079457740e-01
7.347115758947816988e-02 7.868945451701504501e-01
7.500024525679045706e-02 7.953384484773321494e-01
7.656115642016625422e-02 8.038729604988565924e-01
7.815455339277647961e-02 8.124990535266618519e-01
7.978111227190747001e-02 8.212177102860278577e-01
8.144152322583671222e-02 8.300299240475312867e-01
8.313649078667982584e-02 8.404475432475444485e-01
8.486673414933156023e-02 8.527351517876645692e-01
8.663298747662909194e-02 8.652024090457189898e-01
8.843600021086570062e-02 8.778519415427059602e-01
9.027653739178835568e-02 8.906864142001910123e-01
9.215537998121303698e-02 9.037085309017350854e-01
9.407332519439604024e-02 9.169210350625296435e-01
9.603118683830201563e-02 9.303267102073633499e-01
9.802979565691193053e-02 9.439283805570365393e-01
1.000699996837176586e-01 9.577289116233500543e-01
1.021526646015524509e-01 9.717312108127913461e-01
1.042786741099108044e-01 9.859382280390500686e-01
1.064489302999123421e-01 1.000352956344485067e+00
1.086643540370700461e-01 1.014978432530679875e+00
1.109258853520242866e-01 1.029817737798216948e+00
1.132344838394090808e-01 1.044873998395803749e+00
1.155911290650195183e-01 1.060150386278891910e+00
1.179968209814531294e-01 1.075650119777922908e+00
1.204525803524016392e-01 1.091376464276346159e+00
1.229594491857733396e-01 1.107332732898548944e+00
1.255184911758291388e-01 1.108997544504043642e+00
1.281307921545208894e-01 1.106695184765057682e+00
1.307974605522227440e-01 1.104397604892712659e+00
1.335196278680513826e-01 1.102104794963656875e+00
1.362984491499744655e-01 1.099816745075140378e+00
1.391351034849112878e-01 1.097533445344972103e+00
1.420307944990333859e-01 1.095254885911476794e+00
1.449867508684773432e-01 1.092981056933453488e+00
1.480042268406868700e-01 1.090711948590131319e+00
1.510845027666047613e-01 1.088447551081129117e+00
1.542288856439409939e-01 1.086187854626410765e+00
1.574387096717475842e-01 1.083932849466245463e+00
1.607153368165349372e-01 1.081682525861163757e+00
1.640601573901705190e-01 1.079436874091915577e+00
1.674745906398046880e-01 1.071029508649206097e+00
1.709600853500741757e-01 1.061331300491107132e+00
1.745181204578385992e-01 1.051720909933474113e+00
1.781502056797110434e-01 1.042197541784986692e+00
1.818578821526486422e-01 1.032760408054808288e+00
1.856427230878753554e-01 1.023408727887386016e+00
1.895063344384143311e-01 1.014141727497840373e+00
1.934503555805126840e-01 1.004958640107939560e+00
1.974764600092484834e-01 9.958587058826547933e-01
2.015863560486145234e-01 9.868411718672887023e-01
2.057817875763805759e-01 9.779052919251740583e-01
2.100645347640413829e-01 9.637549772168908513e-01
2.144364148321648011e-01 9.497301935135190609e-01
2.188992828214597897e-01 9.359095016826420865e-01
2.234550323798925042e-01 9.222899317324724233e-01
2.281055965661834550e-01 9.088685568912253654e-01
2.328529486700275375e-01 8.956424929781706679e-01
2.376991030493841028e-01 8.826088977838387750e-01
2.426461159851931171e-01 8.697649704592445019e-01
2.476960865538796186e-01 8.567723695221216573e-01
2.528511575180167337e-01 8.418366756085822189e-01
2.581135162355253088e-01 8.271613483462264549e-01
2.634853955877961562e-01 8.127418488904954996e-01
2.689690749271278492e-01 7.985737175202889393e-01
2.745668810438831597e-01 7.846525722586450424e-01
2.802811891537738131e-01 7.709741075174640912e-01
2.861144239056928607e-01 7.575340927658589241e-01
2.920690604105219967e-01 7.445364792381895525e-01
2.981476252913505820e-01 7.318719448354564783e-01
3.043526977555517377e-01 7.194228336337492591e-01
3.106869106891708698e-01 7.071854812934197376e-01
3.171529517740905302e-01 6.951562858050833738e-01
3.237535646284456226e-01 6.833317064293855658e-01
3.304915499707733462e-01 6.715097922143581366e-01
3.373697668083914247e-01 6.589245761812484448e-01
3.443911336505087739e-01 6.465752281346318631e-01
3.515586297465838617e-01 6.344573275141537350e-01
3.588752963504552862e-01 6.225665366081499785e-01
3.663442380107827523e-01 6.108985990009238032e-01
3.739686238883428437e-01 5.994483579439772170e-01
3.817516891007428637e-01 5.882115543247824485e-01
3.896967360951185122e-01 5.771853872915474470e-01
3.978071360494027653e-01 5.663659084108160213e-01
4.060863303027552607e-01 5.557492432634676405e-01
4.145378318157649788e-01 5.452353987800369062e-01
4.231652266610403390e-01 5.347328212630894084e-01
4.319721755448220901e-01 5.244325492727941462e-01
4.409624153602658136e-01 5.143306859061238523e-01
4.501397607730483474e-01 5.044234093240086425e-01
4.595081058399779206e-01 5.081460078655668511e-01
4.690714256612865118e-01 5.175992175131253203e-01
4.788337780673142530e-01 5.272282883723385938e-01
4.887993053402931998e-01 5.370364920479752113e-01
4.989722359719687139e-01 5.467297053669584184e-01
5.093568864577977529e-01 5.562743864736262589e-01
5.199576631284887895e-01 5.659856964218101805e-01
5.307790640196620169e-01 5.758665441793973105e-01
5.418256807804173736e-01 5.835445906275034123e-01
5.531022006216277376e-01 5.897091145827044745e-01
5.646134083047763541e-01 5.959387601347886365e-01
5.763641881721900395e-01 6.022342152237190049e-01
5.883595262195214781e-01 6.071344414861304939e-01
6.006045122113689017e-01 6.120741908986535584e-01
6.131043418409223289e-01 6.170541309552767251e-01
6.258643189345570734e-01 6.205519871639840757e-01
6.388898577023131020e-01 6.232479630040130836e-01
6.521864850352057097e-01 6.259556514577800934e-01
6.657598428503537225e-01 6.298627963478984348e-01
6.796156904849094404e-01 6.349120978013812477e-01
6.937599071398169448e-01 6.400018770308432137e-01
7.081984943744236149e-01 6.431707438429428159e-01
7.229375786530161108e-01 6.448961391403564836e-01
7.379834139443505192e-01 6.466261630514950065e-01
7.533423843752851123e-01 6.481076020311570263e-01
7.690210069396433701e-01 6.495286522452922151e-01
7.850259342634492432e-01 6.508539325770495987e-01
8.013639574277185984e-01 6.517127494835068813e-01
8.180420088499924525e-01 6.525726996188530027e-01
8.350671652258471189e-01 6.582034849215231409e-01
8.524466505316175002e-01 6.661156249666156937e-01
8.701878390896189419e-01 6.714090093514372137e-01
8.882982586971583938e-01 6.708482829290173255e-01
9.067855938206671462e-01 6.703446595083886184e-01
9.256576888563147198e-01 6.707765158689166229e-01
9.449225514584753682e-01 6.712086504444099155e-01
9.645883559374751615e-01 6.730955213878726529e-01
9.846634467280448444e-01 6.751515892417792042e-01
1.005156341929967390e+00 6.756282955162219439e-01
1.026075736922404058e+00 6.757875313781901427e-01
1.047430508053451392e+00 6.744633126268799739e-01
1.069229716406479680e+00 6.728830782072039440e-01
1.091482611644857048e+00 6.784437595238148599e-01
1.114198635936694659e+00 6.842282747630437090e-01
1.137387427961266795e+00 6.883051321064064254e-01
1.161058826998822235e+00 6.919814017726321209e-01
1.185222877105502892e+00 6.948824222577905108e-01
1.209889831375160485e+00 6.945765367896425957e-01
1.235070156289862053e+00 6.925119391963598936e-01
1.260774536160947035e+00 6.941093285812593994e-01
1.287013877662505523e+00 6.963636438452235344e-01
1.313799314459207501e+00 6.995766204090200224e-01
1.341142211930455019e+00 6.986988245096042993e-01
1.369054171992841074e+00 6.985636721347127098e-01
1.397547038022987298e+00 7.007380238861081745e-01
1.426632899882822825e+00 7.010026086985506888e-01
1.456324099049463694e+00 7.006628198403092034e-01
1.486633233851841318e+00 7.005708991140764397e-01
1.517573164816328868e+00 7.042984152493279026e-01
1.549157020123613560e+00 7.054505288731603985e-01
1.581398201179137208e+00 7.070457195310786425e-01
1.614310388299477594e+00 7.082891004185931649e-01
1.647907546517062949e+00 7.098046561131342580e-01
1.682203931505708239e+00 8.315725454155473706e-01
1.717214095629459480e+00 2.064479904266623311e+00
1.752952894117343119e+00 inf
1.789435491366608399e+00 inf
1.826677367377168348e+00 inf
1.864694324319941865e+00 inf
1.903502493241907789e+00 inf
1.943118340910698461e+00 inf
1.983558676801640885e+00 inf
2.024840660230225353e+00 inf
2.066981807632997992e+00 inf
2.109999999999999876e+00 inf
