# k [Mpc^-1], sensitivity [mK^2], z=12.0, 109.3 MHz
3.500000000000000333e-02 7.967678034420440369e-02
3.572842282756675397e-02 7.989707210284223426e-02
3.647200564986839699e-02 8.011797292799494041e-02
3.723106397794004319e-02 8.033948450362034255e-02
3.800591988925806214e-02 8.056160851833207848e-02
3.879690216440116746e-02 8.078434666541238485e-02
3.960434642655615706e-02 8.100770064282523941e-02
4.042859528392659524e-02 8.123167215322919799e-02
4.126999847510574859e-02 8.145626290399018976e-02
4.212891301747467149e-02 8.168147460719485387e-02
4.300570335868902916e-02 8.190730897966344570e-02
4.390074153131857948e-02 8.213376774296275717e-02
4.481440731070487210e-02 8.236085262341953650e-02
4.574708837610465956e-02 8.258856535213353334e-02
4.669918047518661214e-02 8.281690766499053002e-02
4.767108759195193973e-02 8.304588130267585855e-02
4.866322211814942678e-02 8.327548801068740403e-02
4.967600502825834929e-02 8.350572953934914944e-02
5.070986605811275694e-02 8.373660764382437338e-02
5.176524388724366293e-02 8.396812408412895889e-02
5.284258632501594166e-02 8.420028062514504918e-02
5.394235050063903719e-02 8.443307903663434255e-02
5.506500305713256382e-02 8.466652109325149833e-02
5.621102034932823344e-02 8.490060857455787591e-02
5.738088864599311806e-02 8.513534326503501004e-02
5.857510433615904094e-02 8.537072695409808620e-02
5.979417413974657397e-02 8.560676143610980449e-02
6.103861532257209149e-02 8.584344851039395208e-02
6.230895591583001519e-02 8.608078998124898962e-02
6.360573494014265528e-02 8.691625517085485586e-02
6.492950263427293978e-02 8.784145769138680671e-02
6.628082068859754428e-02 8.877650876904218114e-02
6.766026248343849636e-02 8.972151323933012790e-02
6.906841333235554103e-02 9.067657705370864296e-02
7.050587073050135212e-02 9.164180729146322035e-02
7.197324460814619185e-02 9.261731217171260966e-02
7.347115758947816988e-02 9.360320106554173569e-02
7.500024525679045706e-02 9.459958450826441712e-02
7.656115642016625422e-02 9.560657421181616156e-02
7.815455339277647961e-02 9.662428307727886911e-02
7.978111227190747001e-02 9.765282520753937323e-02
8.144152322583671222e-02 9.869231592008192999e-02
8.313649078667982584e-02 9.974287175991773668e-02
8.486673414933156023e-02 1.008046105126512576e-01
8.663298747662909194e-02 1.018776512176864379e-01
8.843600021086570062e-02 1.029621141815726948e-01
9.027653739178835568e-02 1.040581209914937244e-01
9.215537998121303698e-02 1.051657945288993895e-01
9.407332519439604024e-02 1.061849254008343929e-01
9.603118683830201563e-02 1.068019573110120107e-01
9.802979565691193053e-02 1.074225747431150624e-01
1.000699996837176586e-01 1.080467985323180502e-01
1.021526646015524509e-01 1.086746496348667962e-01
1.042786741099108044e-01 1.093061491287823234e-01
1.064489302999123421e-01 1.099413182145682344e-01
1.086643540370700461e-01 1.105801782159225033e-01
1.109258853520242866e-01 1.112227505804534167e-01
1.132344838394090808e-01 1.118690568803994839e-01
1.155911290650195183e-01 1.125191188133538578e-01
1.179968209814531294e-01 1.131729582029925019e-01
1.204525803524016392e-01 1.138305969998070211e-01
1.229594491857733396e-01 1.144920572818415444e-01
1.255184911758291388e-01 1.152298437234279410e-01
1.281307921545208894e-01 1.162158361211025476e-01
1.307974605522227440e-01 1.172102654043691156e-01
1.335196278680513826e-01 1.182132037655068274e-01
1.362984491499744655e-01 1.192247240145258846e-01
1.391351034849112878e-01 1.202448995844531410e-01
1.420307944990333859e-01 1.212738045366631157e-01
1.449867508684773432e-01 1.223115135662546787e-01
1.480042268406868700e-01 1.233581020074735884e-01
1.510845027666047613e-01 1.244136458391815747e-01
1.542288856439409939e-01 1.254782216903720382e-01
1.574387096717475842e-01 1.267215805970456077e-01
1.607153368165349372e-01 1.282371147020490709e-01
1.640601573901705190e-01 1.297707739252258463e-01
1.674745906398046880e-01 1.313227750349796885e-01
1.709600853500741757e-01 1.328933373921686589e-01
1.745181204578385992e-01 1.344826829811098245e-01
1.781502056797110434e-01 1.360910364409544659e-01
1.818578821526486422e-01 1.377186250974389570e-01
1.856427230878753554e-01 1.393656789950149244e-01
1.895063344384143311e-01 1.402561039760607808e-01
1.934503555805126840e-01 1.405073237185769930e-01
1.974764600092484834e-01 1.407589934333742521e-01
2.015863560486145234e-01 1.410111139264204061e-01
2.057817875763805759e-01 1.412636860051270093e-01
2.100645347640413829e-01 1.415167104783517926e-01
2.144364148321648011e-01 1.417701881564012723e-01
2.188992828214597897e-01 1.421438281881846066e-01
2.234550323798925042e-01 1.443165681248256837e-01
2.281055965661834550e-01 1.465225194846600798e-01
2.328529486700275375e-01 1.487621899210023746e-01
2.376991030493841028e-01 1.510360948469034181e-01
2.426461159851931171e-01 1.533447575537620344e-01
2.476960865538796186e-01 1.556887093317492476e-01
2.528511575180167337e-01 1.602822447582287479e-01
2.581135162355253088e-01 1.666789654914451746e-01
2.634853955877961562e-01 1.733309736159785730e-01
2.689690749271278492e-01 1.802484574228119252e-01
2.745668810438831597e-01 1.874420118084894338e-01
2.802811891537738131e-01 1.949226545023809709e-01
2.861144239056928607e-01 2.008361796607705807e-01
2.920690604105219967e-01 2.066238636655078897e-01
2.981476252913505820e-01 2.125783367726632178e-01
3.043526977555517377e-01 2.187044054997767661e-01
3.106869106891708698e-01 2.250070148782993551e-01
3.171529517740905302e-01 2.309224730526400204e-01
3.237535646284456226e-01 2.367964487369889071e-01
3.304915499707733462e-01 2.428198407595755781e-01
3.373697668083914247e-01 2.489964498242727142e-01
3.443911336505087739e-01 2.551810790823360597e-01
3.515586297465838617e-01 2.604047968618311559e-01
3.588752963504552862e-01 2.657354474419001966e-01
3.663442380107827523e-01 2.711752198044759532e-01
3.739686238883428437e-01 2.767263477413322015e-01
3.817516891007428637e-01 2.840627825286278219e-01
3.896967360951185122e-01 2.917932458019413811e-01
3.978071360494027653e-01 2.997340853233791957e-01
4.060863303027552607e-01 3.078683557787683100e-01
4.145378318157649788e-01 3.139906777673732163e-01
4.231652266610403390e-01 3.202347492824515474e-01
4.319721755448220901e-01 3.266029914555971803e-01
4.409624153602658136e-01 3.324128406571074668e-01
4.501397607730483474e-01 3.373356827032878980e-01
4.595081058399779206e-01 3.423314291949277055e-01
4.690714256612865118e-01 3.474138259091799630e-01
4.788337780673142530e-01 3.527625065712539643e-01
4.887993053402931998e-01 3.581935339411768116e-01
4.989722359719687139e-01 3.637081758045432323e-01
5.093568864577977529e-01 3.699129063729793554e-01
5.199576631284887895e-01 3.762698891506858212e-01
5.307790640196620169e-01 3.827361171840725773e-01
5.418256807804173736e-01 3.872100626300849502e-01
5.531022006216277376e-01 3.917079037251843254e-01
5.646134083047763541e-01 3.968087038296488345e-01
5.763641881721900395e-01 4.040575404494831657e-01
5.883595262195214781e-01 4.114387976332662955e-01
6.006045122113689017e-01 4.194417060046339851e-01
6.131043418409223289e-01 4.279496682284722464e-01
6.258643189345570734e-01 4.363613801547956417e-01
6.388898577023131020e-01 4.423929564582850804e-01
6.521864850352057097e-01 4.485079038261245987e-01
6.657598428503537225e-01 4.549790416950559857e-01
6.796156904849094404e-01 4.616463949397675570e-01
6.937599071398169448e-01 4.667921059643180826e-01
7.081984943744236149e-01 4.701546982678326270e-01
7.229375786530161108e-01 4.747227078117312593e-01
7.379834139443505192e-01 4.819771800472891221e-01
7.533423843752851123e-01 4.886461539764894169e-01
7.690210069396433701e-01 4.932464941455392826e-01
7.850259342634492432e-01 4.983933107160275489e-01
8.013639574277185984e-01 5.050145277598886429e-01
8.180420088499924525e-01 5.114349587314035439e-01
8.350671652258471189e-01 5.174172512361205900e-01
8.524466505316175002e-01 5.231600990577846000e-01
8.701878390896189419e-01 5.286868013431058611e-01
8.882982586971583938e-01 5.330003948746535603e-01
9.067855938206671462e-01 5.372220258418278771e-01
9.256576888563147198e-01 5.459113369855118636e-01
9.449225514584753682e-01 5.529968221530517924e-01
9.645883559374751615e-01 5.576692908914380187e-01
9.846634467280448444e-01 5.628476895283273107e-01
1.005156341929967390e+00 5.685239608773656750e-01
1.026075736922404058e+00 5.751618054806106883e-01
1.047430508053451392e+00 5.815651812617275151e-01
1.069229716406479680e+00 5.875751948682650383e-01
1.091482611644857048e+00 5.928933348833992367e-01
1.114198635936694659e+00 5.985622253249091029e-01
1.137387427961266795e+00 6.058170344954085795e-01
1.161058826998822235e+00 6.129335742414955268e-01
1.185222877105502892e+00 6.153799119685695596e-01
1.209889831375160485e+00 6.241165461008364446e-01
1.235070156289862053e+00 6.310023737663577048e-01
1.260774536160947035e+00 8.085919998109288853e-01
1.287013877662505523e+00 inf
1.313799314459207501e+00 inf
1.341142211930455019e+00 inf
1.369054171992841074e+00 inf
1.397547038022987298e+00 inf
1.426632899882822825e+00 inf
1.456324099049463694e+00 inf
1.486633233851841318e+00 inf
1.517573164816328868e+00 inf
1.549157020123613560e+00 inf
1.581398201179137208e+00 inf
1.614310388299477594e+00 inf
1.647907546517062949e+00 inf
1.682203931505708239e+00 inf
1.717214095629459480e+00 inf
1.752952894117343119e+00 inf
1.789435491366608399e+00 inf
1.826677367377168348e+00 inf
1.864694324319941865e+00 inf
1.903502493241907789e+00 inf
1.943118340910698461e+00 inf
1.983558676801640885e+00 inf
2.024840660230225353e+00 inf
2.066981807632997992e+00 inf
2.109999999999999876e+00 inf
