# k [Mpc^-1], sensitivity [mK^2], z=6.0, 202.9 MHz
3.500000000000000333e-02 inf
3.572842282756675397e-02 inf
3.647200564986839699e-02 inf
3.723106397794004319e-02 inf
3.800591988925806214e-02 inf
3.879690216440116746e-02 inf
3.960434642655615706e-02 inf
4.042859528392659524e-02 inf
4.126999847510574859e-02 inf
4.212891301747467149e-02 inf
4.300570335868902916e-02 1.528421923901609428e-04
4.390074153131857948e-02 1.576182567415511902e-04
4.481440731070487210e-02 1.625435651618199501e-04
4.574708837610465956e-02 1.676227812799423547e-04
4.669918047518661214e-02 1.728607144555431704e-04
4.767108759195193973e-02 1.782623243327392359e-04
4.866322211814942678e-02 1.838327255362773901e-04
4.967600502825834929e-02 1.895771925144234204e-04
5.070986605811275694e-02 1.955011645331803717e-04
5.176524388724366293e-02 2.016102508265690037e-04
5.284258632501594166e-02 2.079102359078456195e-04
5.394235050063903719e-02 2.144070850466866618e-04
5.506500305713256382e-02 2.211069499175266845e-04
5.621102034932823344e-02 2.280161744243959542e-04
5.738088864599311806e-02 2.351413007077771101e-04
5.857510433615904094e-02 2.424890753391637833e-04
5.979417413974657397e-02 2.500664557091901788e-04
6.103861532257209149e-02 2.578806166153773467e-04
6.230895591583001519e-02 2.659389570557394149e-04
6.360573494014265528e-02 2.742491072346740582e-04
6.492950263427293978e-02 2.828189357877774557e-04
6.628082068859754428e-02 2.916565572324243748e-04
6.766026248343849636e-02 3.007703396511634858e-04
6.906841333235554103e-02 3.101689126152082734e-04
7.050587073050135212e-02 3.198611753555213964e-04
7.197324460814619185e-02 3.298563051892365746e-04
7.347115758947816988e-02 3.401637662093850447e-04
7.500024525679045706e-02 3.507933182461685272e-04
7.656115642016625422e-02 3.617550261082527752e-04
7.815455339277647961e-02 3.730592691128375039e-04
7.978111227190747001e-02 3.847167509135252699e-04
8.144152322583671222e-02 3.967385096352946268e-04
8.313649078667982584e-02 4.091359283261748075e-04
8.486673414933156023e-02 4.219207457355159271e-04
8.663298747662909194e-02 4.405854498257708810e-04
8.843600021086570062e-02 4.617871339021640577e-04
9.027653739178835568e-02 4.840090772900091710e-04
9.215537998121303698e-02 5.073003765166803807e-04
9.407332519439604024e-02 5.317124907138140325e-04
9.603118683830201563e-02 5.572993553096476215e-04
9.802979565691193053e-02 5.841175011924155773e-04
1.000699996837176586e-01 6.122261796080815570e-04
1.021526646015524509e-01 6.416874930683438014e-04
1.042786741099108044e-01 6.725665325581585809e-04
1.064489302999123421e-01 7.049315213459004820e-04
1.086643540370700461e-01 7.388539657139050381e-04
1.109258853520242866e-01 7.744088129424086782e-04
1.132344838394090808e-01 8.116746168959264535e-04
1.155911290650195183e-01 8.507337115779232137e-04
1.179968209814531294e-01 8.916723930372070931e-04
1.204525803524016392e-01 9.345811100279572065e-04
1.229594491857733396e-01 9.795546638446193510e-04
1.255184911758291388e-01 1.026692417773180472e-03
1.281307921545208894e-01 1.076261039830352789e-03
1.307974605522227440e-01 1.130012233669811048e-03
1.335196278680513826e-01 1.186447897848939273e-03
1.362984491499744655e-01 1.245702101594666714e-03
1.391351034849112878e-01 1.307915609889633577e-03
1.420307944990333859e-01 1.373236217875139055e-03
1.449867508684773432e-01 1.441819101955013008e-03
1.480042268406868700e-01 1.513827188434510107e-03
1.510845027666047613e-01 1.589431540569946968e-03
1.542288856439409939e-01 1.668811764948588926e-03
1.574387096717475842e-01 1.752156438164168082e-03
1.607153368165349372e-01 1.839663554801654333e-03
1.640601573901705190e-01 1.931540997795518771e-03
1.674745906398046880e-01 2.028007032278874959e-03
1.709600853500741757e-01 2.130205044319960061e-03
1.745181204578385992e-01 2.244553752090158207e-03
1.781502056797110434e-01 2.365040660970894881e-03
1.818578821526486422e-01 2.491995267583579747e-03
1.856427230878753554e-01 2.625764755820147837e-03
1.895063344384143311e-01 2.766714946289920967e-03
1.934503555805126840e-01 2.915231296732487438e-03
1.974764600092484834e-01 3.071719956132420298e-03
2.015863560486145234e-01 3.236608875418499169e-03
2.057817875763805759e-01 3.410348977784944269e-03
2.100645347640413829e-01 3.593415391835060903e-03
2.144364148321648011e-01 3.788320788471126899e-03
2.188992828214597897e-01 3.999051796875133583e-03
2.234550323798925042e-01 4.221505032720419652e-03
2.281055965661834550e-01 4.456332562436243760e-03
2.328529486700275375e-01 4.704222724622004852e-03
2.376991030493841028e-01 4.965902147740956958e-03
2.426461159851931171e-01 5.242137880051108388e-03
2.476960865538796186e-01 5.533739638016762011e-03
2.528511575180167337e-01 5.841562179791303169e-03
2.581135162355253088e-01 6.184766582565388686e-03
2.634853955877961562e-01 6.573167658633350535e-03
2.689690749271278492e-01 6.985960180017300805e-03
2.745668810438831597e-01 7.424675920549132085e-03
2.802811891537738131e-01 7.890942848896340123e-03
2.861144239056928607e-01 8.386491169562445072e-03
2.920690604105219967e-01 8.913159743260090986e-03
2.981476252913505820e-01 9.472902910481107233e-03
3.043526977555517377e-01 1.006755201305951745e-02
3.106869106891708698e-01 1.069951655066453920e-02
3.171529517740905302e-01 1.137115102752315338e-02
3.237535646284456226e-01 1.208494562146454621e-02
3.304915499707733462e-01 1.284354682479023173e-02
3.373697668083914247e-01 1.364976725651070172e-02
3.443911336505087739e-01 1.452816429103387201e-02
3.515586297465838617e-01 1.548897538578756540e-02
3.588752963504552862e-01 1.651332912373474487e-02
3.663442380107827523e-01 1.760542785799779769e-02
3.739686238883428437e-01 1.876975186170480245e-02
3.817516891007428637e-01 2.001107770805620953e-02
3.896967360951185122e-01 2.135159968146304113e-02
3.978071360494027653e-01 2.278793179469981028e-02
4.060863303027552607e-01 2.432088664207791850e-02
4.145378318157649788e-01 2.595696408018831683e-02
4.231652266610403390e-01 2.770310121401984432e-02
4.319721755448220901e-01 2.953493227551925310e-02
4.409624153602658136e-01 3.146863695895232849e-02
4.501397607730483474e-01 3.352894473623533461e-02
4.595081058399779206e-01 3.572414453768424369e-02
4.690714256612865118e-01 3.806411008486938752e-02
4.788337780673142530e-01 4.066394424554302389e-02
4.887993053402931998e-01 4.344135086615152908e-02
4.989722359719687139e-01 4.640845840434983799e-02
5.093568864577977529e-01 4.957822370911629806e-02
5.199576631284887895e-01 5.285520685850070982e-02
5.307790640196620169e-01 5.631714017164645564e-02
5.418256807804173736e-01 6.000582469771903460e-02
5.531022006216277376e-01 6.393611228622379794e-02
5.646134083047763541e-01 6.836673698020435952e-02
5.763641881721900395e-01 7.313321544319430212e-02
5.883595262195214781e-01 7.823200926803498823e-02
6.006045122113689017e-01 8.352901899118042595e-02
6.131043418409223289e-01 8.879880760049815858e-02
6.258643189345570734e-01 9.440106356454214254e-02
6.388898577023131020e-01 1.003567620210561312e-01
6.521864850352057097e-01 1.070000896853749023e-01
6.657598428503537225e-01 1.140995607856588878e-01
6.796156904849094404e-01 1.216700827986285510e-01
6.937599071398169448e-01 1.293512464190356981e-01
7.081984943744236149e-01 1.374260757736786021e-01
7.229375786530161108e-01 1.460049812073055675e-01
7.379834139443505192e-01 1.557015009472754730e-01
7.533423843752851123e-01 1.661293892519911664e-01
7.690210069396433701e-01 1.772706640271936307e-01
7.850259342634492432e-01 1.893001514028998244e-01
8.013639574277185984e-01 2.021459530137697524e-01
8.180420088499924525e-01 2.150210271619418245e-01
8.350671652258471189e-01 2.277380476883719418e-01
8.524466505316175002e-01 2.412071928474676663e-01
8.701878390896189419e-01 2.571369309867599373e-01
8.882982586971583938e-01 2.741422278038628257e-01
9.067855938206671462e-01 2.921654126035675425e-01
9.256576888563147198e-01 3.113033204251242636e-01
9.449225514584753682e-01 3.315944344191313897e-01
9.645883559374751615e-01 3.530180258283125427e-01
9.846634467280448444e-01 3.756743050333782308e-01
1.005156341929967390e+00 3.991481475194216810e-01
1.026075736922404058e+00 4.242069699116808867e-01
1.047430508053451392e+00 4.516398993967267739e-01
1.069229716406479680e+00 4.806934190041530774e-01
1.091482611644857048e+00 5.107191136533341114e-01
1.114198635936694659e+00 5.429690383233517492e-01
1.137387427961266795e+00 5.783698400805160622e-01
1.161058826998822235e+00 6.156908807551981777e-01
1.185222877105502892e+00 6.548450011548907490e-01
1.209889831375160485e+00 6.980216719275671444e-01
1.235070156289862053e+00 7.449180666114468830e-01
1.260774536160947035e+00 7.876634790226835214e-01
1.287013877662505523e+00 8.357056230262647212e-01
1.313799314459207501e+00 8.946985578451301935e-01
1.341142211930455019e+00 9.536689962615404470e-01
1.369054171992841074e+00 1.014233402108393411e+00
1.397547038022987298e+00 1.076130670600818240e+00
1.426632899882822825e+00 1.145291027784576698e+00
1.456324099049463694e+00 1.219513605062204631e+00
1.486633233851841318e+00 1.294307792079193442e+00
1.517573164816328868e+00 1.380222951086006677e+00
1.549157020123613560e+00 1.469798601812595473e+00
1.581398201179137208e+00 1.560956348358902401e+00
1.614310388299477594e+00 1.660807328071315814e+00
1.647907546517062949e+00 1.769341471490275541e+00
1.682203931505708239e+00 1.880817198360373421e+00
1.717214095629459480e+00 2.574303413051659550e+00
1.752952894117343119e+00 6.535747546769290928e+00
1.789435491366608399e+00 3.423780851487770605e+01
1.826677367377168348e+00 inf
1.864694324319941865e+00 inf
1.903502493241907789e+00 inf
1.943118340910698461e+00 inf
1.983558676801640885e+00 inf
2.024840660230225353e+00 inf
2.066981807632997992e+00 inf
2.109999999999999876e+00 inf
