# k [Mpc^-1], sensitivity [mK^2], z=7.0, 177.6 MHz
3.500000000000000333e-02 inf
3.572842282756675397e-02 inf
3.647200564986839699e-02 inf
3.723106397794004319e-02 inf
3.800591988925806214e-02 inf
3.879690216440116746e-02 inf
3.960434642655615706e-02 inf
4.042859528392659524e-02 4.264122454650348909e-04
4.126999847510574859e-02 4.386037239279235497e-04
4.212891301747467149e-02 4.511437668344739989e-04
4.300570335868902916e-02 4.640423399301656267e-04
4.390074153131857948e-02 4.773096938893777938e-04
4.481440731070487210e-02 4.909563724617390431e-04
4.574708837610465956e-02 5.049932208513944858e-04
4.669918047518661214e-02 5.194313943358363312e-04
4.767108759195193973e-02 5.342823671311587716e-04
4.866322211814942678e-02 5.495579415107753728e-04
4.967600502825834929e-02 5.652702571848509851e-04
5.070986605811275694e-02 5.814318009478941464e-04
5.176524388724366293e-02 5.980554166021865648e-04
5.284258632501594166e-02 6.151543151649328063e-04
5.394235050063903719e-02 6.327420853672340549e-04
5.506500305713256382e-02 6.508327044532435197e-04
5.621102034932823344e-02 6.694405492880739971e-04
5.738088864599311806e-02 6.885804077832943793e-04
5.857510433615904094e-02 7.082674906490829406e-04
5.979417413974657397e-02 7.285174434823923342e-04
6.103861532257209149e-02 7.493463592007198592e-04
6.230895591583001519e-02 7.707707908313738516e-04
6.360573494014265528e-02 7.928077646663928956e-04
6.492950263427293978e-02 8.154747937935698894e-04
6.628082068859754428e-02 8.387898920143552249e-04
6.766026248343849636e-02 8.627715881596650926e-04
6.906841333235554103e-02 8.874389408150036443e-04
7.050587073050135212e-02 9.128115534665829202e-04
7.197324460814619185e-02 9.389095900804875433e-04
7.347115758947816988e-02 9.657537911272515672e-04
7.500024525679045706e-02 9.933654900646040915e-04
7.656115642016625422e-02 1.021766630291456521e-03
7.815455339277647961e-02 1.050979782586628159e-03
7.978111227190747001e-02 1.082311530077985926e-03
8.144152322583671222e-02 1.140529262928340927e-03
8.313649078667982584e-02 1.201878538152629638e-03
8.486673414933156023e-02 1.266527801981227235e-03
8.663298747662909194e-02 1.334654561397694613e-03
8.843600021086570062e-02 1.406445871518321143e-03
9.027653739178835568e-02 1.482098849187919037e-03
9.215537998121303698e-02 1.561821214202015412e-03
9.407332519439604024e-02 1.645831859641485109e-03
9.603118683830201563e-02 1.734361452885591678e-03
9.802979565691193053e-02 1.827653068953628010e-03
1.000699996837176586e-01 1.925962857914121501e-03
1.021526646015524509e-01 2.029560748194077571e-03
1.042786741099108044e-01 2.138731187719393901e-03
1.064489302999123421e-01 2.253773924921313732e-03
1.086643540370700461e-01 2.375004831753390992e-03
1.109258853520242866e-01 2.502756770978651225e-03
1.132344838394090808e-01 2.637380510108320100e-03
1.155911290650195183e-01 2.779245684501462088e-03
1.179968209814531294e-01 2.928741812269914421e-03
1.204525803524016392e-01 3.085441529131061848e-03
1.229594491857733396e-01 3.248988876004456437e-03
1.255184911758291388e-01 3.421205236507436978e-03
1.281307921545208894e-01 3.602550121593537692e-03
1.307974605522227440e-01 3.793507399118406943e-03
1.335196278680513826e-01 3.994586584905192479e-03
1.362984491499744655e-01 4.206324202244284688e-03
1.391351034849112878e-01 4.429285213454936705e-03
1.420307944990333859e-01 4.664064527328405652e-03
1.449867508684773432e-01 4.911288586474871903e-03
1.480042268406868700e-01 5.171617038809458132e-03
1.510845027666047613e-01 5.445744497637280968e-03
1.542288856439409939e-01 5.734402395033829855e-03
1.574387096717475842e-01 6.038360933465871869e-03
1.607153368165349372e-01 6.365430067409470413e-03
1.640601573901705190e-01 6.721362324501291979e-03
1.674745906398046880e-01 7.097197050129710680e-03
1.709600853500741757e-01 7.494047119697153439e-03
1.745181204578385992e-01 7.913087636648713855e-03
1.781502056797110434e-01 8.355559412043469039e-03
1.818578821526486422e-01 8.822772638690986810e-03
1.856427230878753554e-01 9.316110770732601715e-03
1.895063344384143311e-01 9.837034620155041612e-03
1.934503555805126840e-01 1.038708668236663392e-02
1.974764600092484834e-01 1.096789570364425405e-02
2.015863560486145234e-01 1.159969343438007824e-02
2.057817875763805759e-01 1.228294469657169839e-02
2.100645347640413829e-01 1.300644118506410520e-02
2.144364148321648011e-01 1.377255344540860051e-02
2.188992828214597897e-01 1.458379165428114188e-02
2.234550323798925042e-01 1.544281384410849979e-02
2.281055965661834550e-01 1.635243461214574284e-02
2.328529486700275375e-01 1.731563434254030850e-02
2.376991030493841028e-01 1.833556897159903040e-02
2.426461159851931171e-01 1.948816868119927770e-02
2.476960865538796186e-01 2.074415231317769739e-02
2.528511575180167337e-01 2.208108223157242631e-02
2.581135162355253088e-01 2.350417530475479647e-02
2.634853955877961562e-01 2.501898462054251773e-02
2.689690749271278492e-01 2.663142115504544757e-02
2.745668810438831597e-01 2.834777683803632251e-02
2.802811891537738131e-01 3.017122637347507963e-02
2.861144239056928607e-01 3.209947278763981837e-02
2.920690604105219967e-01 3.415095364337858430e-02
2.981476252913505820e-01 3.633354486748088114e-02
3.043526977555517377e-01 3.865562573808831170e-02
3.106869106891708698e-01 4.112611105393517569e-02
3.171529517740905302e-01 4.375448535952880524e-02
3.237535646284456226e-01 4.667735832266196871e-02
3.304915499707733462e-01 4.984099624530159006e-02
3.373697668083914247e-01 5.321905514773143941e-02
3.443911336505087739e-01 5.682606777917828533e-02
3.515586297465838617e-01 6.067755187084371282e-02
3.588752963504552862e-01 6.478967344166731979e-02
3.663442380107827523e-01 6.916660557210455029e-02
3.739686238883428437e-01 7.383922579381903273e-02
3.817516891007428637e-01 7.882750961584748806e-02
3.896967360951185122e-01 8.415278201300779859e-02
3.978071360494027653e-01 8.983780859043044575e-02
4.060863303027552607e-01 9.580988234966227035e-02
4.145378318157649788e-01 1.021693703322055086e-01
4.231652266610403390e-01 1.089509764345949761e-01
4.319721755448220901e-01 1.161827192186377505e-01
4.409624153602658136e-01 1.239410681748455423e-01
4.501397607730483474e-01 1.323403904506006146e-01
4.595081058399779206e-01 1.413089236887180578e-01
4.690714256612865118e-01 1.508852425633242234e-01
4.788337780673142530e-01 1.610929657854539565e-01
4.887993053402931998e-01 1.717168623709080522e-01
4.989722359719687139e-01 1.830413927680752117e-01
5.093568864577977529e-01 1.951127629743661662e-01
5.199576631284887895e-01 2.079286897829325520e-01
5.307790640196620169e-01 2.213331148334343190e-01
5.418256807804173736e-01 2.356016756177880811e-01
5.531022006216277376e-01 2.507900799014306514e-01
5.646134083047763541e-01 2.670981375132261970e-01
5.763641881721900395e-01 2.845749192040037956e-01
5.883595262195214781e-01 3.031952427446445997e-01
6.006045122113689017e-01 3.229167736369378816e-01
6.131043418409223289e-01 3.435058524767496957e-01
6.258643189345570734e-01 3.654076849487042367e-01
6.388898577023131020e-01 3.887471624769522349e-01
6.521864850352057097e-01 4.139820928040571779e-01
6.657598428503537225e-01 4.408551102224135820e-01
6.796156904849094404e-01 4.696057044535039693e-01
6.937599071398169448e-01 5.010076911940909428e-01
7.081984943744236149e-01 5.345094922297430884e-01
7.229375786530161108e-01 5.691501148186418613e-01
7.379834139443505192e-01 6.041246847045038670e-01
7.533423843752851123e-01 6.412484600580489191e-01
7.690210069396433701e-01 6.829279184854112339e-01
7.850259342634492432e-01 7.281046910136691475e-01
8.013639574277185984e-01 7.751424026055181438e-01
8.180420088499924525e-01 8.218939804671876459e-01
8.350671652258471189e-01 8.714653112222734421e-01
8.524466505316175002e-01 9.299275121940334676e-01
8.701878390896189419e-01 9.930443372917168166e-01
8.882982586971583938e-01 1.059643857717006199e+00
9.067855938206671462e-01 1.130224457433806506e+00
9.256576888563147198e-01 1.200002015638016450e+00
9.449225514584753682e-01 1.267778127620637907e+00
9.645883559374751615e-01 1.346576818064970649e+00
9.846634467280448444e-01 1.441182011273532293e+00
1.005156341929967390e+00 1.537699032230377183e+00
1.026075736922404058e+00 1.634053553919179169e+00
1.047430508053451392e+00 1.737498643349481453e+00
1.069229716406479680e+00 1.848495132066858115e+00
1.091482611644857048e+00 1.962213220723607376e+00
1.114198635936694659e+00 2.080899504143535417e+00
1.137387427961266795e+00 2.220347180626949690e+00
1.161058826998822235e+00 2.367751804484913514e+00
1.185222877105502892e+00 2.515908997506308697e+00
1.209889831375160485e+00 2.680470894726703968e+00
1.235070156289862053e+00 2.861301912640821676e+00
1.260774536160947035e+00 3.031173919238562497e+00
1.287013877662505523e+00 3.219142859186972849e+00
1.313799314459207501e+00 3.429680553096627449e+00
1.341142211930455019e+00 3.647077737093574079e+00
1.369054171992841074e+00 3.882547040385542214e+00
1.397547038022987298e+00 4.136542209327100039e+00
1.426632899882822825e+00 4.391776205736218408e+00
1.456324099049463694e+00 4.668695485892966346e+00
1.486633233851841318e+00 4.967209519284955910e+00
1.517573164816328868e+00 5.288234448149557565e+00
1.549157020123613560e+00 5.635095979215320128e+00
1.581398201179137208e+00 5.988731868025853444e+00
1.614310388299477594e+00 1.181932250051714739e+01
1.647907546517062949e+00 inf
1.682203931505708239e+00 inf
1.717214095629459480e+00 inf
1.752952894117343119e+00 inf
1.789435491366608399e+00 inf
1.826677367377168348e+00 inf
1.864694324319941865e+00 inf
1.903502493241907789e+00 inf
1.943118340910698461e+00 inf
1.983558676801640885e+00 inf
2.024840660230225353e+00 inf
2.066981807632997992e+00 inf
2.109999999999999876e+00 inf
