# k [Mpc^-1], sensitivity [mK^2], z=11.0, 118.4 MHz
3.500000000000000333e-02 inf
3.572842282756675397e-02 inf
3.647200564986839699e-02 inf
3.723106397794004319e-02 inf
3.800591988925806214e-02 inf
3.879690216440116746e-02 inf
3.960434642655615706e-02 inf
4.042859528392659524e-02 inf
4.126999847510574859e-02 inf
4.212891301747467149e-02 inf
4.300570335868902916e-02 inf
4.390074153131857948e-02 inf
4.481440731070487210e-02 inf
4.574708837610465956e-02 inf
4.669918047518661214e-02 inf
4.767108759195193973e-02 inf
4.866322211814942678e-02 inf
4.967600502825834929e-02 inf
5.070986605811275694e-02 inf
5.176524388724366293e-02 inf
5.284258632501594166e-02 inf
5.394235050063903719e-02 inf
5.506500305713256382e-02 inf
5.621102034932823344e-02 inf
5.738088864599311806e-02 inf
5.857510433615904094e-02 inf
5.979417413974657397e-02 inf
6.103861532257209149e-02 inf
6.230895591583001519e-02 inf
6.360573494014265528e-02 inf
6.492950263427293978e-02 inf
6.628082068859754428e-02 inf
6.766026248343849636e-02 inf
6.906841333235554103e-02 inf
7.050587073050135212e-02 inf
7.197324460814619185e-02 inf
7.347115758947816988e-02 inf
7.500024525679045706e-02 inf
7.656115642016625422e-02 inf
7.815455339277647961e-02 inf
7.978111227190747001e-02 inf
8.144152322583671222e-02 inf
8.313649078667982584e-02 inf
8.486673414933156023e-02 inf
8.663298747662909194e-02 inf
8.843600021086570062e-02 inf
9.027653739178835568e-02 inf
9.215537998121303698e-02 inf
9.407332519439604024e-02 inf
9.603118683830201563e-02 inf
9.802979565691193053e-02 inf
1.000699996837176586e-01 inf
1.021526646015524509e-01 inf
1.042786741099108044e-01 inf
1.064489302999123421e-01 inf
1.086643540370700461e-01 inf
1.109258853520242866e-01 inf
1.132344838394090808e-01 inf
1.155911290650195183e-01 inf
1.179968209814531294e-01 inf
1.204525803524016392e-01 inf
1.229594491857733396e-01 inf
1.255184911758291388e-01 inf
1.281307921545208894e-01 inf
1.307974605522227440e-01 3.008624347456656523e+00
1.335196278680513826e-01 2.965373786894597519e+00
1.362984491499744655e-01 2.922744975933984080e+00
1.391351034849112878e-01 2.880728976596629742e+00
1.420307944990333859e-01 2.839316979392493945e+00
1.449867508684773432e-01 2.798500301472597318e+00
1.480042268406868700e-01 2.758270384808491293e+00
1.510845027666047613e-01 2.718618794397896998e+00
1.542288856439409939e-01 2.679537216496136853e+00
1.574387096717475842e-01 2.641017456872996494e+00
1.607153368165349372e-01 2.603051439094638209e+00
1.640601573901705190e-01 2.594781823876924687e+00
1.674745906398046880e-01 2.621603333210476006e+00
1.709600853500741757e-01 2.648702088729548709e+00
1.745181204578385992e-01 2.676080956247785636e+00
1.781502056797110434e-01 2.703742831201918051e+00
1.818578821526486422e-01 2.731690638957967820e+00
1.856427230878753554e-01 2.759927335120620384e+00
1.895063344384143311e-01 2.788455905845791616e+00
1.934503555805126840e-01 2.817279368156427655e+00
1.974764600092484834e-01 2.825933144318244050e+00
2.015863560486145234e-01 2.821289733231609365e+00
2.057817875763805759e-01 2.816653951931461730e+00
2.100645347640413829e-01 2.812025787880974903e+00
2.144364148321648011e-01 2.807405228563921273e+00
2.188992828214597897e-01 2.802792261484639891e+00
2.234550323798925042e-01 2.798186874168000937e+00
2.281055965661834550e-01 2.791144637798672612e+00
2.328529486700275375e-01 2.766539561453381868e+00
2.376991030493841028e-01 2.742151388873578455e+00
2.426461159851931171e-01 2.717978207964260928e+00
2.476960865538796186e-01 2.694018123486324079e+00
2.528511575180167337e-01 2.670269256907966682e+00
2.581135162355253088e-01 2.646729746257411531e+00
2.634853955877961562e-01 2.624798497459622126e+00
2.689690749271278492e-01 2.603834688452149937e+00
2.745668810438831597e-01 2.583038313740501746e+00
2.802811891537738131e-01 2.562408036056083027e+00
2.861144239056928607e-01 2.541942528810829494e+00
2.920690604105219967e-01 2.521640476011905996e+00
2.981476252913505820e-01 2.516919436447444980e+00
3.043526977555517377e-01 2.513535805965783965e+00
3.106869106891708698e-01 2.510156724280985241e+00
3.171529517740905302e-01 2.506782185277856456e+00
3.237535646284456226e-01 2.503412182849425793e+00
3.304915499707733462e-01 2.494454054574345214e+00
3.373697668083914247e-01 2.484186896567019964e+00
3.443911336505087739e-01 2.473961998120801198e+00
3.515586297465838617e-01 2.463779185295587926e+00
3.588752963504552862e-01 2.449329491458702712e+00
3.663442380107827523e-01 2.415381641111317812e+00
3.739686238883428437e-01 2.381904309959994137e+00
3.817516891007428637e-01 2.348890976581088363e+00
3.896967360951185122e-01 2.316335209938272577e+00
3.978071360494027653e-01 2.285949365421489965e+00
4.060863303027552607e-01 2.256042843981978852e+00
4.145378318157649788e-01 2.226527582313196696e+00
4.231652266610403390e-01 2.198632683118944442e+00
4.319721755448220901e-01 2.187668201106060639e+00
4.409624153602658136e-01 2.176758398470379774e+00
4.501397607730483474e-01 2.165903002528314580e+00
4.595081058399779206e-01 2.149659335413149019e+00
4.690714256612865118e-01 2.127486757118799421e+00
4.788337780673142530e-01 2.105542877027982929e+00
4.887993053402931998e-01 2.084111382972459570e+00
4.989722359719687139e-01 2.064944994413701718e+00
5.093568864577977529e-01 2.045954868243502034e+00
5.199576631284887895e-01 2.027139383476795675e+00
5.307790640196620169e-01 1.997729057003437836e+00
5.418256807804173736e-01 1.968621238941507423e+00
5.531022006216277376e-01 1.940221808955416849e+00
5.646134083047763541e-01 1.918154541865928930e+00
5.763641881721900395e-01 1.896338258594142179e+00
5.883595262195214781e-01 1.874637158811181203e+00
6.006045122113689017e-01 1.852829749556943906e+00
6.131043418409223289e-01 1.831276023046668922e+00
6.258643189345570734e-01 1.812703246847402472e+00
6.388898577023131020e-01 1.795804530516716291e+00
6.521864850352057097e-01 1.777903598857501155e+00
6.657598428503537225e-01 1.753953034584381898e+00
6.796156904849094404e-01 1.730325114086420646e+00
6.937599071398169448e-01 1.707132074402921473e+00
7.081984943744236149e-01 1.684281088226390111e+00
7.229375786530161108e-01 1.665587579389642858e+00
7.379834139443505192e-01 1.650509344484449192e+00
7.533423843752851123e-01 1.639003542669307034e+00
7.690210069396433701e-01 1.633396035741765173e+00
7.850259342634492432e-01 1.621497347038206138e+00
8.013639574277185984e-01 1.595445548590452400e+00
8.180420088499924525e-01 1.573034539817403044e+00
8.350671652258471189e-01 1.557637739252291098e+00
8.524466505316175002e-01 1.541512475839560858e+00
8.701878390896189419e-01 1.524345075671925454e+00
8.882982586971583938e-01 1.507138341927815262e+00
9.067855938206671462e-01 1.489964913739806329e+00
9.256576888563147198e-01 1.466398860018979233e+00
9.449225514584753682e-01 1.442017465468800719e+00
9.645883559374751615e-01 1.419719766903060343e+00
9.846634467280448444e-01 1.402162374227564623e+00
1.005156341929967390e+00 1.389711206064606852e+00
1.026075736922404058e+00 1.366645523512574734e+00
1.047430508053451392e+00 1.347137294898666626e+00
1.069229716406479680e+00 1.336865735629714669e+00
1.091482611644857048e+00 1.319552153423837026e+00
1.114198635936694659e+00 1.299460762417739002e+00
1.137387427961266795e+00 1.277101234925784423e+00
1.161058826998822235e+00 1.269139661834415733e+00
1.185222877105502892e+00 1.254737448884803097e+00
1.209889831375160485e+00 1.245044725048501499e+00
1.235070156289862053e+00 1.256517962059757521e+00
1.260774536160947035e+00 1.259436953625413302e+00
1.287013877662505523e+00 1.272679402511473601e+00
1.313799314459207501e+00 1.600859603657758035e+00
1.341142211930455019e+00 inf
1.369054171992841074e+00 inf
1.397547038022987298e+00 inf
1.426632899882822825e+00 inf
1.456324099049463694e+00 inf
1.486633233851841318e+00 inf
1.517573164816328868e+00 inf
1.549157020123613560e+00 inf
1.581398201179137208e+00 inf
1.614310388299477594e+00 inf
1.647907546517062949e+00 inf
1.682203931505708239e+00 inf
1.717214095629459480e+00 inf
1.752952894117343119e+00 inf
1.789435491366608399e+00 inf
1.826677367377168348e+00 inf
1.864694324319941865e+00 inf
1.903502493241907789e+00 inf
1.943118340910698461e+00 inf
1.983558676801640885e+00 inf
2.024840660230225353e+00 inf
2.066981807632997992e+00 inf
2.109999999999999876e+00 inf
