# k [Mpc^-1], sensitivity [mK^2], z=5.5, 218.5 MHz
3.500000000000000333e-02 inf
3.572842282756675397e-02 inf
3.647200564986839699e-02 inf
3.723106397794004319e-02 inf
3.800591988925806214e-02 inf
3.879690216440116746e-02 inf
3.960434642655615706e-02 inf
4.042859528392659524e-02 inf
4.126999847510574859e-02 inf
4.212891301747467149e-02 inf
4.300570335868902916e-02 inf
4.390074153131857948e-02 inf
4.481440731070487210e-02 1.901203713531410299e-04
4.574708837610465956e-02 1.964995398595929734e-04
4.669918047518661214e-02 2.030927506096197473e-04
4.767108759195193973e-02 2.099071854298167189e-04
4.866322211814942678e-02 2.169502671208608190e-04
4.967600502825834929e-02 2.242296675429919094e-04
5.070986605811275694e-02 2.317533159727834351e-04
5.176524388724366293e-02 2.395294077403159472e-04
5.284258632501594166e-02 2.475664131561527981e-04
5.394235050063903719e-02 2.558730867378468800e-04
5.506500305713256382e-02 2.644584767460270635e-04
5.621102034932823344e-02 2.733319350404511293e-04
5.738088864599311806e-02 2.825031272667638343e-04
5.857510433615904094e-02 2.919820433850525330e-04
5.979417413974657397e-02 3.017790085516719152e-04
6.103861532257209149e-02 3.119046943661884629e-04
6.230895591583001519e-02 3.223701304956999580e-04
6.360573494014265528e-02 3.331867166891868022e-04
6.492950263427293978e-02 3.443662351949855873e-04
6.628082068859754428e-02 3.559208635949108815e-04
6.766026248343849636e-02 3.678631880690015729e-04
6.906841333235554103e-02 3.802062171053479799e-04
7.050587073050135212e-02 3.929633956699247468e-04
7.197324460814619185e-02 4.061486198518712214e-04
7.347115758947816988e-02 4.197762520001664622e-04
7.500024525679045706e-02 4.338611363681963698e-04
7.656115642016625422e-02 4.484186152832395750e-04
7.815455339277647961e-02 4.634645458584975286e-04
7.978111227190747001e-02 4.790153172658706462e-04
8.144152322583671222e-02 4.950878685882885996e-04
8.313649078667982584e-02 5.116997072710492440e-04
8.486673414933156023e-02 5.288689281922571506e-04
8.663298747662909194e-02 5.466142333731440059e-04
8.843600021086570062e-02 5.649549523497310842e-04
9.027653739178835568e-02 5.882725761898094418e-04
9.215537998121303698e-02 6.128556440681172390e-04
9.407332519439604024e-02 6.384660031219261886e-04
9.603118683830201563e-02 6.651465823772024838e-04
9.802979565691193053e-02 6.929421048023833452e-04
1.000699996837176586e-01 7.218991622746624790e-04
1.021526646015524509e-01 7.520662936790084314e-04
1.042786741099108044e-01 7.834940662708293497e-04
1.064489302999123421e-01 8.162351604386663744e-04
1.086643540370700461e-01 8.503444580089994896e-04
1.109258853520242866e-01 8.858791342411832803e-04
1.132344838394090808e-01 9.228987536667202993e-04
1.155911290650195183e-01 9.614653699335200124e-04
1.179968209814531294e-01 1.001643629822505759e-03
1.204525803524016392e-01 1.043500881610928081e-03
1.229594491857733396e-01 1.087107287964022987e-03
1.255184911758291388e-01 1.132535943544254933e-03
1.281307921545208894e-01 1.179862997535272972e-03
1.307974605522227440e-01 1.229167781285984452e-03
1.335196278680513826e-01 1.283161798475258896e-03
1.362984491499744655e-01 1.347644313750256517e-03
1.391351034849112878e-01 1.415367258081927197e-03
1.420307944990333859e-01 1.486493472209754561e-03
1.449867508684773432e-01 1.561193980081675972e-03
1.480042268406868700e-01 1.639648400083482029e-03
1.510845027666047613e-01 1.722045376933669563e-03
1.542288856439409939e-01 1.808583035282220614e-03
1.574387096717475842e-01 1.899469456104026276e-03
1.607153368165349372e-01 1.994923177032411309e-03
1.640601573901705190e-01 2.095173717835835565e-03
1.674745906398046880e-01 2.200462132301309048e-03
1.709600853500741757e-01 2.311041587851480391e-03
1.745181204578385992e-01 2.427177974289158012e-03
1.781502056797110434e-01 2.552148375317708946e-03
1.818578821526486422e-01 2.691390558350041651e-03
1.856427230878753554e-01 2.838229629448569061e-03
1.895063344384143311e-01 2.993080065799970466e-03
1.934503555805126840e-01 3.156378957973771104e-03
1.974764600092484834e-01 3.328587243681640877e-03
2.015863560486145234e-01 3.510191008849138181e-03
2.057817875763805759e-01 3.701702859672378280e-03
2.100645347640413829e-01 3.903663369532482663e-03
2.144364148321648011e-01 4.116642604851976882e-03
2.188992828214597897e-01 4.341241734200066218e-03
2.234550323798925042e-01 4.583730344587793465e-03
2.281055965661834550e-01 4.846922671783614883e-03
2.328529486700275375e-01 5.125227188372633892e-03
2.376991030493841028e-01 5.419511618238326972e-03
2.426461159851931171e-01 5.730693508934219665e-03
2.476960865538796186e-01 6.059743092499551669e-03
2.528511575180167337e-01 6.407686310539614967e-03
2.581135162355253088e-01 6.775608013002538087e-03
2.634853955877961562e-01 7.164655340626075765e-03
2.689690749271278492e-01 7.589515643040691678e-03
2.745668810438831597e-01 8.048980275594195752e-03
2.802811891537738131e-01 8.536260615828751216e-03
2.861144239056928607e-01 9.053040609665264499e-03
2.920690604105219967e-01 9.601106148080216368e-03
2.981476252913505820e-01 1.018235123879690333e-02
3.043526977555517377e-01 1.079878455160712507e-02
3.106869106891708698e-01 1.145662868966127769e-02
3.171529517740905302e-01 1.218660997424361563e-02
3.237535646284456226e-01 1.296310343010033915e-02
3.304915499707733462e-01 1.378907267030254902e-02
3.373697668083914247e-01 1.466767014026770961e-02
3.443911336505087739e-01 1.560224914957827370e-02
3.515586297465838617e-01 1.659637667043098105e-02
3.588752963504552862e-01 1.768143392398531522e-02
3.663442380107827523e-01 1.885421258894795504e-02
3.739686238883428437e-01 2.010477961671555680e-02
3.817516891007428637e-01 2.143829457368263622e-02
3.896967360951185122e-01 2.286025925128112174e-02
3.978071360494027653e-01 2.437654036517023642e-02
4.060863303027552607e-01 2.599453526486503532e-02
4.145378318157649788e-01 2.772003231608364399e-02
4.231652266610403390e-01 2.956006652072423399e-02
4.319721755448220901e-01 3.152224076602711672e-02
4.409624153602658136e-01 3.361466261297972602e-02
4.501397607730483474e-01 3.587568425780730125e-02
4.595081058399779206e-01 3.829653098538100819e-02
4.690714256612865118e-01 4.088073345096066707e-02
4.788337780673142530e-01 4.363931469736669067e-02
4.887993053402931998e-01 4.654069353517064495e-02
4.989722359719687139e-01 4.942023025797386004e-02
5.093568864577977529e-01 5.247792787843776757e-02
5.199576631284887895e-01 5.572480945634945143e-02
5.307790640196620169e-01 5.917258006336702930e-02
5.418256807804173736e-01 6.364399740312788600e-02
5.531022006216277376e-01 6.849696519047850096e-02
5.646134083047763541e-01 7.371998038694896338e-02
5.763641881721900395e-01 7.926475173471130009e-02
5.883595262195214781e-01 8.408448515486653674e-02
6.006045122113689017e-01 8.919728490946403354e-02
6.131043418409223289e-01 9.462097104556793647e-02
6.258643189345570734e-01 1.005645002741126642e-01
6.388898577023131020e-01 1.071105257744558864e-01
6.521864850352057097e-01 1.140826504423416154e-01
6.657598428503537225e-01 1.215310299531388027e-01
6.796156904849094404e-01 1.296416919129544931e-01
6.937599071398169448e-01 1.382936381641301782e-01
7.081984943744236149e-01 1.475229925995762692e-01
7.229375786530161108e-01 1.571279361476378977e-01
7.379834139443505192e-01 1.673547144993970670e-01
7.533423843752851123e-01 1.782658446254358486e-01
7.690210069396433701e-01 1.903304001620960417e-01
7.850259342634492432e-01 2.032114525470612165e-01
8.013639574277185984e-01 2.165289852706943630e-01
8.180420088499924525e-01 2.294595255956548285e-01
8.350671652258471189e-01 2.431622437095910805e-01
8.524466505316175002e-01 2.587116969839832747e-01
8.701878390896189419e-01 2.758634511807481760e-01
8.882982586971583938e-01 2.940642836571841223e-01
9.067855938206671462e-01 3.129485620997361495e-01
9.256576888563147198e-01 3.330455548776059538e-01
9.449225514584753682e-01 3.555585516359968112e-01
9.645883559374751615e-01 3.799235710013276202e-01
9.846634467280448444e-01 4.034067122212364742e-01
1.005156341929967390e+00 4.259178327084072735e-01
1.026075736922404058e+00 4.521611976510610531e-01
1.047430508053451392e+00 4.845633855295138348e-01
1.069229716406479680e+00 5.178714282664266255e-01
1.091482611644857048e+00 5.499896323096489237e-01
1.114198635936694659e+00 5.846891479095073230e-01
1.137387427961266795e+00 6.229090930933265380e-01
1.161058826998822235e+00 6.627383355223698258e-01
1.185222877105502892e+00 7.037902244486727854e-01
1.209889831375160485e+00 7.488549065366357782e-01
1.235070156289862053e+00 7.979205668731575996e-01
1.260774536160947035e+00 8.484142646102564855e-01
1.287013877662505523e+00 9.017594811830585977e-01
1.313799314459207501e+00 9.590868750089014405e-01
1.341142211930455019e+00 1.021524137633022633e+00
1.369054171992841074e+00 1.089794854387107437e+00
1.397547038022987298e+00 1.159684448928055778e+00
1.426632899882822825e+00 1.233930798865050971e+00
1.456324099049463694e+00 1.313587321082677173e+00
1.486633233851841318e+00 1.389071252394634692e+00
1.517573164816328868e+00 1.475268021298244303e+00
1.549157020123613560e+00 1.580395265179385333e+00
1.581398201179137208e+00 1.681915470872380469e+00
1.614310388299477594e+00 1.788592093177894471e+00
1.647907546517062949e+00 1.901771630876808672e+00
1.682203931505708239e+00 2.023483247114840289e+00
1.717214095629459480e+00 2.144108143000961419e+00
1.752952894117343119e+00 2.286599011520602520e+00
1.789435491366608399e+00 3.518869895841830520e+00
1.826677367377168348e+00 9.727431095599866850e+00
1.864694324319941865e+00 inf
1.903502493241907789e+00 inf
1.943118340910698461e+00 inf
1.983558676801640885e+00 inf
2.024840660230225353e+00 inf
2.066981807632997992e+00 inf
2.109999999999999876e+00 inf
