# k [Mpc^-1], sensitivity [mK^2], z=6.0, 202.9 MHz
3.500000000000000333e-02 inf
3.572842282756675397e-02 inf
3.647200564986839699e-02 inf
3.723106397794004319e-02 inf
3.800591988925806214e-02 inf
3.879690216440116746e-02 inf
3.960434642655615706e-02 inf
4.042859528392659524e-02 inf
4.126999847510574859e-02 inf
4.212891301747467149e-02 inf
4.300570335868902916e-02 5.044221612536960997e-01
4.390074153131857948e-02 5.104740460685187609e-01
4.481440731070487210e-02 5.165985393304421969e-01
4.574708837610465956e-02 5.227965121708166851e-01
4.669918047518661214e-02 5.290688461725289171e-01
4.767108759195193973e-02 5.354164334953962490e-01
4.866322211814942678e-02 5.418401770030640829e-01
4.967600502825834929e-02 5.483409903914283623e-01
5.070986605811275694e-02 5.549197983185956140e-01
5.176524388724366293e-02 5.615775365364048533e-01
5.284258632501594166e-02 5.683151520235263376e-01
5.394235050063903719e-02 5.751336031201562671e-01
5.506500305713256382e-02 5.820338596643301887e-01
5.621102034932823344e-02 5.890169031298679858e-01
5.738088864599311806e-02 5.960837267659784278e-01
5.857510433615904094e-02 6.032353357385340509e-01
5.979417413974657397e-02 6.104727472730450133e-01
6.103861532257209149e-02 6.177969907993452470e-01
6.230895591583001519e-02 6.252091080980163307e-01
6.360573494014265528e-02 6.327101534485679579e-01
6.492950263427293978e-02 6.403011937793943176e-01
6.628082068859754428e-02 6.479833088195331436e-01
6.766026248343849636e-02 6.557575912522414230e-01
6.906841333235554103e-02 6.636251468704177370e-01
7.050587073050135212e-02 6.715870947338851149e-01
7.197324460814619185e-02 6.796445673285649303e-01
7.347115758947816988e-02 6.877987107275574941e-01
7.500024525679045706e-02 6.960506847541568787e-01
7.656115642016625422e-02 7.044016631468210665e-01
7.815455339277647961e-02 7.128528337261206271e-01
7.978111227190747001e-02 7.214053985636925681e-01
8.144152322583671222e-02 7.300605741532179005e-01
8.313649078667982584e-02 7.388195915834542271e-01
8.486673414933156023e-02 7.476836967133406731e-01
8.663298747662909194e-02 7.538400352932161930e-01
8.843600021086570062e-02 7.592075108870166567e-01
9.027653739178835568e-02 7.646132038650116369e-01
9.215537998121303698e-02 7.700573863417976561e-01
9.407332519439604024e-02 7.755403323694753936e-01
9.603118683830201563e-02 7.810623179514456504e-01
9.802979565691193053e-02 7.866236210563024578e-01
1.000699996837176586e-01 7.922245216318263283e-01
1.021526646015524509e-01 7.978653016190753178e-01
1.042786741099108044e-01 8.035462449665786711e-01
1.064489302999123421e-01 8.092676376446293895e-01
1.086643540370700461e-01 8.150297676596803820e-01
1.109258853520242866e-01 8.208329250688416456e-01
1.132344838394090808e-01 8.266774019944816976e-01
1.155911290650195183e-01 8.325634926389323676e-01
1.179968209814531294e-01 8.384914932992987291e-01
1.204525803524016392e-01 8.444617023823738355e-01
1.229594491857733396e-01 8.504744204196609259e-01
1.255184911758291388e-01 8.565299500825005463e-01
1.281307921545208894e-01 8.616475143371454815e-01
1.307974605522227440e-01 8.565061802492909271e-01
1.335196278680513826e-01 8.513955238060220143e-01
1.362984491499744655e-01 8.463153619579859566e-01
1.391351034849112878e-01 8.412655127480607176e-01
1.420307944990333859e-01 8.362457953048375581e-01
1.449867508684773432e-01 8.312560298361433286e-01
1.480042268406868700e-01 8.262960376225999548e-01
1.510845027666047613e-01 8.213656410112242234e-01
1.542288856439409939e-01 8.164646634090638733e-01
1.574387096717475842e-01 8.115929292768729875e-01
1.607153368165349372e-01 8.067502641228245785e-01
1.640601573901705190e-01 8.019364944962608099e-01
1.674745906398046880e-01 7.971514479814804099e-01
1.709600853500741757e-01 7.916186107405503991e-01
1.745181204578385992e-01 7.805365376305649638e-01
1.781502056797110434e-01 7.696096053203896892e-01
1.818578821526486422e-01 7.588356419539535880e-01
1.856427230878753554e-01 7.482125060795586924e-01
1.895063344384143311e-01 7.377380862242417514e-01
1.934503555805126840e-01 7.274103004740941625e-01
1.974764600092484834e-01 7.172270960604569812e-01
2.015863560486145234e-01 7.071864489519091856e-01
2.057817875763805759e-01 6.972863634519679277e-01
2.100645347640413829e-01 6.875248718024200567e-01
2.144364148321648011e-01 6.767727849001848872e-01
2.188992828214597897e-01 6.634508416464705016e-01
2.234550323798925042e-01 6.503911343691649583e-01
2.281055965661834550e-01 6.375885010805600883e-01
2.328529486700275375e-01 6.250378814041663844e-01
2.376991030493841028e-01 6.127343145745454134e-01
2.426461159851931171e-01 6.006729374765145124e-01
2.476960865538796186e-01 5.888489827229494988e-01
2.528511575180167337e-01 5.772577767704235585e-01
2.581135162355253088e-01 5.661911182526629949e-01
2.634853955877961562e-01 5.557120016833265730e-01
2.689690749271278492e-01 5.454268335538957624e-01
2.745668810438831597e-01 5.353320242490544612e-01
2.802811891537738131e-01 5.254240505904118619e-01
2.861144239056928607e-01 5.156994546068823793e-01
2.920690604105219967e-01 5.061548423278227071e-01
2.981476252913505820e-01 4.967868825985065628e-01
3.043526977555517377e-01 4.864582087527062892e-01
3.106869106891708698e-01 4.762895513001689785e-01
3.171529517740905302e-01 4.663334539247904198e-01
3.237535646284456226e-01 4.565854733864859738e-01
3.304915499707733462e-01 4.470412593242415467e-01
3.373697668083914247e-01 4.376965523146203463e-01
3.443911336505087739e-01 4.280908621902237976e-01
3.515586297465838617e-01 4.181940561221504926e-01
3.588752963504552862e-01 4.085260490754997753e-01
3.663442380107827523e-01 3.990815515667912039e-01
3.739686238883428437e-01 3.898553963973139802e-01
3.817516891007428637e-01 3.808425358260886795e-01
3.896967360951185122e-01 3.723351519296606016e-01
3.978071360494027653e-01 3.641134788129423150e-01
4.060863303027552607e-01 3.560733515655514769e-01
4.145378318157649788e-01 3.482107614045794608e-01
4.231652266610403390e-01 3.405217880665668551e-01
4.319721755448220901e-01 3.329734346328797057e-01
4.409624153602658136e-01 3.255761825814923460e-01
4.501397607730483474e-01 3.183432659761809003e-01
4.595081058399779206e-01 3.112710339830069284e-01
4.690714256612865118e-01 3.043644144301185794e-01
4.788337780673142530e-01 2.984087591700017028e-01
4.887993053402931998e-01 2.925696412838211802e-01
4.989722359719687139e-01 2.868447804247586386e-01
5.093568864577977529e-01 2.812319408667161569e-01
5.199576631284887895e-01 2.850393583980045942e-01
5.307790640196620169e-01 2.915198526836869641e-01
5.418256807804173736e-01 2.981476838368908866e-01
5.531022006216277376e-01 3.049262016256396590e-01
5.646134083047763541e-01 3.089485739694314836e-01
5.763641881721900395e-01 3.126991597403931955e-01
5.883595262195214781e-01 3.164952770166296614e-01
6.006045122113689017e-01 3.194856804103157200e-01
6.131043418409223289e-01 3.205309423946249292e-01
6.258643189345570734e-01 3.215796241648050668e-01
6.388898577023131020e-01 3.226317369093768539e-01
6.521864850352057097e-01 3.228372067420304803e-01
6.657598428503537225e-01 3.230010434319035562e-01
6.796156904849094404e-01 3.231649632672765615e-01
6.937599071398169448e-01 3.236302752531104998e-01
7.081984943744236149e-01 3.241625457307915070e-01
7.229375786530161108e-01 3.246956916267602078e-01
7.379834139443505192e-01 3.232614332521884237e-01
7.533423843752851123e-01 3.215591333376932592e-01
7.690210069396433701e-01 3.201714635673985621e-01
7.850259342634492432e-01 3.214841998035141701e-01
8.013639574277185984e-01 3.228023183944668251e-01
8.180420088499924525e-01 3.229213571687208351e-01
8.350671652258471189e-01 3.217249926589227926e-01
8.524466505316175002e-01 3.205330604606103639e-01
8.701878390896189419e-01 3.170084996936761712e-01
8.882982586971583938e-01 3.134922478312232030e-01
9.067855938206671462e-01 3.119825120683406006e-01
9.256576888563147198e-01 3.116949144984498821e-01
9.449225514584753682e-01 3.110748799712761969e-01
9.645883559374751615e-01 3.098664018966553746e-01
9.846634467280448444e-01 3.088550213205742412e-01
1.005156341929967390e+00 3.086062555387054096e-01
1.026075736922404058e+00 3.078227446979088788e-01
1.047430508053451392e+00 3.036652558539660318e-01
1.069229716406479680e+00 2.999721542731613178e-01
1.091482611644857048e+00 2.985502959190555750e-01
1.114198635936694659e+00 2.966703261555984072e-01
1.137387427961266795e+00 2.934198286679647327e-01
1.161058826998822235e+00 2.901207476922709194e-01
1.185222877105502892e+00 2.867427349568108519e-01
1.209889831375160485e+00 2.837245067325441239e-01
1.235070156289862053e+00 2.809073349705898948e-01
1.260774536160947035e+00 2.791867420653341147e-01
1.287013877662505523e+00 2.774238689592712359e-01
1.313799314459207501e+00 2.754192553574071334e-01
1.341142211930455019e+00 2.731437040326601395e-01
1.369054171992841074e+00 2.704818199047845928e-01
1.397547038022987298e+00 2.664432918371409942e-01
1.426632899882822825e+00 2.630561702631376009e-01
1.456324099049463694e+00 2.598444074177053142e-01
1.486633233851841318e+00 2.561718634619232771e-01
1.517573164816328868e+00 2.529155036588450201e-01
1.549157020123613560e+00 2.488845898337592177e-01
1.581398201179137208e+00 2.439961304955111654e-01
1.614310388299477594e+00 2.402316222285355019e-01
1.647907546517062949e+00 2.369046569112479850e-01
1.682203931505708239e+00 2.318185473799330432e-01
1.717214095629459480e+00 2.372553691580734092e-01
1.752952894117343119e+00 2.878863764672143222e-01
1.789435491366608399e+00 5.396821990508576805e-01
1.826677367377168348e+00 inf
1.864694324319941865e+00 inf
1.903502493241907789e+00 inf
1.943118340910698461e+00 inf
1.983558676801640885e+00 inf
2.024840660230225353e+00 inf
2.066981807632997992e+00 inf
2.109999999999999876e+00 inf
