# k [Mpc^-1], sensitivity [mK^2], z=9.0, 142.0 MHz
3.500000000000000333e-02 inf
3.572842282756675397e-02 1.130107374912178546e-03
3.647200564986839699e-02 1.168520417351267193e-03
3.723106397794004319e-02 1.208239142650395677e-03
3.800591988925806214e-02 1.249307931770371645e-03
3.879690216440116746e-02 1.291772674208067039e-03
3.960434642655615706e-02 1.335680819272483735e-03
4.042859528392659524e-02 1.381081429103718852e-03
4.126999847510574859e-02 1.428025233494096321e-03
4.212891301747467149e-02 1.476564686572667297e-03
4.300570335868902916e-02 1.526754025416494822e-03
4.390074153131857948e-02 1.578649330654134392e-03
4.481440731070487210e-02 1.632308589129079788e-03
4.574708837610465956e-02 1.687791758693192156e-03
4.669918047518661214e-02 1.745160835202461168e-03
4.767108759195193973e-02 1.804479921790032000e-03
4.866322211814942678e-02 1.865815300493839281e-03
4.967600502825834929e-02 1.929235506318919147e-03
5.070986605811275694e-02 1.994811403817141164e-03
5.176524388724366293e-02 2.062616266269932941e-03
5.284258632501594166e-02 2.132725857562476138e-03
5.394235050063903719e-02 2.205218516840853210e-03
5.506500305713256382e-02 2.280175246046743914e-03
5.621102034932823344e-02 2.357679800427481352e-03
5.738088864599311806e-02 2.437818782122600208e-03
5.857510433615904094e-02 2.520681736931436323e-03
5.979417413974657397e-02 2.606361254369954535e-03
6.103861532257209149e-02 2.694953071128508397e-03
6.230895591583001519e-02 2.786556178046249981e-03
6.360573494014265528e-02 2.881272930721647148e-03
6.492950263427293978e-02 2.979209163882682622e-03
6.628082068859754428e-02 3.080474309644646008e-03
6.766026248343849636e-02 3.185181519787485659e-03
6.906841333235554103e-02 3.293447792189527212e-03
7.050587073050135212e-02 3.405394101558697605e-03
7.197324460814619185e-02 3.545569292263324370e-03
7.347115758947816988e-02 3.715357273161760000e-03
7.500024525679045706e-02 3.893275953556175287e-03
7.656115642016625422e-02 4.079714691244133891e-03
7.815455339277647961e-02 4.275081489343247367e-03
7.978111227190747001e-02 4.479803889166533888e-03
8.144152322583671222e-02 4.694329905855098087e-03
8.313649078667982584e-02 4.919129008815943151e-03
8.486673414933156023e-02 5.154693149110215616e-03
8.663298747662909194e-02 5.401537836040525530e-03
8.843600021086570062e-02 5.660203265293039208e-03
9.027653739178835568e-02 5.931255501103491895e-03
9.215537998121303698e-02 6.215287715033871417e-03
9.407332519439604024e-02 6.512921484070960908e-03
9.603118683830201563e-02 6.824808150887320783e-03
9.802979565691193053e-02 7.151630249241705366e-03
1.000699996837176586e-01 7.494102997638006809e-03
1.021526646015524509e-01 7.852975864511706899e-03
1.042786741099108044e-01 8.229034208368943282e-03
1.064489302999123421e-01 8.623100996467519472e-03
1.086643540370700461e-01 9.079358016346820645e-03
1.109258853520242866e-01 9.568891716518741417e-03
1.132344838394090808e-01 1.008481971055731445e-02
1.155911290650195183e-01 1.062856510528536504e-02
1.179968209814531294e-01 1.120162773748256332e-02
1.204525803524016392e-01 1.180558831095101548e-02
1.229594491857733396e-01 1.244211275663990694e-02
1.255184911758291388e-01 1.311295682785596460e-02
1.281307921545208894e-01 1.381997094323476373e-02
1.307974605522227440e-01 1.456510529083175805e-02
1.335196278680513826e-01 1.535041520741144312e-02
1.362984491499744655e-01 1.617806684777301635e-02
1.391351034849112878e-01 1.705034315975013579e-02
1.420307944990333859e-01 1.796965018136617229e-02
1.449867508684773432e-01 1.902386218437582613e-02
1.480042268406868700e-01 2.015377493359688660e-02
1.510845027666047613e-01 2.135079828362439203e-02
1.542288856439409939e-01 2.261891823492050146e-02
1.574387096717475842e-01 2.396235753444485306e-02
1.607153368165349372e-01 2.538558973709397620e-02
1.640601573901705190e-01 2.689335410231291634e-02
1.674745906398046880e-01 2.849067137548350059e-02
1.709600853500741757e-01 3.018286050664033618e-02
1.745181204578385992e-01 3.197555636218659542e-02
1.781502056797110434e-01 3.388039732863258602e-02
1.818578821526486422e-01 3.606811545700725624e-02
1.856427230878753554e-01 3.839709847560133366e-02
1.895063344384143311e-01 4.087646811218673126e-02
1.934503555805126840e-01 4.351593510088657552e-02
1.974764600092484834e-01 4.632583721537359561e-02
2.015863560486145234e-01 4.931717975794044223e-02
2.057817875763805759e-01 5.250167866302200143e-02
2.100645347640413829e-01 5.589180638398957846e-02
2.144364148321648011e-01 5.954519439643352063e-02
2.188992828214597897e-01 6.364862879753757641e-02
2.234550323798925042e-01 6.803484292679336243e-02
2.281055965661834550e-01 7.272332396660399767e-02
2.328529486700275375e-01 7.773490201840178859e-02
2.376991030493841028e-01 8.309184264714665480e-02
2.426461159851931171e-01 8.881794580333771116e-02
2.476960865538796186e-01 9.493865156203183664e-02
2.528511575180167337e-01 1.011845981562640162e-01
2.581135162355253088e-01 1.077059691911051859e-01
2.634853955877961562e-01 1.146476441155599296e-01
2.689690749271278492e-01 1.220367116136920477e-01
2.745668810438831597e-01 1.299020062415932597e-01
2.802811891537738131e-01 1.382742209492448804e-01
2.861144239056928607e-01 1.473060901420559232e-01
2.920690604105219967e-01 1.573905235939083436e-01
2.981476252913505820e-01 1.681653276743394210e-01
3.043526977555517377e-01 1.796777644935192708e-01
3.106869106891708698e-01 1.919783316802874118e-01
3.171529517740905302e-01 2.051209838826539844e-01
3.237535646284456226e-01 2.189389324407431114e-01
3.304915499707733462e-01 2.334473296022886446e-01
3.373697668083914247e-01 2.489171527918618565e-01
3.443911336505087739e-01 2.654121127003874481e-01
3.515586297465838617e-01 2.830001419266846008e-01
3.588752963504552862e-01 3.018277577513385768e-01
3.663442380107827523e-01 3.220347912391604006e-01
3.739686238883428437e-01 3.435946631982343957e-01
3.817516891007428637e-01 3.665979446631670857e-01
3.896967360951185122e-01 3.911412702988365520e-01
3.978071360494027653e-01 4.162185219731224239e-01
4.060863303027552607e-01 4.425250128279741846e-01
4.145378318157649788e-01 4.704941674629377069e-01
4.231652266610403390e-01 5.002310721421207029e-01
4.319721755448220901e-01 5.328533083814622762e-01
4.409624153602658136e-01 5.685446292322033912e-01
4.501397607730483474e-01 6.066266087577296684e-01
4.595081058399779206e-01 6.472593768933632141e-01
4.690714256612865118e-01 6.895646199945070220e-01
4.788337780673142530e-01 7.340253685158690811e-01
4.887993053402931998e-01 7.813527927653081129e-01
4.989722359719687139e-01 8.316503313377503481e-01
5.093568864577977529e-01 8.835088463964636540e-01
5.199576631284887895e-01 9.386010589392712600e-01
5.307790640196620169e-01 9.971286099002990566e-01
5.418256807804173736e-01 1.062398765262082101e+00
5.531022006216277376e-01 1.133358955858343897e+00
5.646134083047763541e-01 1.209058749712911940e+00
5.763641881721900395e-01 1.286120918498466326e+00
5.883595262195214781e-01 1.365095597512539172e+00
6.006045122113689017e-01 1.448919742728171922e+00
6.131043418409223289e-01 1.543231614139365382e+00
6.258643189345570734e-01 1.647129141117138262e+00
6.388898577023131020e-01 1.758021532646154794e+00
6.521864850352057097e-01 1.870387091421148451e+00
6.657598428503537225e-01 1.988797881657950128e+00
6.796156904849094404e-01 2.114255527333723794e+00
6.937599071398169448e-01 2.245969060512762905e+00
7.081984943744236149e-01 2.385888061100169821e+00
7.229375786530161108e-01 2.537399477802595449e+00
7.379834139443505192e-01 2.699644533059713858e+00
7.533423843752851123e-01 2.875158706972747780e+00
7.690210069396433701e-01 3.067458533499883622e+00
7.850259342634492432e-01 3.270996551880651637e+00
8.013639574277185984e-01 3.473538604252553785e+00
8.180420088499924525e-01 3.688622180997333633e+00
8.350671652258471189e-01 3.924930190605414815e+00
8.524466505316175002e-01 4.176835142873144946e+00
8.701878390896189419e-01 4.446350602800897001e+00
8.882982586971583938e-01 4.733461931286186086e+00
9.067855938206671462e-01 5.034760375504158780e+00
9.256576888563147198e-01 5.354725827136243232e+00
9.449225514584753682e-01 5.698073345389485844e+00
9.645883559374751615e-01 6.062823247537034277e+00
9.846634467280448444e-01 6.447538457427156366e+00
1.005156341929967390e+00 6.858649124106722894e+00
1.026075736922404058e+00 7.299156962510386037e+00
1.047430508053451392e+00 7.755260185393828998e+00
1.069229716406479680e+00 8.235642429064446546e+00
1.091482611644857048e+00 8.780501125349069014e+00
1.114198635936694659e+00 9.348697038718613683e+00
1.137387427961266795e+00 9.937631249795535027e+00
1.161058826998822235e+00 1.056593449060471634e+01
1.185222877105502892e+00 1.123631065363615811e+01
1.209889831375160485e+00 1.195231754734717633e+01
1.235070156289862053e+00 1.271928530940750157e+01
1.260774536160947035e+00 1.353186397894408266e+01
1.287013877662505523e+00 1.439151969172816337e+01
1.313799314459207501e+00 1.529820195245343584e+01
1.341142211930455019e+00 1.628284624196213670e+01
1.369054171992841074e+00 1.731702035237922033e+01
1.397547038022987298e+00 1.841306415223647264e+01
1.426632899882822825e+00 2.200865303278769858e+01
1.456324099049463694e+00 9.450334458468711318e+01
1.486633233851841318e+00 inf
1.517573164816328868e+00 inf
1.549157020123613560e+00 inf
1.581398201179137208e+00 inf
1.614310388299477594e+00 inf
1.647907546517062949e+00 inf
1.682203931505708239e+00 inf
1.717214095629459480e+00 inf
1.752952894117343119e+00 inf
1.789435491366608399e+00 inf
1.826677367377168348e+00 inf
1.864694324319941865e+00 inf
1.903502493241907789e+00 inf
1.943118340910698461e+00 inf
1.983558676801640885e+00 inf
2.024840660230225353e+00 inf
2.066981807632997992e+00 inf
2.109999999999999876e+00 inf
