# k [Mpc^-1], sensitivity [mK^2], z=6.0, 202.9 MHz
3.500000000000000333e-02 inf
3.572842282756675397e-02 inf
3.647200564986839699e-02 inf
3.723106397794004319e-02 inf
3.800591988925806214e-02 inf
3.879690216440116746e-02 inf
3.960434642655615706e-02 inf
4.042859528392659524e-02 inf
4.126999847510574859e-02 inf
4.212891301747467149e-02 inf
4.300570335868902916e-02 inf
4.390074153131857948e-02 inf
4.481440731070487210e-02 inf
4.574708837610465956e-02 inf
4.669918047518661214e-02 inf
4.767108759195193973e-02 inf
4.866322211814942678e-02 inf
4.967600502825834929e-02 inf
5.070986605811275694e-02 inf
5.176524388724366293e-02 inf
5.284258632501594166e-02 inf
5.394235050063903719e-02 inf
5.506500305713256382e-02 inf
5.621102034932823344e-02 inf
5.738088864599311806e-02 inf
5.857510433615904094e-02 inf
5.979417413974657397e-02 inf
6.103861532257209149e-02 inf
6.230895591583001519e-02 inf
6.360573494014265528e-02 inf
6.492950263427293978e-02 inf
6.628082068859754428e-02 inf
6.766026248343849636e-02 inf
6.906841333235554103e-02 inf
7.050587073050135212e-02 inf
7.197324460814619185e-02 inf
7.347115758947816988e-02 inf
7.500024525679045706e-02 inf
7.656115642016625422e-02 inf
7.815455339277647961e-02 inf
7.978111227190747001e-02 inf
8.144152322583671222e-02 inf
8.313649078667982584e-02 inf
8.486673414933156023e-02 inf
8.663298747662909194e-02 inf
8.843600021086570062e-02 inf
9.027653739178835568e-02 inf
9.215537998121303698e-02 inf
9.407332519439604024e-02 inf
9.603118683830201563e-02 inf
9.802979565691193053e-02 inf
1.000699996837176586e-01 inf
1.021526646015524509e-01 inf
1.042786741099108044e-01 inf
1.064489302999123421e-01 inf
1.086643540370700461e-01 inf
1.109258853520242866e-01 inf
1.132344838394090808e-01 inf
1.155911290650195183e-01 inf
1.179968209814531294e-01 inf
1.204525803524016392e-01 inf
1.229594491857733396e-01 inf
1.255184911758291388e-01 inf
1.281307921545208894e-01 6.658857367941041439e+00
1.307974605522227440e-01 6.596770773411081201e+00
1.335196278680513826e-01 6.535263068772783512e+00
1.362984491499744655e-01 6.474328856508227759e+00
1.391351034849112878e-01 6.413962789425469602e+00
1.420307944990333859e-01 6.354159570189307438e+00
1.449867508684773432e-01 6.294913950856424023e+00
1.480042268406868700e-01 6.236220732414854417e+00
1.510845027666047613e-01 6.178074764327766033e+00
1.542288856439409939e-01 6.120470944081469966e+00
1.574387096717475842e-01 6.063404216737663610e+00
1.607153368165349372e-01 6.006869574489839714e+00
1.640601573901705190e-01 5.950862056223830798e+00
1.674745906398046880e-01 5.895376747082460511e+00
1.709600853500741757e-01 5.822594892545922995e+00
1.745181204578385992e-01 5.624283766690873598e+00
1.781502056797110434e-01 5.432726897891939188e+00
1.818578821526486422e-01 5.247694243643019618e+00
1.856427230878753554e-01 5.068963596430692498e+00
1.895063344384143311e-01 4.896320316883056911e+00
1.934503555805126840e-01 4.729557076007221639e+00
1.974764600092484834e-01 4.568473606205905035e+00
2.015863560486145234e-01 4.412876460774129761e+00
2.057817875763805759e-01 4.262578781587190058e+00
2.100645347640413829e-01 4.117400074700923618e+00
2.144364148321648011e-01 3.982716058950369842e+00
2.188992828214597897e-01 3.865755172380103577e+00
2.234550323798925042e-01 3.752229089794057781e+00
2.281055965661834550e-01 3.642036940903403242e+00
2.328529486700275375e-01 3.535080817688838195e+00
2.376991030493841028e-01 3.431265687407269560e+00
2.426461159851931171e-01 3.330499308153244797e+00
2.476960865538796186e-01 3.232692146900095764e+00
2.528511575180167337e-01 3.137757299947983469e+00
2.581135162355253088e-01 3.041278002172557837e+00
2.634853955877961562e-01 2.942354835848460581e+00
2.689690749271278492e-01 2.846649327636705085e+00
2.745668810438831597e-01 2.754056817283153880e+00
2.802811891537738131e-01 2.664476048801120989e+00
2.861144239056928607e-01 2.577809059741310804e+00
2.920690604105219967e-01 2.493961074063449690e+00
2.981476252913505820e-01 2.412840398492466676e+00
3.043526977555517377e-01 2.357871439026799187e+00
3.106869106891708698e-01 2.305294464909277696e+00
3.171529517740905302e-01 2.253889877954855514e+00
3.237535646284456226e-01 2.203631535699397848e+00
3.304915499707733462e-01 2.154493878616260627e+00
3.373697668083914247e-01 2.106451917117663886e+00
3.443911336505087739e-01 2.054638709351827242e+00
3.515586297465838617e-01 1.998795232209270134e+00
3.588752963504552862e-01 1.944469537207767385e+00
3.663442380107827523e-01 1.891620372212858170e+00
3.739686238883428437e-01 1.840207606290918285e+00
3.817516891007428637e-01 1.790192199235783876e+00
3.896967360951185122e-01 1.745495686772184030e+00
3.978071360494027653e-01 1.703187907228623565e+00
4.060863303027552607e-01 1.661905594676172271e+00
4.145378318157649788e-01 1.621623893578537645e+00
4.231652266610403390e-01 1.582318550854396433e+00
4.319721755448220901e-01 1.538142675049008146e+00
4.409624153602658136e-01 1.491989101574848986e+00
4.501397607730483474e-01 1.447220414157744495e+00
4.595081058399779206e-01 1.403795057848711503e+00
4.690714256612865118e-01 1.361985824289175806e+00
4.788337780673142530e-01 1.350873409245832990e+00
4.887993053402931998e-01 1.339851660174113057e+00
4.989722359719687139e-01 1.328919837332170673e+00
5.093568864577977529e-01 1.318077207013698793e+00
5.199576631284887895e-01 1.277717571899271043e+00
5.307790640196620169e-01 1.230900305793144023e+00
5.418256807804173736e-01 1.185798486397509288e+00
5.531022006216277376e-01 1.142349257470185897e+00
5.646134083047763541e-01 1.123065125452456403e+00
5.763641881721900395e-01 1.106591981554893023e+00
5.883595262195214781e-01 1.090360466093401648e+00
6.006045122113689017e-01 1.069052238942528099e+00
6.131043418409223289e-01 1.036246305427922954e+00
6.258643189345570734e-01 1.004447085368995740e+00
6.388898577023131020e-01 9.736236858182415466e-01
6.521864850352057097e-01 9.489676893943244096e-01
6.657598428503537225e-01 9.251870241124326988e-01
6.796156904849094404e-01 9.020022906494745696e-01
6.937599071398169448e-01 8.705892827260580669e-01
7.081984943744236149e-01 8.384148818462808794e-01
7.229375786530161108e-01 8.074295515104585874e-01
7.379834139443505192e-01 7.867975573536720724e-01
7.533423843752851123e-01 7.679619772409111977e-01
7.690210069396433701e-01 7.499552268970930413e-01
7.850259342634492432e-01 7.356307320915332904e-01
8.013639574277185984e-01 7.215798418213844601e-01
8.180420088499924525e-01 7.003277095120179485e-01
8.350671652258471189e-01 6.718438308337362219e-01
8.524466505316175002e-01 6.445184545730225922e-01
8.701878390896189419e-01 6.270205909419935830e-01
8.882982586971583938e-01 6.101106847622866924e-01
9.067855938206671462e-01 5.917030388899557902e-01
9.256576888563147198e-01 5.726842324539351825e-01
9.449225514584753682e-01 5.565313808361473935e-01
9.645883559374751615e-01 5.447530858046989444e-01
9.846634467280448444e-01 5.320122947185097484e-01
1.005156341929967390e+00 5.149173182398543158e-01
1.026075736922404058e+00 4.984978127522075586e-01
1.047430508053451392e+00 4.833803420833276410e-01
1.069229716406479680e+00 4.681242354929044946e-01
1.091482611644857048e+00 4.501845536297405248e-01
1.114198635936694659e+00 4.338839367084677545e-01
1.137387427961266795e+00 4.209388695733101704e-01
1.161058826998822235e+00 4.084210214211038137e-01
1.185222877105502892e+00 3.963308937430308765e-01
1.209889831375160485e+00 3.852795018853080178e-01
1.235070156289862053e+00 3.748898045904499043e-01
1.260774536160947035e+00 3.656529216175153363e-01
1.287013877662505523e+00 3.554029656095450962e-01
1.313799314459207501e+00 3.425762952808524830e-01
1.341142211930455019e+00 3.314260634781680537e-01
1.369054171992841074e+00 3.207737374278476494e-01
1.397547038022987298e+00 3.088391374823061808e-01
1.426632899882822825e+00 2.990352836548646476e-01
1.456324099049463694e+00 2.895902610118599174e-01
1.486633233851841318e+00 2.780095608170265464e-01
1.517573164816328868e+00 2.681736496725892760e-01
1.549157020123613560e+00 2.581261908683819550e-01
1.581398201179137208e+00 2.478779176141630292e-01
1.614310388299477594e+00 2.407923992471761587e-01
1.647907546517062949e+00 2.369046569112479850e-01
1.682203931505708239e+00 2.318185473799330432e-01
1.717214095629459480e+00 2.372553691580734092e-01
1.752952894117343119e+00 2.878863764672143222e-01
1.789435491366608399e+00 5.396821990508576805e-01
1.826677367377168348e+00 inf
1.864694324319941865e+00 inf
1.903502493241907789e+00 inf
1.943118340910698461e+00 inf
1.983558676801640885e+00 inf
2.024840660230225353e+00 inf
2.066981807632997992e+00 inf
2.109999999999999876e+00 inf
