# k [Mpc^-1], sensitivity [mK^2], z=10.0, 129.1 MHz
3.500000000000000333e-02 inf
3.572842282756675397e-02 inf
3.647200564986839699e-02 inf
3.723106397794004319e-02 inf
3.800591988925806214e-02 inf
3.879690216440116746e-02 inf
3.960434642655615706e-02 inf
4.042859528392659524e-02 inf
4.126999847510574859e-02 inf
4.212891301747467149e-02 inf
4.300570335868902916e-02 inf
4.390074153131857948e-02 inf
4.481440731070487210e-02 inf
4.574708837610465956e-02 inf
4.669918047518661214e-02 inf
4.767108759195193973e-02 inf
4.866322211814942678e-02 inf
4.967600502825834929e-02 inf
5.070986605811275694e-02 inf
5.176524388724366293e-02 inf
5.284258632501594166e-02 inf
5.394235050063903719e-02 inf
5.506500305713256382e-02 inf
5.621102034932823344e-02 inf
5.738088864599311806e-02 inf
5.857510433615904094e-02 inf
5.979417413974657397e-02 inf
6.103861532257209149e-02 inf
6.230895591583001519e-02 inf
6.360573494014265528e-02 inf
6.492950263427293978e-02 inf
6.628082068859754428e-02 inf
6.766026248343849636e-02 inf
6.906841333235554103e-02 inf
7.050587073050135212e-02 inf
7.197324460814619185e-02 inf
7.347115758947816988e-02 inf
7.500024525679045706e-02 inf
7.656115642016625422e-02 inf
7.815455339277647961e-02 inf
7.978111227190747001e-02 inf
8.144152322583671222e-02 inf
8.313649078667982584e-02 inf
8.486673414933156023e-02 inf
8.663298747662909194e-02 inf
8.843600021086570062e-02 inf
9.027653739178835568e-02 inf
9.215537998121303698e-02 inf
9.407332519439604024e-02 inf
9.603118683830201563e-02 inf
9.802979565691193053e-02 inf
1.000699996837176586e-01 inf
1.021526646015524509e-01 inf
1.042786741099108044e-01 inf
1.064489302999123421e-01 inf
1.086643540370700461e-01 inf
1.109258853520242866e-01 inf
1.132344838394090808e-01 inf
1.155911290650195183e-01 inf
1.179968209814531294e-01 inf
1.204525803524016392e-01 inf
1.229594491857733396e-01 inf
1.255184911758291388e-01 inf
1.281307921545208894e-01 inf
1.307974605522227440e-01 inf
1.335196278680513826e-01 inf
1.362984491499744655e-01 1.206749255774612617e-01
1.391351034849112878e-01 1.246708127369536151e-01
1.420307944990333859e-01 1.287990149910274162e-01
1.449867508684773432e-01 1.330639136656699695e-01
1.480042268406868700e-01 1.374700351649299490e-01
1.510845027666047613e-01 1.420220557748610446e-01
1.542288856439409939e-01 1.467248066265381401e-01
1.574387096717475842e-01 1.515832788234125483e-01
1.607153368165349372e-01 1.566026287384486571e-01
1.640601573901705190e-01 1.617881834866638224e-01
1.674745906398046880e-01 1.671454465788790311e-01
1.709600853500741757e-01 1.738341512301599945e-01
1.745181204578385992e-01 1.830096231221573222e-01
1.781502056797110434e-01 1.926694030965716009e-01
1.818578821526486422e-01 2.028390543420272307e-01
1.856427230878753554e-01 2.135454893465645043e-01
1.895063344384143311e-01 2.248170411175854921e-01
1.934503555805126840e-01 2.366835381609958266e-01
1.974764600092484834e-01 2.491763834179635817e-01
2.015863560486145234e-01 2.623286373681898986e-01
2.057817875763805759e-01 2.754030769989135319e-01
2.100645347640413829e-01 2.883271626054693670e-01
2.144364148321648011e-01 3.018577482939626133e-01
2.188992828214597897e-01 3.160232958341914200e-01
2.234550323798925042e-01 3.308536026467881475e-01
2.281055965661834550e-01 3.463798644824954143e-01
2.328529486700275375e-01 3.626347410428495399e-01
2.376991030493841028e-01 3.796399346829888444e-01
2.426461159851931171e-01 3.967435581885465634e-01
2.476960865538796186e-01 4.146177379772945093e-01
2.528511575180167337e-01 4.332971893237689276e-01
2.581135162355253088e-01 4.528181915028426374e-01
2.634853955877961562e-01 4.732186582514191775e-01
2.689690749271278492e-01 4.945382114045828170e-01
2.745668810438831597e-01 5.170740166225212819e-01
2.802811891537738131e-01 5.408685893728707450e-01
2.861144239056928607e-01 5.657581343596321810e-01
2.920690604105219967e-01 5.917930397200960035e-01
2.981476252913505820e-01 6.190260123392754554e-01
3.043526977555517377e-01 6.475121845534143050e-01
3.106869106891708698e-01 6.796272320682993362e-01
3.171529517740905302e-01 7.138786200997963016e-01
3.237535646284456226e-01 7.498561861399553052e-01
3.304915499707733462e-01 7.876469249264742567e-01
3.373697668083914247e-01 8.273422154982928989e-01
3.443911336505087739e-01 8.659476763950071376e-01
3.515586297465838617e-01 9.049897919187701589e-01
3.588752963504552862e-01 9.457921601992772542e-01
3.663442380107827523e-01 9.884341439894458459e-01
3.739686238883428437e-01 1.033408033168754736e+00
3.817516891007428637e-01 1.085668312564088689e+00
3.896967360951185122e-01 1.140571436523057480e+00
3.978071360494027653e-01 1.198251055831085932e+00
4.060863303027552607e-01 1.258847580101822405e+00
4.145378318157649788e-01 1.318990474302071059e+00
4.231652266610403390e-01 1.381365028616743595e+00
4.319721755448220901e-01 1.446689251713527913e+00
4.409624153602658136e-01 1.515102632299317298e+00
4.501397607730483474e-01 1.591869456726829002e+00
4.595081058399779206e-01 1.672717404975357924e+00
4.690714256612865118e-01 1.757671462998386724e+00
4.788337780673142530e-01 1.847676257898952290e+00
4.887993053402931998e-01 1.943619954491414115e+00
4.989722359719687139e-01 2.044545688860501365e+00
5.093568864577977529e-01 2.150736015214850028e+00
5.199576631284887895e-01 2.263772955100008755e+00
5.307790640196620169e-01 2.382750814599764233e+00
5.418256807804173736e-01 2.507981832579589732e+00
5.531022006216277376e-01 2.642834699964033973e+00
5.646134083047763541e-01 2.785353712111674707e+00
5.763641881721900395e-01 2.935558285835990322e+00
5.883595262195214781e-01 3.095009344766773474e+00
6.006045122113689017e-01 3.263195528114372301e+00
6.131043418409223289e-01 3.440468930013050208e+00
6.258643189345570734e-01 3.627098771476767070e+00
6.388898577023131020e-01 3.823852435719683029e+00
6.521864850352057097e-01 4.036232965164496811e+00
6.657598428503537225e-01 4.264824593250824414e+00
6.796156904849094404e-01 4.506977389615534513e+00
6.937599071398169448e-01 4.774665593389065599e+00
7.081984943744236149e-01 5.058252917181384589e+00
7.229375786530161108e-01 5.352508933146871151e+00
7.379834139443505192e-01 5.660862402174974939e+00
7.533423843752851123e-01 5.984715269278850336e+00
7.690210069396433701e-01 6.323861302728368550e+00
7.850259342634492432e-01 6.685362123173859139e+00
8.013639574277185984e-01 7.076625171368426948e+00
8.180420088499924525e-01 7.492974246090623680e+00
8.350671652258471189e-01 7.943026045374423028e+00
8.524466505316175002e-01 8.415652797091544457e+00
8.701878390896189419e-01 8.899612892689702903e+00
8.882982586971583938e-01 9.427482924432284861e+00
9.067855938206671462e-01 1.002376076326745036e+01
9.256576888563147198e-01 1.064740140422926729e+01
9.449225514584753682e-01 1.129808770955253117e+01
9.645883559374751615e-01 1.197739081692123619e+01
9.846634467280448444e-01 1.269347229091320095e+01
1.005156341929967390e+00 1.349639919413822930e+01
1.026075736922404058e+00 1.434920814282982882e+01
1.047430508053451392e+00 1.525424858416740470e+01
1.069229716406479680e+00 1.619542754733517143e+01
1.091482611644857048e+00 1.719843829147525938e+01
1.114198635936694659e+00 1.829877494851380604e+01
1.137387427961266795e+00 1.944078343687823818e+01
1.161058826998822235e+00 2.065531701954267518e+01
1.185222877105502892e+00 2.197647232675025109e+01
1.209889831375160485e+00 2.336234079474829883e+01
1.235070156289862053e+00 2.483678910481329538e+01
1.260774536160947035e+00 2.641547585563585443e+01
1.287013877662505523e+00 2.812823656603377387e+01
1.313799314459207501e+00 2.989893210243305788e+01
1.341142211930455019e+00 3.179153894305517980e+01
1.369054171992841074e+00 6.470226031218712137e+01
1.397547038022987298e+00 inf
1.426632899882822825e+00 inf
1.456324099049463694e+00 inf
1.486633233851841318e+00 inf
1.517573164816328868e+00 inf
1.549157020123613560e+00 inf
1.581398201179137208e+00 inf
1.614310388299477594e+00 inf
1.647907546517062949e+00 inf
1.682203931505708239e+00 inf
1.717214095629459480e+00 inf
1.752952894117343119e+00 inf
1.789435491366608399e+00 inf
1.826677367377168348e+00 inf
1.864694324319941865e+00 inf
1.903502493241907789e+00 inf
1.943118340910698461e+00 inf
1.983558676801640885e+00 inf
2.024840660230225353e+00 inf
2.066981807632997992e+00 inf
2.109999999999999876e+00 inf
