# k [Mpc^-1], sensitivity [mK^2], z=9.0, 142.0 MHz
3.500000000000000333e-02 inf
3.572842282756675397e-02 2.783162148274352377e-01
3.647200564986839699e-02 2.804708273950026753e-01
3.723106397794004319e-02 2.826421201093563540e-01
3.800591988925806214e-02 2.848302221015062696e-01
3.879690216440116746e-02 2.870352635021427568e-01
3.960434642655615706e-02 2.892573754493759086e-01
4.042859528392659524e-02 2.914966900965343943e-01
4.126999847510574859e-02 2.937533406200252273e-01
4.212891301747467149e-02 2.960274612272534300e-01
4.300570335868902916e-02 2.983191871646042048e-01
4.390074153131857948e-02 3.006286547254859443e-01
4.481440731070487210e-02 3.029560012584360251e-01
4.574708837610465956e-02 3.053013651752892188e-01
4.669918047518661214e-02 3.076648859594089402e-01
4.767108759195193973e-02 3.100467041739832230e-01
4.866322211814942678e-02 3.124469614703836440e-01
4.967600502825834929e-02 3.148658005965904172e-01
5.070986605811275694e-02 3.173033654056808262e-01
5.176524388724366293e-02 3.197598008643852685e-01
5.284258632501594166e-02 3.222352530617085264e-01
5.394235050063903719e-02 3.247298692176178170e-01
5.506500305713256382e-02 3.272437976917982883e-01
5.621102034932823344e-02 3.297771879924762950e-01
5.738088864599311806e-02 3.323301907853111192e-01
5.857510433615904094e-02 3.349029579023548031e-01
5.979417413974657397e-02 3.374956423510828696e-01
6.103861532257209149e-02 3.401083983234926555e-01
6.230895591583001519e-02 3.427413812052747533e-01
6.360573494014265528e-02 3.453947475850532300e-01
6.492950263427293978e-02 3.480686552636984010e-01
6.628082068859754428e-02 3.507632632637118775e-01
6.766026248343849636e-02 3.534787318386834465e-01
6.906841333235554103e-02 3.562152224828224467e-01
7.050587073050135212e-02 3.589728979405610310e-01
7.197324460814619185e-02 3.635930940913798537e-01
7.347115758947816988e-02 3.700181939881659887e-01
7.500024525679045706e-02 3.765568326439509561e-01
7.656115642016625422e-02 3.832110164166129262e-01
7.815455339277647961e-02 3.899827871186353212e-01
7.978111227190747001e-02 3.968742226436308140e-01
8.144152322583671222e-02 4.038874376039341962e-01
8.313649078667982584e-02 4.110245839794649525e-01
8.486673414933156023e-02 4.182878517780532768e-01
8.663298747662909194e-02 4.256794697074374745e-01
8.843600021086570062e-02 4.332017058591336456e-01
9.027653739178835568e-02 4.408568684043923658e-01
9.215537998121303698e-02 4.486473063024529195e-01
9.407332519439604024e-02 4.565754100213120226e-01
9.603118683830201563e-02 4.646436122712307992e-01
9.802979565691193053e-02 4.728543887512040578e-01
1.000699996837176586e-01 4.812102589086189597e-01
1.021526646015524509e-01 4.897137867123377286e-01
1.042786741099108044e-01 4.983675814394439296e-01
1.064489302999123421e-01 5.071742984758885742e-01
1.086643540370700461e-01 5.150906802927889272e-01
1.109258853520242866e-01 5.229187263163879162e-01
1.132344838394090808e-01 5.308657383917757544e-01
1.155911290650195183e-01 5.389335244952256909e-01
1.179968209814531294e-01 5.471239200795741109e-01
1.204525803524016392e-01 5.554387884917929563e-01
1.229594491857733396e-01 5.638800213969086261e-01
1.255184911758291388e-01 5.724495392083627232e-01
1.281307921545208894e-01 5.811492915249139024e-01
1.307974605522227440e-01 5.899812575741795184e-01
1.335196278680513826e-01 5.989474466629169935e-01
1.362984491499744655e-01 6.080498986341492662e-01
1.391351034849112878e-01 6.172906843312372382e-01
1.420307944990333859e-01 6.266719060690041365e-01
1.449867508684773432e-01 6.320322443844813565e-01
1.480042268406868700e-01 6.367986151050847310e-01
1.510845027666047613e-01 6.416009306529467660e-01
1.542288856439409939e-01 6.464394621002692576e-01
1.574387096717475842e-01 6.513144825635021062e-01
1.607153368165349372e-01 6.562262672187595403e-01
1.640601573901705190e-01 6.611750933173528022e-01
1.674745906398046880e-01 6.661612402014396306e-01
1.709600853500741757e-01 6.711849893197923134e-01
1.745181204578385992e-01 6.762466242436843133e-01
1.781502056797110434e-01 6.812589489880060967e-01
1.818578821526486422e-01 6.838335793668136597e-01
1.856427230878753554e-01 6.864179398513281516e-01
1.895063344384143311e-01 6.890120672138017044e-01
1.934503555805126840e-01 6.916159983654567300e-01
1.974764600092484834e-01 6.942297703570116107e-01
2.015863560486145234e-01 6.968534203792078330e-01
2.057817875763805759e-01 6.994869857633387866e-01
2.100645347640413829e-01 7.021305039817812288e-01
2.144364148321648011e-01 7.041393712682512129e-01
2.188992828214597897e-01 7.032769775307591287e-01
2.234550323798925042e-01 7.024156400088243934e-01
2.281055965661834550e-01 7.015553574088483346e-01
2.328529486700275375e-01 7.006961284388169009e-01
2.376991030493841028e-01 6.998379518082981088e-01
2.426461159851931171e-01 6.989808262284405993e-01
2.476960865538796186e-01 6.981247504119716396e-01
2.528511575180167337e-01 6.973377050479251382e-01
2.581135162355253088e-01 6.965807198819075063e-01
2.634853955877961562e-01 6.958245564505207703e-01
2.689690749271278492e-01 6.950692138617421412e-01
2.745668810438831597e-01 6.943146912245177216e-01
2.802811891537738131e-01 6.935609876487603964e-01
2.861144239056928607e-01 6.931237143434737513e-01
2.920690604105219967e-01 6.938265729807411297e-01
2.981476252913505820e-01 6.945301443482957415e-01
3.043526977555517377e-01 6.952344291688781208e-01
3.106869106891708698e-01 6.959394281659617709e-01
3.171529517740905302e-01 6.966451420637537195e-01
3.237535646284456226e-01 7.044137547827824530e-01
3.304915499707733462e-01 7.195151358553719678e-01
3.373697668083914247e-01 7.349402637440211050e-01
3.443911336505087739e-01 7.506960790060475119e-01
3.515586297465838617e-01 7.667896709920031251e-01
3.588752963504552862e-01 7.832820553282877629e-01
3.663442380107827523e-01 8.002173271071572058e-01
3.739686238883428437e-01 8.175187548936523330e-01
3.817516891007428637e-01 8.351942553143076875e-01
3.896967360951185122e-01 8.532519161603356883e-01
3.978071360494027653e-01 8.690362013697726651e-01
4.060863303027552607e-01 8.842426140723590455e-01
4.145378318157649788e-01 8.997151088862739288e-01
4.231652266610403390e-01 9.154583417215836905e-01
4.319721755448220901e-01 9.291515520360540403e-01
4.409624153602658136e-01 9.409837682580605156e-01
4.501397607730483474e-01 9.529666610197738974e-01
4.595081058399779206e-01 9.651021491011757547e-01
4.690714256612865118e-01 9.792695223367287038e-01
4.788337780673142530e-01 9.946865212809220536e-01
4.887993053402931998e-01 1.010346235689064232e+00
4.989722359719687139e-01 1.025973267031487612e+00
5.093568864577977529e-01 1.036363882776434098e+00
5.199576631284887895e-01 1.046859730206287198e+00
5.307790640196620169e-01 1.057461875062268186e+00
5.418256807804173736e-01 1.064976623855200089e+00
5.531022006216277376e-01 1.071166605842612807e+00
5.646134083047763541e-01 1.077392565969025107e+00
5.763641881721900395e-01 1.085383195045003912e+00
5.883595262195214781e-01 1.094767487254721283e+00
6.006045122113689017e-01 1.104232916652373220e+00
6.131043418409223289e-01 1.118971611454596449e+00
6.258643189345570734e-01 1.137097869053411481e+00
6.388898577023131020e-01 1.155517754489765458e+00
6.521864850352057097e-01 1.168413082790962454e+00
6.657598428503537225e-01 1.180403656859806638e+00
6.796156904849094404e-01 1.192355730116349433e+00
6.937599071398169448e-01 1.203862453990334425e+00
7.081984943744236149e-01 1.215480222488811712e+00
7.229375786530161108e-01 1.220663819715529064e+00
7.379834139443505192e-01 1.223489349409869975e+00
7.533423843752851123e-01 1.231546069204190852e+00
7.690210069396433701e-01 1.248864757791761759e+00
7.850259342634492432e-01 1.264939189776584039e+00
8.013639574277185984e-01 1.268637309880761954e+00
8.180420088499924525e-01 1.272346241644832787e+00
8.350671652258471189e-01 1.286783567702759479e+00
8.524466505316175002e-01 1.301976908634522978e+00
8.701878390896189419e-01 1.306762267487882268e+00
8.882982586971583938e-01 1.310153545286638632e+00
9.067855938206671462e-01 1.323864245413979290e+00
9.256576888563147198e-01 1.338875139061989072e+00
9.449225514584753682e-01 1.348049895416058463e+00
9.645883559374751615e-01 1.358434886599388935e+00
9.846634467280448444e-01 1.374912286567433473e+00
1.005156341929967390e+00 1.393077878040297035e+00
1.026075736922404058e+00 1.413761202813223150e+00
1.047430508053451392e+00 1.423983253994231202e+00
1.069229716406479680e+00 1.430118388941423735e+00
1.091482611644857048e+00 1.447412187108223280e+00
1.114198635936694659e+00 1.461217997214190323e+00
1.137387427961266795e+00 1.470739795625578550e+00
1.161058826998822235e+00 1.480369716712446992e+00
1.185222877105502892e+00 1.490834284295120105e+00
1.209889831375160485e+00 1.502431087242821039e+00
1.235070156289862053e+00 1.515985257892076943e+00
1.260774536160947035e+00 1.528662793870970482e+00
1.287013877662505523e+00 1.540051003834153942e+00
1.313799314459207501e+00 1.549152889146416801e+00
1.341142211930455019e+00 1.565582900738208050e+00
1.369054171992841074e+00 1.577152295488353229e+00
1.397547038022987298e+00 1.587697956774618335e+00
1.426632899882822825e+00 1.643191337314384715e+00
1.456324099049463694e+00 2.188314078551102604e+00
1.486633233851841318e+00 inf
1.517573164816328868e+00 inf
1.549157020123613560e+00 inf
1.581398201179137208e+00 inf
1.614310388299477594e+00 inf
1.647907546517062949e+00 inf
1.682203931505708239e+00 inf
1.717214095629459480e+00 inf
1.752952894117343119e+00 inf
1.789435491366608399e+00 inf
1.826677367377168348e+00 inf
1.864694324319941865e+00 inf
1.903502493241907789e+00 inf
1.943118340910698461e+00 inf
1.983558676801640885e+00 inf
2.024840660230225353e+00 inf
2.066981807632997992e+00 inf
2.109999999999999876e+00 inf
