# k [Mpc^-1], sensitivity [mK^2], z=11.0, 118.4 MHz
3.500000000000000333e-02 3.164757241795760744e-03
3.572842282756675397e-02 3.270086288631526839e-03
3.647200564986839699e-02 3.378920883368669113e-03
3.723106397794004319e-02 3.491377697205278689e-03
3.800591988925806214e-02 3.607577284375392424e-03
3.879690216440116746e-02 3.727644211383674029e-03
3.960434642655615706e-02 3.851707190541319922e-03
4.042859528392659524e-02 3.979899217946234261e-03
4.126999847510574859e-02 4.112357716055504465e-03
4.212891301747467149e-02 4.249224681002887125e-03
4.300570335868902916e-02 4.390646834819362729e-03
4.390074153131857948e-02 4.536775782719834095e-03
4.481440731070487210e-02 4.687768175624612219e-03
4.574708837610465956e-02 4.843785878089975488e-03
4.669918047518661214e-02 5.004996141827698294e-03
4.767108759195193973e-02 5.171571784999705670e-03
4.866322211814942678e-02 5.343691377479946845e-03
4.967600502825834929e-02 5.521539432282119610e-03
5.070986605811275694e-02 5.705306603358524867e-03
5.176524388724366293e-02 5.895189889981979070e-03
5.284258632501594166e-02 6.091392847929973792e-03
5.394235050063903719e-02 6.294125807697405726e-03
5.506500305713256382e-02 6.503606099971896530e-03
5.621102034932823344e-02 6.720058288613265339e-03
5.738088864599311806e-02 6.943714411387097267e-03
5.857510433615904094e-02 7.174814228710266716e-03
5.979417413974657397e-02 7.413605480675285360e-03
6.103861532257209149e-02 7.660344152628795374e-03
6.230895591583001519e-02 7.915294749589116274e-03
6.360573494014265528e-02 8.178730579796846326e-03
6.492950263427293978e-02 8.450934047702562610e-03
6.628082068859754428e-02 8.866842982210158472e-03
6.766026248343849636e-02 9.312364527192773869e-03
6.906841333235554103e-02 9.780271654895408839e-03
7.050587073050135212e-02 1.027168914664314085e-02
7.197324460814619185e-02 1.078779829928914503e-02
7.347115758947816988e-02 1.132983976488213113e-02
7.500024525679045706e-02 1.189911653301516797e-02
7.656115642016625422e-02 1.249699706302493003e-02
7.815455339277647961e-02 1.312491857357075097e-02
7.978111227190747001e-02 1.378439049750131151e-02
8.144152322583671222e-02 1.447699811031364844e-02
8.313649078667982584e-02 1.520440634092716861e-02
8.486673414933156023e-02 1.596836377393279910e-02
8.663298747662909194e-02 1.677070685293855293e-02
8.843600021086570062e-02 1.761336429511525109e-02
9.027653739178835568e-02 1.849836172755487534e-02
9.215537998121303698e-02 1.942782655658620641e-02
9.407332519439604024e-02 2.040399308175311344e-02
9.603118683830201563e-02 2.142920786674880340e-02
9.802979565691193053e-02 2.254922836367555597e-02
1.000699996837176586e-01 2.386107746108332567e-02
1.021526646015524509e-01 2.524924615695421648e-02
1.042786741099108044e-01 2.671817450549958742e-02
1.064489302999123421e-01 2.827256087048424238e-02
1.086643540370700461e-01 2.991737695293155211e-02
1.109258853520242866e-01 3.165788369309716077e-02
1.132344838394090808e-01 3.349964809757365047e-02
1.155911290650195183e-01 3.544856104534761798e-02
1.179968209814531294e-01 3.751085612976189088e-02
1.204525803524016392e-01 3.969312959664864776e-02
1.229594491857733396e-01 4.200236144240591246e-02
1.255184911758291388e-01 4.444593773949892523e-02
1.281307921545208894e-01 4.703167426079505470e-02
1.307974605522227440e-01 4.981524749305010769e-02
1.335196278680513826e-01 5.288715181873765436e-02
1.362984491499744655e-01 5.614848802845815584e-02
1.391351034849112878e-01 5.961093761840548233e-02
1.420307944990333859e-01 6.328690243527838877e-02
1.449867508684773432e-01 6.718954909737551162e-02
1.480042268406868700e-01 7.133285615495903176e-02
1.510845027666047613e-01 7.573166415880638880e-02
1.542288856439409939e-01 8.040172881628718238e-02
1.574387096717475842e-01 8.535977742535949542e-02
1.607153368165349372e-01 9.062356878862168341e-02
1.640601573901705190e-01 9.644395582579354254e-02
1.674745906398046880e-01 1.029332118911927968e-01
1.709600853500741757e-01 1.098590991992837856e-01
1.745181204578385992e-01 1.172509965941392618e-01
1.781502056797110434e-01 1.251402596828183056e-01
1.818578821526486422e-01 1.335603538423652537e-01
1.856427230878753554e-01 1.425469961762194371e-01
1.895063344384143311e-01 1.521383070221976608e-01
1.934503555805126840e-01 1.623749716547295552e-01
1.974764600092484834e-01 1.732995386702628482e-01
2.015863560486145234e-01 1.849585000146674041e-01
2.057817875763805759e-01 1.974018337854114569e-01
2.100645347640413829e-01 2.106823097005707524e-01
2.144364148321648011e-01 2.248562476325261794e-01
2.188992828214597897e-01 2.399837564494052000e-01
2.234550323798925042e-01 2.561289889249069862e-01
2.281055965661834550e-01 2.733728447284854424e-01
2.328529486700275375e-01 2.918736693537744564e-01
2.376991030493841028e-01 3.116265587631705247e-01
2.426461159851931171e-01 3.327162478944589163e-01
2.476960865538796186e-01 3.552332062207083085e-01
2.528511575180167337e-01 3.792740258416032462e-01
2.581135162355253088e-01 4.049418358393078177e-01
2.634853955877961562e-01 4.318128721859116337e-01
2.689690749271278492e-01 4.601454550412377720e-01
2.745668810438831597e-01 4.903370265996800925e-01
2.802811891537738131e-01 5.225095608801966218e-01
2.861144239056928607e-01 5.567930349957258551e-01
2.920690604105219967e-01 5.933259542610247461e-01
2.981476252913505820e-01 6.331375336238739271e-01
3.043526977555517377e-01 6.757014354794780298e-01
3.106869106891708698e-01 7.211267784042977302e-01
3.171529517740905302e-01 7.696059283383827054e-01
3.237535646284456226e-01 8.213441833961632188e-01
3.304915499707733462e-01 8.747295955553079372e-01
3.373697668083914247e-01 9.311155966328774625e-01
3.443911336505087739e-01 9.911362993755955531e-01
3.515586297465838617e-01 1.055026000522762297e+00
3.588752963504552862e-01 1.123089307008689364e+00
3.663442380107827523e-01 1.195813640975258885e+00
3.739686238883428437e-01 1.273247154094255151e+00
3.817516891007428637e-01 1.355694783751562493e+00
3.896967360951185122e-01 1.443481213196678103e+00
3.978071360494027653e-01 1.535470715890685733e+00
4.060863303027552607e-01 1.633247556427554148e+00
4.145378318157649788e-01 1.737250702973669014e+00
4.231652266610403390e-01 1.848108636495200852e+00
4.319721755448220901e-01 1.969387713134485240e+00
4.409624153602658136e-01 2.098625528854377809e+00
4.501397607730483474e-01 2.236344362761114812e+00
4.595081058399779206e-01 2.379994831180322734e+00
4.690714256612865118e-01 2.529165118820327240e+00
4.788337780673142530e-01 2.687684911939541177e+00
4.887993053402931998e-01 2.856908891497743408e+00
4.989722359719687139e-01 3.042698087873216828e+00
5.093568864577977529e-01 3.240569442553628221e+00
5.199576631284887895e-01 3.451308676948785514e+00
5.307790640196620169e-01 3.675432917947368150e+00
5.418256807804173736e-01 3.914107549108131412e+00
5.531022006216277376e-01 4.167882453206688709e+00
5.646134083047763541e-01 4.429159803457798361e+00
5.763641881721900395e-01 4.706816179394179400e+00
5.883595262195214781e-01 5.004810220491648920e+00
6.006045122113689017e-01 5.330093411622325306e+00
6.131043418409223289e-01 5.676518094591987307e+00
6.258643189345570734e-01 6.040198921729974302e+00
6.388898577023131020e-01 6.424108995737657146e+00
6.521864850352057097e-01 6.832763937509589880e+00
6.657598428503537225e-01 7.269402840223428086e+00
6.796156904849094404e-01 7.733944584760386043e+00
6.937599071398169448e-01 8.230891105049492396e+00
7.081984943744236149e-01 8.760553491541127613e+00
7.229375786530161108e-01 9.313777437603713238e+00
7.379834139443505192e-01 9.891960678340049995e+00
7.533423843752851123e-01 1.051671592880163786e+01
7.690210069396433701e-01 1.120026167254030725e+01
7.850259342634492432e-01 1.192260585018108543e+01
8.013639574277185984e-01 1.267783834930149212e+01
8.180420088499924525e-01 1.348364031796534235e+01
8.350671652258471189e-01 1.434676327729578915e+01
8.524466505316175002e-01 1.526297894598122440e+01
8.701878390896189419e-01 1.623451411182576010e+01
8.882982586971583938e-01 1.726818658588691946e+01
9.067855938206671462e-01 1.836789674985342202e+01
9.256576888563147198e-01 1.952855086281153518e+01
9.449225514584753682e-01 2.076169931107477851e+01
9.645883559374751615e-01 2.208288038006633514e+01
9.846634467280448444e-01 2.349463582366743353e+01
1.005156341929967390e+00 2.500440980832422611e+01
1.026075736922404058e+00 2.657342552625522814e+01
1.047430508053451392e+00 2.825465600116055498e+01
1.069229716406479680e+00 3.008242070071678143e+01
1.091482611644857048e+00 3.199611342065126607e+01
1.114198635936694659e+00 3.402038681871862735e+01
1.137387427961266795e+00 3.616488101003536570e+01
1.161058826998822235e+00 3.848136795465532600e+01
1.185222877105502892e+00 4.093264027819400042e+01
1.209889831375160485e+00 4.353716959076128035e+01
1.235070156289862053e+00 4.632383813922016458e+01
1.260774536160947035e+00 4.923230935869674596e+01
1.287013877662505523e+00 5.237142970812016785e+01
1.313799314459207501e+00 1.413911932521276924e+02
1.341142211930455019e+00 inf
1.369054171992841074e+00 inf
1.397547038022987298e+00 inf
1.426632899882822825e+00 inf
1.456324099049463694e+00 inf
1.486633233851841318e+00 inf
1.517573164816328868e+00 inf
1.549157020123613560e+00 inf
1.581398201179137208e+00 inf
1.614310388299477594e+00 inf
1.647907546517062949e+00 inf
1.682203931505708239e+00 inf
1.717214095629459480e+00 inf
1.752952894117343119e+00 inf
1.789435491366608399e+00 inf
1.826677367377168348e+00 inf
1.864694324319941865e+00 inf
1.903502493241907789e+00 inf
1.943118340910698461e+00 inf
1.983558676801640885e+00 inf
2.024840660230225353e+00 inf
2.066981807632997992e+00 inf
2.109999999999999876e+00 inf
