# k [Mpc^-1], sensitivity [mK^2], z=5.5, 218.5 MHz
3.500000000000000333e-02 inf
3.572842282756675397e-02 inf
3.647200564986839699e-02 inf
3.723106397794004319e-02 inf
3.800591988925806214e-02 inf
3.879690216440116746e-02 inf
3.960434642655615706e-02 inf
4.042859528392659524e-02 inf
4.126999847510574859e-02 inf
4.212891301747467149e-02 inf
4.300570335868902916e-02 inf
4.390074153131857948e-02 inf
4.481440731070487210e-02 1.099201501532276332e-01
4.574708837610465956e-02 1.113224870285906415e-01
4.669918047518661214e-02 1.127427146065159980e-01
4.767108759195193973e-02 1.141810611326156549e-01
4.866322211814942678e-02 1.156377577644082388e-01
4.967600502825834929e-02 1.171130386084688751e-01
5.070986605811275694e-02 1.186071407580522458e-01
5.176524388724366293e-02 1.201203043311962620e-01
5.284258632501594166e-02 1.216527725093114326e-01
5.394235050063903719e-02 1.232047915762626566e-01
5.506500305713256382e-02 1.247766109579498267e-01
5.621102034932823344e-02 1.263684832623929721e-01
5.738088864599311806e-02 1.279806643203292571e-01
5.857510433615904094e-02 1.296134132263275507e-01
5.979417413974657397e-02 1.312669923804277439e-01
6.103861532257209149e-02 1.329416675303111695e-01
6.230895591583001519e-02 1.346377078140091332e-01
6.360573494014265528e-02 1.363553858031561483e-01
6.492950263427293978e-02 1.380949775467951446e-01
6.628082068859754428e-02 1.398567626157414812e-01
6.766026248343849636e-02 1.416410241475128950e-01
6.906841333235554103e-02 1.434480488918327690e-01
7.050587073050135212e-02 1.452781272567137405e-01
7.197324460814619185e-02 1.471315533551294796e-01
7.347115758947816988e-02 1.490086250522816291e-01
7.500024525679045706e-02 1.509096440134699013e-01
7.656115642016625422e-02 1.528349157525731306e-01
7.815455339277647961e-02 1.547847496811482204e-01
7.978111227190747001e-02 1.567594591581561170e-01
8.144152322583671222e-02 1.587593615403216918e-01
8.313649078667982584e-02 1.607847782331367215e-01
8.486673414933156023e-02 1.628360347425126253e-01
8.663298747662909194e-02 1.649134607270932584e-01
8.843600021086570062e-02 1.670173900512339771e-01
9.027653739178835568e-02 1.669548222305791418e-01
9.215537998121303698e-02 1.667475668621690998e-01
9.407332519439604024e-02 1.665405687776587706e-01
9.603118683830201563e-02 1.663338276576595276e-01
9.802979565691193053e-02 1.661273431831792047e-01
1.000699996837176586e-01 1.659211150356217079e-01
1.021526646015524509e-01 1.657151428967863771e-01
1.042786741099108044e-01 1.655094264488675138e-01
1.064489302999123421e-01 1.653039653744541593e-01
1.086643540370700461e-01 1.650987593565291511e-01
1.109258853520242866e-01 1.648938080784689009e-01
1.132344838394090808e-01 1.646891112240430333e-01
1.155911290650195183e-01 1.644846684774135537e-01
1.179968209814531294e-01 1.642804795231346260e-01
1.204525803524016392e-01 1.640765440461520175e-01
1.229594491857733396e-01 1.638728617318025715e-01
1.255184911758291388e-01 1.636694322658137080e-01
1.281307921545208894e-01 1.634662553343031177e-01
1.307974605522227440e-01 1.632633306237779858e-01
1.335196278680513826e-01 1.625748244366410078e-01
1.362984491499744655e-01 1.604725133830604000e-01
1.391351034849112878e-01 1.583973880378532761e-01
1.420307944990333859e-01 1.563490968532605940e-01
1.449867508684773432e-01 1.543272928275083999e-01
1.480042268406868700e-01 1.523316334460222965e-01
1.510845027666047613e-01 1.503617806234017196e-01
1.542288856439409939e-01 1.484174006461449202e-01
1.574387096717475842e-01 1.464981641161144654e-01
1.607153368165349372e-01 1.446037458947335708e-01
1.640601573901705190e-01 1.427338250479044113e-01
1.674745906398046880e-01 1.408880847916386403e-01
1.709600853500741757e-01 1.390662124383906517e-01
1.745181204578385992e-01 1.372678993440852036e-01
1.781502056797110434e-01 1.352488395853942149e-01
1.818578821526486422e-01 1.326648280351073739e-01
1.856427230878753554e-01 1.301301856011286007e-01
1.895063344384143311e-01 1.276439690563871965e-01
1.934503555805126840e-01 1.252052531947409064e-01
1.974764600092484834e-01 1.228131304866749152e-01
2.015863560486145234e-01 1.204667107415792332e-01
2.057817875763805759e-01 1.181651207764781997e-01
2.100645347640413829e-01 1.159075040910894500e-01
2.144364148321648011e-01 1.136930205490906676e-01
2.188992828214597897e-01 1.115208460654762840e-01
2.234550323798925042e-01 1.092560711638565774e-01
2.281055965661834550e-01 1.068796535163754891e-01
2.328529486700275375e-01 1.045549250864829804e-01
2.376991030493841028e-01 1.022807615872853709e-01
2.426461159851931171e-01 1.000560631861383970e-01
2.476960865538796186e-01 9.787975397274541189e-02
2.528511575180167337e-01 9.575078143882467807e-02
2.581135162355253088e-01 9.366811596909473125e-02
2.634853955877961562e-01 9.163075034333081903e-02
2.689690749271278492e-01 8.929127573836988241e-02
2.745668810438831597e-01 8.679000812050559344e-02
2.802811891537738131e-01 8.435880714290874827e-02
2.861144239056928607e-01 8.199571006714881372e-02
2.920690604105219967e-01 7.969880913591241567e-02
2.981476252913505820e-01 7.746625003284719757e-02
3.043526977555517377e-01 7.529623038554954240e-02
3.106869106891708698e-01 7.319466439214637743e-02
3.171529517740905302e-01 7.120672921083903706e-02
3.237535646284456226e-01 6.927278548256858570e-02
3.304915499707733462e-01 6.739136682300400638e-02
3.373697668083914247e-01 6.556104667417342324e-02
3.443911336505087739e-01 6.378043722279784500e-02
3.515586297465838617e-01 6.204818834800188143e-02
3.588752963504552862e-01 6.036309174946986184e-02
3.663442380107827523e-01 5.872381712138471238e-02
3.739686238883428437e-01 5.712906011538290696e-02
3.817516891007428637e-01 5.557761177071919578e-02
3.896967360951185122e-01 5.406829595827816054e-02
3.978071360494027653e-01 5.259996848896852928e-02
4.060863303027552607e-01 5.086143861475792005e-02
4.145378318157649788e-01 4.915395423343849740e-02
4.231652266610403390e-01 4.750379231471259928e-02
4.319721755448220901e-01 4.590902846925428576e-02
4.409624153602658136e-01 4.436780291198001019e-02
4.501397607730483474e-01 4.290380772388238673e-02
4.595081058399779206e-01 4.149413778988531032e-02
4.690714256612865118e-01 4.013078470812677517e-02
4.788337780673142530e-01 3.881222666789796438e-02
4.887993053402931998e-01 3.751442973495389827e-02
4.989722359719687139e-01 3.615863573681563775e-02
5.093568864577977529e-01 3.485184094720523290e-02
5.199576631284887895e-01 3.359227450532851350e-02
5.307790640196620169e-01 3.237822955036277067e-02
5.418256807804173736e-01 3.173662075268822436e-02
5.531022006216277376e-01 3.113373604606539322e-02
5.646134083047763541e-01 3.054230403859136550e-02
5.763641881721900395e-01 3.000758654641515893e-02
5.883595262195214781e-01 3.011423217072246514e-02
6.006045122113689017e-01 3.022125680882239290e-02
6.131043418409223289e-01 3.032866180771302475e-02
6.258643189345570734e-01 3.023428320312279011e-02
6.388898577023131020e-01 2.991363144213361400e-02
6.521864850352057097e-01 2.959638037535422886e-02
6.657598428503537225e-01 2.924907320653339499e-02
6.796156904849094404e-01 2.866381956930656727e-02
6.937599071398169448e-01 2.809027645081885183e-02
7.081984943744236149e-01 2.752820953172493285e-02
7.229375786530161108e-01 2.693794562047030147e-02
7.379834139443505192e-01 2.635980675843781554e-02
7.533423843752851123e-01 2.578364342619768670e-02
7.690210069396433701e-01 2.499536837619070404e-02
7.850259342634492432e-01 2.423119300613170088e-02
8.013639574277185984e-01 2.345329169003796885e-02
8.180420088499924525e-01 2.260278031702554757e-02
8.350671652258471189e-01 2.178311193207566748e-02
8.524466505316175002e-01 2.078278173901654605e-02
8.701878390896189419e-01 1.971807425920385839e-02
8.882982586971583938e-01 1.870776402368453870e-02
9.067855938206671462e-01 1.774844482550334487e-02
9.256576888563147198e-01 1.683831874964471231e-02
9.449225514584753682e-01 1.573676889780467950e-02
9.645883559374751615e-01 1.464683203977346429e-02
9.846634467280448444e-01 1.345460175802759908e-02
1.005156341929967390e+00 1.221427179300946242e-02
1.026075736922404058e+00 1.097441866208712091e-02
1.047430508053451392e+00 9.687406958393802656e-03
1.069229716406479680e+00 8.423556477043455532e-03
1.091482611644857048e+00 7.074317590540327681e-03
1.114198635936694659e+00 5.704975700304320760e-03
1.137387427961266795e+00 4.221290145763658894e-03
1.161058826998822235e+00 4.136932107980750090e-11
1.185222877105502892e+00 3.653959086807532548e-30
1.209889831375160485e+00 2.824740222243083666e-38
1.235070156289862053e+00 1.347827954710218074e-38
1.260774536160947035e+00 1.180406722003557525e-38
1.287013877662505523e+00 1.182459424600996332e-38
1.313799314459207501e+00 1.182459424600996332e-38
1.341142211930455019e+00 1.181584860173729207e-38
1.369054171992841074e+00 1.179722890413724462e-38
1.397547038022987298e+00 1.181745871436036294e-38
1.426632899882822825e+00 1.183006166686739813e-38
1.456324099049463694e+00 1.181678217955884685e-38
1.486633233851841318e+00 1.186108462768191480e-38
1.517573164816328868e+00 1.190029973838129868e-38
1.549157020123613560e+00 1.191468994575173689e-38
1.581398201179137208e+00 1.198141616183667930e-38
1.614310388299477594e+00 1.203155898332954831e-38
1.647907546517062949e+00 1.203640906564110685e-38
1.682203931505708239e+00 1.195625228497836304e-38
1.717214095629459480e+00 1.193959077470691848e-38
1.752952894117343119e+00 1.200914493558482213e-38
1.789435491366608399e+00 1.274054915561234484e-38
1.826677367377168348e+00 1.582927867932076067e-38
1.864694324319941865e+00 inf
1.903502493241907789e+00 inf
1.943118340910698461e+00 inf
1.983558676801640885e+00 inf
2.024840660230225353e+00 inf
2.066981807632997992e+00 inf
2.109999999999999876e+00 inf
