# k [Mpc^-1], sensitivity [mK^2], z=9.0, 142.0 MHz
3.500000000000000333e-02 inf
3.572842282756675397e-02 inf
3.647200564986839699e-02 inf
3.723106397794004319e-02 inf
3.800591988925806214e-02 inf
3.879690216440116746e-02 inf
3.960434642655615706e-02 inf
4.042859528392659524e-02 inf
4.126999847510574859e-02 inf
4.212891301747467149e-02 inf
4.300570335868902916e-02 inf
4.390074153131857948e-02 inf
4.481440731070487210e-02 inf
4.574708837610465956e-02 inf
4.669918047518661214e-02 inf
4.767108759195193973e-02 inf
4.866322211814942678e-02 inf
4.967600502825834929e-02 inf
5.070986605811275694e-02 inf
5.176524388724366293e-02 inf
5.284258632501594166e-02 inf
5.394235050063903719e-02 inf
5.506500305713256382e-02 inf
5.621102034932823344e-02 inf
5.738088864599311806e-02 inf
5.857510433615904094e-02 inf
5.979417413974657397e-02 inf
6.103861532257209149e-02 inf
6.230895591583001519e-02 inf
6.360573494014265528e-02 inf
6.492950263427293978e-02 inf
6.628082068859754428e-02 inf
6.766026248343849636e-02 inf
6.906841333235554103e-02 inf
7.050587073050135212e-02 inf
7.197324460814619185e-02 inf
7.347115758947816988e-02 inf
7.500024525679045706e-02 inf
7.656115642016625422e-02 inf
7.815455339277647961e-02 inf
7.978111227190747001e-02 inf
8.144152322583671222e-02 inf
8.313649078667982584e-02 inf
8.486673414933156023e-02 inf
8.663298747662909194e-02 inf
8.843600021086570062e-02 inf
9.027653739178835568e-02 inf
9.215537998121303698e-02 inf
9.407332519439604024e-02 inf
9.603118683830201563e-02 inf
9.802979565691193053e-02 inf
1.000699996837176586e-01 inf
1.021526646015524509e-01 inf
1.042786741099108044e-01 inf
1.064489302999123421e-01 inf
1.086643540370700461e-01 inf
1.109258853520242866e-01 inf
1.132344838394090808e-01 inf
1.155911290650195183e-01 inf
1.179968209814531294e-01 inf
1.204525803524016392e-01 inf
1.229594491857733396e-01 inf
1.255184911758291388e-01 inf
1.281307921545208894e-01 inf
1.307974605522227440e-01 inf
1.335196278680513826e-01 inf
1.362984491499744655e-01 inf
1.391351034849112878e-01 inf
1.420307944990333859e-01 inf
1.449867508684773432e-01 7.305840256806522826e-02
1.480042268406868700e-01 7.548052955890553750e-02
1.510845027666047613e-01 7.798295804763709371e-02
1.542288856439409939e-01 8.056835029374832813e-02
1.574387096717475842e-01 8.323945681940984886e-02
1.607153368165349372e-01 8.599911933567334910e-02
1.640601573901705190e-01 8.885027376568387092e-02
1.674745906398046880e-01 9.179595336812132467e-02
1.709600853500741757e-01 9.483929196419456364e-02
1.745181204578385992e-01 9.798352727162061571e-02
1.781502056797110434e-01 1.012721857169743694e-01
1.818578821526486422e-01 1.058464194745299264e-01
1.856427230878753554e-01 1.106272609429848203e-01
1.895063344384143311e-01 1.156240421216346292e-01
1.934503555805126840e-01 1.208465165149088111e-01
1.974764600092484834e-01 1.263048781707966639e-01
2.015863560486145234e-01 1.320097815791958229e-01
2.057817875763805759e-01 1.379723624690232797e-01
2.100645347640413829e-01 1.442042595446850761e-01
2.144364148321648011e-01 1.509191538430155743e-01
2.188992828214597897e-01 1.588910706567463194e-01
2.234550323798925042e-01 1.672840835081022548e-01
2.281055965661834550e-01 1.761204357140982446e-01
2.328529486700275375e-01 1.854235455378602238e-01
2.376991030493841028e-01 1.952180682521369171e-01
2.426461159851931171e-01 2.055299614811570974e-01
2.476960865538796186e-01 2.163865539940026395e-01
2.528511575180167337e-01 2.271851727890939754e-01
2.581135162355253088e-01 2.382384594729096972e-01
2.634853955877961562e-01 2.498295239747700403e-01
2.689690749271278492e-01 2.619845309088624785e-01
2.745668810438831597e-01 2.747309178816995656e-01
2.802811891537738131e-01 2.880974574272771038e-01
2.861144239056928607e-01 3.019525902968819842e-01
2.920690604105219967e-01 3.158628567141504861e-01
2.981476252913505820e-01 3.304139373453627848e-01
3.043526977555517377e-01 3.456353530382491601e-01
3.106869106891708698e-01 3.615579845985927854e-01
3.171529517740905302e-01 3.782141354403927291e-01
3.237535646284456226e-01 3.957784573015928897e-01
3.304915499707733462e-01 4.143065920859856366e-01
3.373697668083914247e-01 4.337021105600545878e-01
3.443911336505087739e-01 4.540056187790704190e-01
3.515586297465838617e-01 4.752596237468045826e-01
3.588752963504552862e-01 4.979282598290464268e-01
3.663442380107827523e-01 5.223844800716361814e-01
3.739686238883428437e-01 5.480418908406665679e-01
3.817516891007428637e-01 5.749594897517352754e-01
3.896967360951185122e-01 6.031991721444615040e-01
3.978071360494027653e-01 6.334913529474502925e-01
4.060863303027552607e-01 6.655294733283843023e-01
4.145378318157649788e-01 6.991878860033922116e-01
4.231652266610403390e-01 7.345485354525824739e-01
4.319721755448220901e-01 7.704294252665234710e-01
4.409624153602658136e-01 8.068979795675704780e-01
4.501397607730483474e-01 8.450927860199389796e-01
4.595081058399779206e-01 8.850955573908917406e-01
4.690714256612865118e-01 9.279179113602924467e-01
4.788337780673142530e-01 9.733425839737210872e-01
4.887993053402931998e-01 1.020990945619093537e+00
4.989722359719687139e-01 1.071140441312231628e+00
5.093568864577977529e-01 1.127185388563457513e+00
5.199576631284887895e-01 1.186162758110813176e+00
5.307790640196620169e-01 1.248225982171559778e+00
5.418256807804173736e-01 1.315212214631894083e+00
5.531022006216277376e-01 1.386551868911373164e+00
5.646134083047763541e-01 1.461761124017315394e+00
5.763641881721900395e-01 1.540769676229447827e+00
5.883595262195214781e-01 1.623822686440853147e+00
6.006045122113689017e-01 1.711352551701780023e+00
6.131043418409223289e-01 1.804043291926628934e+00
6.258643189345570734e-01 1.902036434644281515e+00
6.388898577023131020e-01 2.005352429680756554e+00
6.521864850352057097e-01 2.121773125870007437e+00
6.657598428503537225e-01 2.246371679076294647e+00
6.796156904849094404e-01 2.374102867185731824e+00
6.937599071398169448e-01 2.493804689778289063e+00
7.081984943744236149e-01 2.619541855881027281e+00
7.229375786530161108e-01 2.763134511692049600e+00
7.379834139443505192e-01 2.919024808841471419e+00
7.533423843752851123e-01 3.086734254632523822e+00
7.690210069396433701e-01 3.269653909181326146e+00
7.850259342634492432e-01 3.462182798872785572e+00
8.013639574277185984e-01 3.655126060359257689e+00
8.180420088499924525e-01 3.858821816533514859e+00
8.350671652258471189e-01 4.084467927584479519e+00
8.524466505316175002e-01 4.323919838080654721e+00
8.701878390896189419e-01 4.586832082746627570e+00
8.882982586971583938e-01 4.867065983623869663e+00
9.067855938206671462e-01 5.158327595530232124e+00
9.256576888563147198e-01 5.466305868803234880e+00
9.449225514584753682e-01 5.801603134857120203e+00
9.645883559374751615e-01 6.157111398906786270e+00
9.846634467280448444e-01 6.532297851038853409e+00
1.005156341929967390e+00 6.934279032128690012e+00
1.026075736922404058e+00 7.367298587348822814e+00
1.047430508053451392e+00 7.814192798847626520e+00
1.069229716406479680e+00 8.284036206339152386e+00
1.091482611644857048e+00 8.822342609787476420e+00
1.114198635936694659e+00 9.384022959582694057e+00
1.137387427961266795e+00 9.966837661683255689e+00
1.161058826998822235e+00 1.058879487170350764e+01
1.185222877105502892e+00 1.125277687940996962e+01
1.209889831375160485e+00 1.196265194957723210e+01
1.235070156289862053e+00 1.272485891874995723e+01
1.260774536160947035e+00 1.353402262813085599e+01
1.287013877662505523e+00 1.439181337149331164e+01
1.313799314459207501e+00 1.529823838554928095e+01
1.341142211930455019e+00 1.628284624202796849e+01
1.369054171992841074e+00 1.731702035237922033e+01
1.397547038022987298e+00 1.841306415223647264e+01
1.426632899882822825e+00 2.200865303278769858e+01
1.456324099049463694e+00 9.450334458468711318e+01
1.486633233851841318e+00 inf
1.517573164816328868e+00 inf
1.549157020123613560e+00 inf
1.581398201179137208e+00 inf
1.614310388299477594e+00 inf
1.647907546517062949e+00 inf
1.682203931505708239e+00 inf
1.717214095629459480e+00 inf
1.752952894117343119e+00 inf
1.789435491366608399e+00 inf
1.826677367377168348e+00 inf
1.864694324319941865e+00 inf
1.903502493241907789e+00 inf
1.943118340910698461e+00 inf
1.983558676801640885e+00 inf
2.024840660230225353e+00 inf
2.066981807632997992e+00 inf
2.109999999999999876e+00 inf
