# ell, Dl kSZ [uK2]
1.000000000000000000e+03 8.245558981258352960e-01
1.500000000000000000e+03 1.168270804605892721e+00
2.000000000000000000e+03 1.274845611989335659e+00
2.500000000000000000e+03 1.266523362975070954e+00
3.000000000000000000e+03 1.212781912340507695e+00
3.500000000000000000e+03 1.144196392338348911e+00
4.000000000000000000e+03 1.073453624932108497e+00
4.500000000000000000e+03 1.007244256739349142e+00
5.000000000000000000e+03 9.456573282864804142e-01
5.500000000000000000e+03 8.905696203591949578e-01
6.000000000000000000e+03 8.404503497191297967e-01
6.500000000000000000e+03 7.955536342557532059e-01
7.000000000000000000e+03 7.555764198196388559e-01
7.500000000000000000e+03 7.190504219031563782e-01
