# ell, Dl BB total [uK2]
1.000000000000000000e+01 1.635598116039997058e-08
3.020408163265306101e+01 1.455969646236721112e-07
5.040816326530612201e+01 3.853638966818870416e-07
7.061224489795918657e+01 7.109253839188245032e-07
9.081632653061224403e+01 1.098761799773125287e-06
1.110204081632653015e+02 1.541144158055873513e-06
1.312244897959183731e+02 2.010427539469525930e-06
1.514285714285714164e+02 2.511645964418240403e-06
1.716326530612244881e+02 3.046378117047803460e-06
1.918367346938775597e+02 3.618099998909119958e-06
2.120408163265306030e+02 4.249388433532883035e-06
2.322448979591836746e+02 4.907157187921549846e-06
2.524489795918367463e+02 5.609449489746547185e-06
2.726530612244898180e+02 6.355692625776881484e-06
2.928571428571428328e+02 7.143172524354439589e-06
3.130612244897959044e+02 7.938032745049494407e-06
3.332653061224489761e+02 8.698825400284403451e-06
3.534693877551020478e+02 9.467680498328542255e-06
3.736734693877551194e+02 1.024073189772563114e-05
3.938775510204081343e+02 1.101557250907668290e-05
4.140816326530612059e+02 1.181722805953076561e-05
4.342857142857142776e+02 1.259458303365453650e-05
4.544897959183673493e+02 1.337494603173359687e-05
4.746938775510204209e+02 1.416032104289705667e-05
4.948979591836734926e+02 1.495221187148865599e-05
5.151020408163265074e+02 1.577933065488500573e-05
5.353061224489796359e+02 1.658738119170889697e-05
5.555102040816326507e+02 1.740371786631424004e-05
5.757142857142856656e+02 1.822712244720587490e-05
5.959183673469387941e+02 1.905492236983425251e-05
6.161224489795918089e+02 1.991186498913090624e-05
6.363265306122449374e+02 2.073842653886443340e-05
6.565306122448979522e+02 2.155926624605814050e-05
6.767346938775509670e+02 2.237165385303894894e-05
6.969387755102040956e+02 2.317310632870476210e-05
7.171428571428571104e+02 2.398923763773743012e-05
7.373469387755102389e+02 2.476376273220924667e-05
7.575510204081632537e+02 2.552411373821713244e-05
7.777551020408162685e+02 2.627076236602909830e-05
7.979591836734693970e+02 2.700482496059971807e-05
8.181632653061224119e+02 2.775396963462587721e-05
8.383673469387755404e+02 2.846649273648766060e-05
8.585714285714285552e+02 2.916998886953387003e-05
8.787755102040815700e+02 2.986518869247004824e-05
8.989795918367346985e+02 3.055208128956080473e-05
9.191836734693877133e+02 3.125514341741309567e-05
9.393877551020408418e+02 3.192388984117502763e-05
9.595918367346938567e+02 3.258224379336176045e-05
9.797959183673469852e+02 3.322893125926925783e-05
1.000000000000000000e+03 3.388549296246973897e-05
