# ell, Dl tautau
1.000000000000000000e+02 1.157009657768315087e-07
2.000000000000000000e+02 2.703236768513786979e-07
3.000000000000000000e+02 4.375864964283378754e-07
4.000000000000000000e+02 6.050588144592681780e-07
5.000000000000000000e+02 7.522818070276357741e-07
6.000000000000000000e+02 9.058279701990268025e-07
7.000000000000000000e+02 1.058020268396394174e-06
8.000000000000000000e+02 1.184312856806210068e-06
9.000000000000000000e+02 1.293594728047529272e-06
1.000000000000000000e+03 1.396298858542434145e-06
1.100000000000000000e+03 1.482080871013509253e-06
1.200000000000000000e+03 1.547659698569438379e-06
1.300000000000000000e+03 1.602643104903496157e-06
1.400000000000000000e+03 1.649570241673220722e-06
1.500000000000000000e+03 1.684935422805874467e-06
1.600000000000000000e+03 1.710716299581473431e-06
1.700000000000000000e+03 1.731071303878301397e-06
1.800000000000000000e+03 1.746362037115765428e-06
1.900000000000000000e+03 1.756159515055213007e-06
2.000000000000000000e+03 1.761954828463308455e-06
2.100000000000000000e+03 1.765099471466863527e-06
2.200000000000000000e+03 1.765752684752543445e-06
2.300000000000000000e+03 1.764136741062611355e-06
2.400000000000000000e+03 1.760915376412300728e-06
2.500000000000000000e+03 1.756527527987043942e-06
2.600000000000000000e+03 1.751115226032313056e-06
2.700000000000000000e+03 1.744879009721059663e-06
2.800000000000000000e+03 1.738079332101505380e-06
2.900000000000000000e+03 1.730877907587995055e-06
3.000000000000000000e+03 1.723369473065036037e-06
3.100000000000000000e+03 1.715661767650598439e-06
3.200000000000000000e+03 1.707856425144017832e-06
3.300000000000000000e+03 1.700019901335064962e-06
3.400000000000000000e+03 1.692201866991879464e-06
3.500000000000000000e+03 1.684451050571625077e-06
3.600000000000000000e+03 1.676807222854222271e-06
3.700000000000000000e+03 1.669297634230899850e-06
3.800000000000000000e+03 1.661942208349694092e-06
3.900000000000000000e+03 1.654756912167873669e-06
4.000000000000000000e+03 1.647754598898435960e-06
4.100000000000000000e+03 1.640945365799483225e-06
4.200000000000000000e+03 1.634336540785449580e-06
4.300000000000000000e+03 1.627932922312583432e-06
4.400000000000000000e+03 1.621737118406757546e-06
4.500000000000000000e+03 1.615749923212018260e-06
4.600000000000000000e+03 1.609970635480601343e-06
4.700000000000000000e+03 1.604397282402327237e-06
4.800000000000000000e+03 1.599026902153524117e-06
4.900000000000000000e+03 1.593855763152556605e-06
