# k [Mpc^-1], sensitivity [mK^2], z=5.5, 218.5 MHz
3.500000000000000333e-02 inf
3.572842282756675397e-02 inf
3.647200564986839699e-02 inf
3.723106397794004319e-02 inf
3.800591988925806214e-02 inf
3.879690216440116746e-02 inf
3.960434642655615706e-02 inf
4.042859528392659524e-02 inf
4.126999847510574859e-02 inf
4.212891301747467149e-02 inf
4.300570335868902916e-02 inf
4.390074153131857948e-02 inf
4.481440731070487210e-02 inf
4.574708837610465956e-02 inf
4.669918047518661214e-02 inf
4.767108759195193973e-02 inf
4.866322211814942678e-02 inf
4.967600502825834929e-02 inf
5.070986605811275694e-02 inf
5.176524388724366293e-02 inf
5.284258632501594166e-02 inf
5.394235050063903719e-02 inf
5.506500305713256382e-02 inf
5.621102034932823344e-02 inf
5.738088864599311806e-02 inf
5.857510433615904094e-02 inf
5.979417413974657397e-02 inf
6.103861532257209149e-02 inf
6.230895591583001519e-02 inf
6.360573494014265528e-02 inf
6.492950263427293978e-02 inf
6.628082068859754428e-02 inf
6.766026248343849636e-02 inf
6.906841333235554103e-02 inf
7.050587073050135212e-02 inf
7.197324460814619185e-02 inf
7.347115758947816988e-02 inf
7.500024525679045706e-02 inf
7.656115642016625422e-02 inf
7.815455339277647961e-02 inf
7.978111227190747001e-02 inf
8.144152322583671222e-02 inf
8.313649078667982584e-02 inf
8.486673414933156023e-02 inf
8.663298747662909194e-02 inf
8.843600021086570062e-02 inf
9.027653739178835568e-02 3.131412214857685200e-02
9.215537998121303698e-02 3.144683110859036734e-02
9.407332519439604024e-02 3.158010248794888147e-02
9.603118683830201563e-02 3.171393867018035273e-02
9.802979565691193053e-02 3.184834204891416609e-02
1.000699996837176586e-01 3.198331502792382125e-02
1.021526646015524509e-01 3.211886002117005090e-02
1.042786741099108044e-01 3.225497945284388351e-02
1.064489302999123421e-01 3.239167575741003918e-02
1.086643540370700461e-01 3.252895137965054057e-02
1.109258853520242866e-01 3.266680877470831690e-02
1.132344838394090808e-01 3.280525040813115495e-02
1.155911290650195183e-01 3.294427875591589283e-02
1.179968209814531294e-01 3.308389630455254443e-02
1.204525803524016392e-01 3.322410555106886099e-02
1.229594491857733396e-01 3.336490900307500368e-02
1.255184911758291388e-01 3.350630917880833420e-02
1.281307921545208894e-01 3.364830860717846900e-02
1.307974605522227440e-01 3.379090982781256941e-02
1.335196278680513826e-01 3.409857655660082643e-02
1.362984491499744655e-01 3.490259236581309127e-02
1.391351034849112878e-01 3.572556619282971774e-02
1.420307944990333859e-01 3.656794505179514210e-02
1.449867508684773432e-01 3.743018649707203355e-02
1.480042268406868700e-01 3.831275887177087308e-02
1.510845027666047613e-01 3.921614156213946295e-02
1.542288856439409939e-01 4.014082525795088785e-02
1.574387096717475842e-01 4.108731221903114822e-02
1.607153368165349372e-01 4.205611654807128730e-02
1.640601573901705190e-01 4.304776446987221977e-02
1.674745906398046880e-01 4.406279461717387685e-02
1.709600853500741757e-01 4.510175832322403655e-02
1.745181204578385992e-01 4.616521992124559409e-02
1.781502056797110434e-01 4.748209958299327849e-02
1.818578821526486422e-01 4.942418874804301032e-02
1.856427230878753554e-01 5.144571227589739976e-02
1.895063344384143311e-01 5.354991915126210839e-02
1.934503555805126840e-01 5.574019124719536283e-02
1.974764600092484834e-01 5.802004876044127707e-02
2.015863560486145234e-01 6.039315586907612055e-02
2.057817875763805759e-01 6.286332662156116080e-02
2.100645347640413829e-01 6.543453106666621832e-02
2.144364148321648011e-01 6.811090163411684384e-02
2.188992828214597897e-01 7.089673977621879786e-02
2.234550323798925042e-01 7.398789574926210866e-02
2.281055965661834550e-01 7.745447136217192829e-02
2.328529486700275375e-01 8.108346741369974742e-02
2.376991030493841028e-01 8.488249383417069416e-02
2.426461159851931171e-01 8.885951710410791571e-02
2.476960865538796186e-01 9.302287695977880244e-02
2.528511575180167337e-01 9.738130388145127547e-02
2.581135162355253088e-01 1.019439374010315258e-01
2.634853955877961562e-01 1.067203452674755221e-01
2.689690749271278492e-01 1.120958527733212362e-01
2.745668810438831597e-01 1.180023672619907593e-01
2.802811891537738131e-01 1.242201056946487248e-01
2.861144239056928607e-01 1.307654669717799589e-01
2.920690604105219967e-01 1.376557140788547129e-01
2.981476252913505820e-01 1.449090196163849431e-01
3.043526977555517377e-01 1.525445137290340203e-01
3.106869106891708698e-01 1.606636463075285237e-01
3.171529517740905302e-01 1.698477489259861417e-01
3.237535646284456226e-01 1.795568473530469999e-01
3.304915499707733462e-01 1.898209522071133970e-01
3.373697668083914247e-01 2.006717896197445783e-01
3.443911336505087739e-01 2.121428993004596530e-01
3.515586297465838617e-01 2.242697382072724455e-01
3.588752963504552862e-01 2.373924524149350346e-01
3.663442380107827523e-01 2.514659003069568133e-01
3.739686238883428437e-01 2.663736709988592799e-01
3.817516891007428637e-01 2.821652260397774503e-01
3.896967360951185122e-01 2.988929592310178296e-01
3.978071360494027653e-01 3.166123704601395139e-01
4.060863303027552607e-01 3.359668587794844563e-01
4.145378318157649788e-01 3.565593737625790682e-01
4.231652266610403390e-01 3.784140717921493646e-01
4.319721755448220901e-01 4.016083162229917014e-01
4.409624153602658136e-01 4.262242122646477949e-01
4.501397607730483474e-01 4.527752619016723323e-01
4.595081058399779206e-01 4.810908817827959649e-01
4.690714256612865118e-01 5.111773014330686093e-01
4.788337780673142530e-01 5.431452629741757576e-01
4.887993053402931998e-01 5.771197205503373340e-01
4.989722359719687139e-01 6.132553847469972563e-01
5.093568864577977529e-01 6.516536405350333849e-01
5.199576631284887895e-01 6.924561573931466985e-01
5.307790640196620169e-01 7.358134752657843336e-01
5.418256807804173736e-01 7.820559922840913947e-01
5.531022006216277376e-01 8.312136557611048415e-01
5.646134083047763541e-01 8.834612206036982496e-01
5.763641881721900395e-01 9.389966546137304970e-01
5.883595262195214781e-01 9.980787912269771800e-01
6.006045122113689017e-01 1.060878405266405977e+00
6.131043418409223289e-01 1.127629402260936775e+00
6.258643189345570734e-01 1.198621220686842070e+00
6.388898577023131020e-01 1.274131572276469226e+00
6.521864850352057097e-01 1.354398900547953977e+00
6.657598428503537225e-01 1.439735645604844239e+00
6.796156904849094404e-01 1.530549095452137021e+00
6.937599071398169448e-01 1.627090737623032801e+00
7.081984943744236149e-01 1.729721886298974942e+00
7.229375786530161108e-01 1.839003396178539251e+00
7.379834139443505192e-01 1.955191754934067383e+00
7.533423843752851123e-01 2.078727159955811921e+00
7.690210069396433701e-01 2.210215136015267312e+00
7.850259342634492432e-01 2.350020263157008404e+00
8.013639574277185984e-01 2.498723479374389989e+00
8.180420088499924525e-01 2.656995243847778188e+00
8.350671652258471189e-01 2.825292107791476326e+00
8.524466505316175002e-01 3.004326996746838230e+00
8.701878390896189419e-01 3.194752980221504224e+00
8.882982586971583938e-01 3.397263746096979009e+00
9.067855938206671462e-01 3.612698473100064867e+00
9.256576888563147198e-01 3.841794818707899406e+00
9.449225514584753682e-01 4.085626959969390626e+00
9.645883559374751615e-01 4.344995334175060009e+00
9.846634467280448444e-01 4.620840390648745633e+00
1.005156341929967390e+00 4.914208350027104544e+00
1.026075736922404058e+00 5.226281960468102561e+00
1.047430508053451392e+00 5.558320070723375750e+00
1.069229716406479680e+00 5.911452519955431306e+00
1.091482611644857048e+00 6.287018218720869633e+00
1.114198635936694659e+00 6.686530670806519083e+00
1.137387427961266795e+00 7.111625229147917615e+00
1.161058826998822235e+00 7.563660835153209305e+00
1.185222877105502892e+00 8.044303534709241532e+00
1.209889831375160485e+00 8.555664097167397841e+00
1.235070156289862053e+00 9.099663207168283918e+00
1.260774536160947035e+00 9.678367468909101490e+00
1.287013877662505523e+00 1.029390023144817867e+01
1.313799314459207501e+00 1.094856212827192543e+01
1.341142211930455019e+00 1.164491601433154955e+01
1.369054171992841074e+00 1.238562871047072989e+01
1.397547038022987298e+00 1.317356249449507111e+01
1.426632899882822825e+00 1.401165476810392363e+01
1.456324099049463694e+00 1.490310151093248159e+01
1.486633233851841318e+00 1.585141040340685770e+01
1.517573164816328868e+00 1.686009542636321967e+01
1.549157020123613560e+00 1.793297414243769694e+01
1.581398201179137208e+00 1.907437392786456698e+01
1.614310388299477594e+00 2.028836568877392921e+01
1.647907546517062949e+00 2.157962602275667052e+01
1.682203931505708239e+00 2.295318284242740958e+01
1.717214095629459480e+00 2.441432767498601208e+01
1.752952894117343119e+00 2.596859571446071513e+01
1.789435491366608399e+00 1.628285962050705677e+02
1.826677367377168348e+00 inf
1.864694324319941865e+00 inf
1.903502493241907789e+00 inf
1.943118340910698461e+00 inf
1.983558676801640885e+00 inf
2.024840660230225353e+00 inf
2.066981807632997992e+00 inf
2.109999999999999876e+00 inf
