# k [Mpc^-1], sensitivity [mK^2], z=12.0, 109.3 MHz
3.500000000000000333e-02 inf
3.572842282756675397e-02 inf
3.647200564986839699e-02 inf
3.723106397794004319e-02 inf
3.800591988925806214e-02 inf
3.879690216440116746e-02 inf
3.960434642655615706e-02 inf
4.042859528392659524e-02 inf
4.126999847510574859e-02 inf
4.212891301747467149e-02 inf
4.300570335868902916e-02 inf
4.390074153131857948e-02 inf
4.481440731070487210e-02 inf
4.574708837610465956e-02 inf
4.669918047518661214e-02 inf
4.767108759195193973e-02 inf
4.866322211814942678e-02 inf
4.967600502825834929e-02 inf
5.070986605811275694e-02 inf
5.176524388724366293e-02 inf
5.284258632501594166e-02 inf
5.394235050063903719e-02 inf
5.506500305713256382e-02 inf
5.621102034932823344e-02 inf
5.738088864599311806e-02 inf
5.857510433615904094e-02 inf
5.979417413974657397e-02 inf
6.103861532257209149e-02 inf
6.230895591583001519e-02 inf
6.360573494014265528e-02 inf
6.492950263427293978e-02 inf
6.628082068859754428e-02 inf
6.766026248343849636e-02 inf
6.906841333235554103e-02 inf
7.050587073050135212e-02 inf
7.197324460814619185e-02 inf
7.347115758947816988e-02 inf
7.500024525679045706e-02 inf
7.656115642016625422e-02 inf
7.815455339277647961e-02 inf
7.978111227190747001e-02 inf
8.144152322583671222e-02 inf
8.313649078667982584e-02 inf
8.486673414933156023e-02 inf
8.663298747662909194e-02 inf
8.843600021086570062e-02 inf
9.027653739178835568e-02 inf
9.215537998121303698e-02 inf
9.407332519439604024e-02 2.483586388920258958e+00
9.603118683830201563e-02 2.473715619910376695e+00
9.802979565691193053e-02 2.463884081297826434e+00
1.000699996837176586e-01 2.454091617165266026e+00
1.021526646015524509e-01 2.444338072215030522e+00
1.042786741099108044e-01 2.434623291766670583e+00
1.064489302999123421e-01 2.424947121754498891e+00
1.086643540370700461e-01 2.415309408725146767e+00
1.109258853520242866e-01 2.405709999835131452e+00
1.132344838394090808e-01 2.396148742848431823e+00
1.155911290650195183e-01 2.386625486134072105e+00
1.179968209814531294e-01 2.377140078663720679e+00
1.204525803524016392e-01 2.367692370009292002e+00
1.229594491857733396e-01 2.358282210340562735e+00
1.255184911758291388e-01 2.362197447833989994e+00
1.281307921545208894e-01 2.411023830643544308e+00
1.307974605522227440e-01 2.460859449857300874e+00
1.335196278680513826e-01 2.511725166289862088e+00
1.362984491499744655e-01 2.563642271946764417e+00
1.391351034849112878e-01 2.616632498937148998e+00
1.420307944990333859e-01 2.670718028570659541e+00
1.449867508684773432e-01 2.725921500642370265e+00
1.480042268406868700e-01 2.782266022909635872e+00
1.510845027666047613e-01 2.839775180764823048e+00
1.542288856439409939e-01 2.898473047107976264e+00
1.574387096717475842e-01 2.980456590742867728e+00
1.607153368165349372e-01 3.099442672730031045e+00
1.640601573901705190e-01 3.223178928818246636e+00
1.674745906398046880e-01 3.351854995926500269e+00
1.709600853500741757e-01 3.485668081677562924e+00
1.745181204578385992e-01 3.624823266636370445e+00
1.781502056797110434e-01 3.769533818614405618e+00
1.818578821526486422e-01 3.920021519521751152e+00
1.856427230878753554e-01 4.076517005267780824e+00
1.895063344384143311e-01 4.256653925038918374e+00
1.934503555805126840e-01 4.459875069029129335e+00
1.974764600092484834e-01 4.672798395553316553e+00
2.015863560486145234e-01 4.895887106146880718e+00
2.057817875763805759e-01 5.129626516509915746e+00
2.100645347640413829e-01 5.374525112281506090e+00
2.144364148321648011e-01 5.631115655218815519e+00
2.188992828214597897e-01 5.902213848486942638e+00
2.234550323798925042e-01 6.221682705731910623e+00
2.281055965661834550e-01 6.558443439104946648e+00
2.328529486700275375e-01 6.913432005189132923e+00
2.376991030493841028e-01 7.287635021046436457e+00
2.426461159851931171e-01 7.682092506315112423e+00
2.476960865538796186e-01 8.097900773728492041e+00
2.528511575180167337e-01 8.553015042202137153e+00
2.581135162355253088e-01 9.046558120514481161e+00
2.634853955877961562e-01 9.568580602750252240e+00
2.689690749271278492e-01 1.012072586409488473e+01
2.745668810438831597e-01 1.070473210903594108e+01
2.802811891537738131e-01 1.132243784339208759e+01
2.861144239056928607e-01 1.200615158911416813e+01
2.920690604105219967e-01 1.273629972357763229e+01
2.981476252913505820e-01 1.351085145350659644e+01
3.043526977555517377e-01 1.433250716146343606e+01
3.106869106891708698e-01 1.520413145243232123e+01
3.171529517740905302e-01 1.614911799623726196e+01
3.237535646284456226e-01 1.716015313521461039e+01
3.304915499707733462e-01 1.823448535657657743e+01
3.373697668083914247e-01 1.937607745101556489e+01
3.443911336505087739e-01 2.059071300199492782e+01
3.515586297465838617e-01 2.189371497198509076e+01
3.588752963504552862e-01 2.327917227674843659e+01
3.663442380107827523e-01 2.475230277657160016e+01
3.739686238883428437e-01 2.631865452342664113e+01
 3.817516891007428637e-01 2.798579660409633263e+01
3.896967360951185122e-01 2.975874877380206840e+01
3.978071360494027653e-01 3.164402075489405419e+01
4.060863303027552607e-01 3.364873739573579314e+01
4.145378318157649788e-01 3.578139645133007463e+01
4.231652266610403390e-01 3.804922356966380903e+01
4.319721755448220901e-01 4.046078571090653497e+01
4.409624153602658136e-01 4.302555613475534813e+01
4.501397607730483474e-01 4.575345506902014137e+01
4.595081058399779206e-01 4.865430778387659672e+01
4.690714256612865118e-01 5.173921999806523786e+01
4.788337780673142530e-01 5.502194185222425915e+01
4.887993053402931998e-01 5.851294405487271888e+01
4.989722359719687139e-01 6.222544146413583377e+01
5.093568864577977529e-01 6.617647851240178625e+01
5.199576631284887895e-01 7.037862833622912717e+01
5.307790640196620169e-01 7.484761108224932968e+01
5.418256807804173736e-01 7.960324093859574646e+01
5.531022006216277376e-01 8.466107247166110028e+01
5.646134083047763541e-01 9.004088595665001549e+01
5.763641881721900395e-01 9.576500341732007371e+01
5.883595262195214781e-01 1.018530169053936589e+02
6.006045122113689017e-01 1.083295834673888152e+02
6.131043418409223289e-01 1.152191174334638930e+02
6.258643189345570734e-01 1.225471420734806998e+02
6.388898577023131020e-01 1.303445123075573520e+02
6.521864850352057097e-01 1.386380098403903958e+02
6.657598428503537225e-01 1.474605561007108463e+02
6.796156904849094404e-01 1.568450825179876631e+02
6.937599071398169448e-01 1.668276542331230985e+02
7.081984943744236149e-01 1.774465437157174676e+02
7.229375786530161108e-01 1.887417111412184738e+02
7.379834139443505192e-01 2.007567190281046692e+02
7.533423843752851123e-01 2.135369448675442641e+02
7.690210069396433701e-01 2.271319418946678184e+02
7.850259342634492432e-01 2.415928982165963816e+02
8.013639574277185984e-01 2.569758049120457031e+02
8.180420088499924525e-01 2.733386706533239021e+02
8.350671652258471189e-01 2.907443563920004408e+02
8.524466505316175002e-01 3.092590449579111009e+02
8.701878390896189419e-01 3.289533656839301443e+02
8.882982586971583938e-01 3.499029339476498421e+02
9.067855938206671462e-01 3.721871301889088954e+02
9.256576888563147198e-01 3.958920582754703901e+02
9.449225514584753682e-01 4.211072845163106422e+02
9.645883559374751615e-01 4.479292957689138461e+02
9.846634467280448444e-01 4.764610531360486334e+02
1.005156341929967390e+00 5.068109058918880123e+02
1.026075736922404058e+00 5.390950830482559013e+02
1.047430508053451392e+00 5.734367469153610273e+02
1.069229716406479680e+00 6.099667857548129177e+02
1.091482611644857048e+00 6.488248630282313343e+02
1.114198635936694659e+00 6.901598490569469959e+02
1.137387427961266795e+00 7.341290345812271880e+02
1.161058826998822235e+00 7.809003591518949179e+02
1.185222877105502892e+00 8.306525740506808688e+02
1.209889831375160485e+00 8.835758955330156823e+02
1.235070156289862053e+00 9.398721489381028960e+02
1.260774536160947035e+00 inf
1.287013877662505523e+00 inf
1.313799314459207501e+00 inf
1.341142211930455019e+00 inf
1.369054171992841074e+00 inf
1.397547038022987298e+00 inf
1.426632899882822825e+00 inf
1.456324099049463694e+00 inf
1.486633233851841318e+00 inf
1.517573164816328868e+00 inf
1.549157020123613560e+00 inf
1.581398201179137208e+00 inf
1.614310388299477594e+00 inf
1.647907546517062949e+00 inf
1.682203931505708239e+00 inf
1.717214095629459480e+00 inf
1.752952894117343119e+00 inf
1.789435491366608399e+00 inf
1.826677367377168348e+00 inf
1.864694324319941865e+00 inf
1.903502493241907789e+00 inf
1.943118340910698461e+00 inf
1.983558676801640885e+00 inf
2.024840660230225353e+00 inf
2.066981807632997992e+00 inf
2.109999999999999876e+00 inf
