# k [Mpc^-1], sensitivity [mK^2], z=7.0, 177.6 MHz
3.500000000000000333e-02 inf
3.572842282756675397e-02 inf
3.647200564986839699e-02 inf
3.723106397794004319e-02 inf
3.800591988925806214e-02 inf
3.879690216440116746e-02 inf
3.960434642655615706e-02 inf
4.042859528392659524e-02 inf
4.126999847510574859e-02 inf
4.212891301747467149e-02 inf
4.300570335868902916e-02 inf
4.390074153131857948e-02 inf
4.481440731070487210e-02 inf
4.574708837610465956e-02 inf
4.669918047518661214e-02 inf
4.767108759195193973e-02 inf
4.866322211814942678e-02 inf
4.967600502825834929e-02 inf
5.070986605811275694e-02 inf
5.176524388724366293e-02 inf
5.284258632501594166e-02 inf
5.394235050063903719e-02 inf
5.506500305713256382e-02 inf
5.621102034932823344e-02 inf
5.738088864599311806e-02 inf
5.857510433615904094e-02 inf
5.979417413974657397e-02 inf
6.103861532257209149e-02 inf
6.230895591583001519e-02 inf
6.360573494014265528e-02 inf
6.492950263427293978e-02 inf
6.628082068859754428e-02 inf
6.766026248343849636e-02 inf
6.906841333235554103e-02 inf
7.050587073050135212e-02 inf
7.197324460814619185e-02 inf
7.347115758947816988e-02 inf
7.500024525679045706e-02 inf
7.656115642016625422e-02 inf
7.815455339277647961e-02 inf
7.978111227190747001e-02 inf
8.144152322583671222e-02 inf
8.313649078667982584e-02 inf
8.486673414933156023e-02 inf
8.663298747662909194e-02 inf
8.843600021086570062e-02 inf
9.027653739178835568e-02 inf
9.215537998121303698e-02 inf
9.407332519439604024e-02 inf
9.603118683830201563e-02 inf
9.802979565691193053e-02 inf
1.000699996837176586e-01 inf
1.021526646015524509e-01 inf
1.042786741099108044e-01 inf
1.064489302999123421e-01 inf
1.086643540370700461e-01 inf
1.109258853520242866e-01 inf
1.132344838394090808e-01 inf
1.155911290650195183e-01 inf
1.179968209814531294e-01 inf
1.204525803524016392e-01 1.019487219238412040e-01
1.229594491857733396e-01 1.042132669213081814e-01
1.255184911758291388e-01 1.065281133247053258e-01
1.281307921545208894e-01 1.088943784584582297e-01
1.307974605522227440e-01 1.113132044656600789e-01
1.335196278680513826e-01 1.137857588593584879e-01
1.362984491499744655e-01 1.163132350860877628e-01
1.391351034849112878e-01 1.188968531019189423e-01
1.420307944990333859e-01 1.215378599613051169e-01
1.449867508684773432e-01 1.242375304190065366e-01
1.480042268406868700e-01 1.269971675453864524e-01
1.510845027666047613e-01 1.298181033553735264e-01
1.542288856439409939e-01 1.327016994513959269e-01
1.574387096717475842e-01 1.356493476805960552e-01
1.607153368165349372e-01 1.391204926569331313e-01
1.640601573901705190e-01 1.433921474383198225e-01
1.674745906398046880e-01 1.477949621532494706e-01
1.709600853500741757e-01 1.523329640298215493e-01
1.745181204578385992e-01 1.570103039510179488e-01
1.781502056797110434e-01 1.618312602514909160e-01
1.818578821526486422e-01 1.668002426309294906e-01
1.856427230878753554e-01 1.719217961875856293e-01
1.895063344384143311e-01 1.772006055756480680e-01
1.934503555805126840e-01 1.826414992902672951e-01
1.974764600092484834e-01 1.882494540841509190e-01
2.015863560486145234e-01 1.956934812959111036e-01
2.057817875763805759e-01 2.047704959956085369e-01
2.100645347640413829e-01 2.142685374730652070e-01
2.144364148321648011e-01 2.242071345660606452e-01
2.188992828214597897e-01 2.346067219348183241e-01
2.234550323798925042e-01 2.454886820775278589e-01
2.281055965661834550e-01 2.568753892947070461e-01
2.328529486700275375e-01 2.687902556928004061e-01
2.376991030493841028e-01 2.812577793216008426e-01
2.426461159851931171e-01 2.952133938132844304e-01
2.476960865538796186e-01 3.102441285635191282e-01
2.528511575180167337e-01 3.260401503632798237e-01
2.581135162355253088e-01 3.426404236596078956e-01
2.634853955877961562e-01 3.600858967670811372e-01
2.689690749271278492e-01 3.784196028760582475e-01
2.745668810438831597e-01 3.976867662037379958e-01
2.802811891537738131e-01 4.183973000750801363e-01
2.861144239056928607e-01 4.418119035274741813e-01
2.920690604105219967e-01 4.665368492185358318e-01
2.981476252913505820e-01 4.926454673153092267e-01
3.043526977555517377e-01 5.202151917321191643e-01
3.106869106891708698e-01 5.493277897869651705e-01
3.171529517740905302e-01 5.800696047100867281e-01
3.237535646284456226e-01 6.139901683327871895e-01
3.304915499707733462e-01 6.504146928725752508e-01
3.373697668083914247e-01 6.890000760976939809e-01
3.443911336505087739e-01 7.298745093933974859e-01
3.515586297465838617e-01 7.731737890065459862e-01
3.588752963504552862e-01 8.190911035572967513e-01
3.663442380107827523e-01 8.694197785561559311e-01
3.739686238883428437e-01 9.228408757729331668e-01
3.817516891007428637e-01 9.795444076642296771e-01
3.896967360951185122e-01 1.039732061914381278e+00
3.978071360494027653e-01 1.103617918814452148e+00
4.060863303027552607e-01 1.172670823275391960e+00
4.145378318157649788e-01 1.246166721089436269e+00
4.231652266610403390e-01 1.324268896205074153e+00
4.319721755448220901e-01 1.407266042157727215e+00
4.409624153602658136e-01 1.495584122900794233e+00
4.501397607730483474e-01 1.589757931246829292e+00
4.595081058399779206e-01 1.689861667600657036e+00
4.690714256612865118e-01 1.796268727142898314e+00
4.788337780673142530e-01 1.909386768385355149e+00
4.887993053402931998e-01 2.029795618293029680e+00
4.989722359719687139e-01 2.157797634434043932e+00
5.093568864577977529e-01 2.293871653484371276e+00
5.199576631284887895e-01 2.438577481645057610e+00
5.307790640196620169e-01 2.592661023918742202e+00
5.418256807804173736e-01 2.756480462705168222e+00
5.531022006216277376e-01 2.930650968706601134e+00
5.646134083047763541e-01 3.115796926038781667e+00
5.763641881721900395e-01 3.312616810368450793e+00
5.883595262195214781e-01 3.521869490476234876e+00
6.006045122113689017e-01 3.744381322374958465e+00
6.131043418409223289e-01 3.981096627301094149e+00
6.258643189345570734e-01 4.232776790440628822e+00
6.388898577023131020e-01 4.500401885812546077e+00
6.521864850352057097e-01 4.785281887247398558e+00
6.657598428503537225e-01 5.088195081556293964e+00
6.796156904849094404e-01 5.410345554807203250e+00
6.937599071398169448e-01 5.753256284238402962e+00
7.081984943744236149e-01 6.117900887627894413e+00
7.229375786530161108e-01 6.505786374840763386e+00
7.379834139443505192e-01 6.918489457300259104e+00
7.533423843752851123e-01 7.357372900512175740e+00
7.690210069396433701e-01 7.824345527212774876e+00
7.850259342634492432e-01 8.321042570529618487e+00
8.013639574277185984e-01 8.849342812970425243e+00
8.180420088499924525e-01 9.411398484446696244e+00
8.350671652258471189e-01 1.000915246533592473e+01
8.524466505316175002e-01 1.064519575476525226e+01
8.701878390896189419e-01 1.132169707058194597e+01
8.882982586971583938e-01 1.204133397079189827e+01
9.067855938206671462e-01 1.280679989721273060e+01
9.256576888563147198e-01 1.362097484651809687e+01
9.449225514584753682e-01 1.448696577582613898e+01
9.645883559374751615e-01 1.540811303220741557e+01
9.846634467280448444e-01 1.638797972220489640e+01
1.005156341929967390e+00 1.743022831095472469e+01
1.026075736922404058e+00 1.853885748064574202e+01
1.047430508053451392e+00 1.971809074517934590e+01
1.069229716406479680e+00 2.097242022682874207e+01
1.091482611644857048e+00 2.230671234171501283e+01
1.114198635936694659e+00 2.372597337577474264e+01
1.137387427961266795e+00 2.523558118994639798e+01
1.161058826998822235e+00 2.684132272049665247e+01
1.185222877105502892e+00 2.854952299087937106e+01
1.209889831375160485e+00 3.036647392925780764e+01
1.235070156289862053e+00 3.229908985771738372e+01
1.260774536160947035e+00 3.435503865553874903e+01
1.287013877662505523e+00 3.654190474598807015e+01
1.313799314459207501e+00 3.886803461047898622e+01
1.341142211930455019e+00 4.134231158795299166e+01
1.369054171992841074e+00 4.397424137917306552e+01
1.397547038022987298e+00 4.677387862172415822e+01
1.426632899882822825e+00 4.975182411425895879e+01
1.456324099049463694e+00 5.291954785827032737e+01
1.486633233851841318e+00 5.628911957578225156e+01
1.517573164816328868e+00 5.987339866203966920e+01
1.549157020123613560e+00 6.368607473346833103e+01
1.581398201179137208e+00 6.774177795946367553e+01
1.614310388299477594e+00 inf
1.647907546517062949e+00 inf
1.682203931505708239e+00 inf
1.717214095629459480e+00 inf
1.752952894117343119e+00 inf
1.789435491366608399e+00 inf
1.826677367377168348e+00 inf
1.864694324319941865e+00 inf
1.903502493241907789e+00 inf
1.943118340910698461e+00 inf
1.983558676801640885e+00 inf
2.024840660230225353e+00 inf
2.066981807632997992e+00 inf
2.109999999999999876e+00 inf
