# k [Mpc^-1], sensitivity [mK^2], z=12.0, 109.3 MHz
3.500000000000000333e-02 3.240303479857475910e-02
3.572842282756675397e-02 3.385391590889078040e-02
3.647200564986839699e-02 3.536976179825784827e-02
3.723106397794004319e-02 3.695348133528486567e-02
3.800591988925806214e-02 3.860811363633525478e-02
3.879690216440116746e-02 4.033683389751143572e-02
3.960434642655615706e-02 4.214295948777344036e-02
4.042859528392659524e-02 4.402995631488276773e-02
4.126999847510574859e-02 4.600144547638914533e-02
4.212891301747467149e-02 4.806121020842162028e-02
4.300570335868902916e-02 5.021320314561999315e-02
4.390074153131857948e-02 5.246155390613724961e-02
4.481440731070487210e-02 5.481057701626852047e-02
4.574708837610465956e-02 5.726478018991461305e-02
4.669918047518661214e-02 5.982887297876661459e-02
4.767108759195193973e-02 6.250777580981281556e-02
4.866322211814942678e-02 6.530662942750899147e-02
4.967600502825834929e-02 6.823080475873295747e-02
5.070986605811275694e-02 7.128591321945219883e-02
5.176524388724366293e-02 7.447781748288492820e-02
5.284258632501594166e-02 7.781264272981634755e-02
5.394235050063903719e-02 8.129678840266008066e-02
5.506500305713256382e-02 8.493694048582139944e-02
5.621102034932823344e-02 8.874008433592565914e-02
5.738088864599311806e-02 9.271351808653571780e-02
5.857510433615904094e-02 9.686486665307843247e-02
5.979417413974657397e-02 1.012020963648588567e-01
6.103861532257209149e-02 1.057335302522370013e-01
6.230895591583001519e-02 1.104678640183058835e-01
6.360573494014265528e-02 1.180141527558464382e-01
6.492950263427293978e-02 1.264550685539768682e-01
6.628082068859754428e-02 1.354997175302673773e-01
6.766026248343849636e-02 1.451912814625160586e-01
6.906841333235554103e-02 1.555760306881725785e-01
7.050587073050135212e-02 1.667035450123489637e-01
7.197324460814619185e-02 1.786269504161928923e-01
7.347115758947816988e-02 1.914031726957297064e-01
7.500024525679045706e-02 2.050932092421272335e-01
7.656115642016625422e-02 2.197624202609337885e-01
7.815455339277647961e-02 2.354808408206577608e-01
7.978111227190747001e-02 2.523235152205017817e-01
8.144152322583671222e-02 2.703708552736127091e-01
8.313649078667982584e-02 2.897090242164057639e-01
8.486673414933156023e-02 3.104303480768447199e-01
8.663298747662909194e-02 3.326337564656850487e-01
8.843600021086570062e-02 3.564252548951272748e-01
9.027653739178835568e-02 3.819184308798855843e-01
9.215537998121303698e-02 4.092349962369299377e-01
9.407332519439604024e-02 4.378743924947935962e-01
9.603118683830201563e-02 4.657759751022376160e-01
9.802979565691193053e-02 4.954554609745071558e-01
1.000699996837176586e-01 5.270261390265564838e-01
1.021526646015524509e-01 5.606085170015521202e-01
1.042786741099108044e-01 5.963307814583429511e-01
1.064489302999123421e-01 6.343292870695603769e-01
1.086643540370700461e-01 6.747490770980513197e-01
1.109258853520242866e-01 7.177444370383382344e-01
1.132344838394090808e-01 7.634794835363974963e-01
1.155911290650195183e-01 8.121287908357116558e-01
1.179968209814531294e-01 8.638780571407878028e-01
1.204525803524016392e-01 9.189248134417024039e-01
1.229594491857733396e-01 9.774791775053165432e-01
1.255184911758291388e-01 1.039410993857661669e+00
1.281307921545208894e-01 1.104014320642955571e+00
1.307974605522227440e-01 1.172632988670926357e+00
1.335196278680513826e-01 1.245516566595347152e+00
1.362984491499744655e-01 1.322930134706284955e+00
1.391351034849112878e-01 1.405155249036995846e+00
1.420307944990333859e-01 1.492490965393715951e+00
1.449867508684773432e-01 1.585254927032775596e+00
1.480042268406868700e-01 1.683784519940969782e+00
1.510845027666047613e-01 1.788438099920963253e+00
1.542288856439409939e-01 1.899596295944708357e+00
1.574387096717475842e-01 2.017884651502649174e+00
1.607153368165349372e-01 2.143894726118011018e+00
1.640601573901705190e-01 2.277773703890322299e+00
1.674745906398046880e-01 2.420012971219301257e+00
1.709600853500741757e-01 2.571134599924096431e+00
1.745181204578385992e-01 2.731693263443989217e+00
1.781502056797110434e-01 2.902278272699364337e+00
1.818578821526486422e-01 3.083515739085291418e+00
1.856427230878753554e-01 3.276070872536769318e+00
1.895063344384143311e-01 3.481281859509755439e+00
1.934503555805126840e-01 3.699903879631995185e+00
1.974764600092484834e-01 3.932255206834547323e+00
2.015863560486145234e-01 4.179198031818970094e+00
2.057817875763805759e-01 4.441648690248511500e+00
2.100645347640413829e-01 4.720581063013113976e+00
2.144364148321648011e-01 5.017030190028657799e+00
2.188992828214597897e-01 5.332166917592426891e+00
2.234550323798925042e-01 5.668218455455099836e+00
2.281055965661834550e-01 6.025449119523909047e+00
2.328529486700275375e-01 6.405193691331794170e+00
2.376991030493841028e-01 6.808871074944577551e+00
2.426461159851931171e-01 7.237989598652935896e+00
2.476960865538796186e-01 7.694152650795272663e+00
2.528511575180167337e-01 8.179835964831049466e+00
2.581135162355253088e-01 8.696770307690583124e+00
2.634853955877961562e-01 9.246372923603090044e+00
2.689690749271278492e-01 9.830708322460417037e+00
2.745668810438831597e-01 1.045197148328223236e+01
2.802811891537738131e-01 1.111249609936586857e+01
2.861144239056928607e-01 1.181565133296308723e+01
2.920690604105219967e-01 1.256345021901120518e+01
2.981476252913505820e-01 1.335857643033463305e+01
3.043526977555517377e-01 1.420402525852781039e+01
3.106869106891708698e-01 1.510298156372055622e+01
3.171529517740905302e-01 1.605978079592602725e+01
3.237535646284456226e-01 1.707753601077694583e+01
3.304915499707733462e-01 1.815978934615134932e+01
3.373697668083914247e-01 1.931062823632650804e+01
3.443911336505087739e-01 2.053452274239963771e+01
3.515586297465838617e-01 2.183694785548136252e+01
3.588752963504552862e-01 2.322198074067764395e+01
3.663442380107827523e-01 2.469486088849374283e+01
3.739686238883428437e-01 2.626116010999075812e+01
3.817516891007428637e-01 2.792783894344160345e+01
3.896967360951185122e-01 2.970042206310073496e+01
3.978071360494027653e-01 3.158551123532141958e+01
4.060863303027552607e-01 3.359025940451105896e+01
4.145378318157649788e-01 3.572349561588302436e+01
4.231652266610403390e-01 3.799220850454733522e+01
4.319721755448220901e-01 4.040500186692933937e+01
4.409624153602658136e-01 4.297148257335208399e+01
4.501397607730483474e-01 4.570167487862542544e+01
4.595081058399779206e-01 4.860532989864342568e+01
4.690714256612865118e-01 5.169355309723920300e+01
4.788337780673142530e-01 5.497932587725797049e+01
4.887993053402931998e-01 5.847395067295457238e+01
4.989722359719687139e-01 6.219070264587342223e+01
5.093568864577977529e-01 6.614460462201719793e+01
5.199576631284887895e-01 7.034995646628202337e+01
5.307790640196620169e-01 7.482267681679358873e+01
5.418256807804173736e-01 7.958094966034559548e+01
5.531022006216277376e-01 8.464183694838672523e+01
5.646134083047763541e-01 9.002486309502245376e+01
5.763641881721900395e-01 9.575140720030627506e+01
5.883595262195214781e-01 1.018422207558543988e+02
6.006045122113689017e-01 1.083212250161911072e+02
6.131043418409223289e-01 1.152129718595355854e+02
6.258643189345570734e-01 1.225433059938268059e+02
6.388898577023131020e-01 1.303411371588183556e+02
6.521864850352057097e-01 1.386351698126188978e+02
6.657598428503537225e-01 1.474580426235483515e+02
6.796156904849094404e-01 1.568428334550914940e+02
6.937599071398169448e-01 1.668256418890312318e+02
7.081984943744236149e-01 1.774447214988553014e+02
7.229375786530161108e-01 1.887400891334210939e+02
7.379834139443505192e-01 2.007552778238385258e+02
7.533423843752851123e-01 2.135357368241164693e+02
7.690210069396433701e-01 2.271310768704377381e+02
7.850259342634492432e-01 2.415923159339164101e+02
8.013639574277185984e-01 2.569752219616194679e+02
8.180420088499924525e-01 2.733380771610518991e+02
8.350671652258471189e-01 2.907437303901571681e+02
8.524466505316175002e-01 3.092584491657545414e+02
8.701878390896189419e-01 3.289528678551596954e+02
8.882982586971583938e-01 3.499025961083443690e+02
9.067855938206671462e-01 3.721869799529072793e+02
9.256576888563147198e-01 3.958919424214084870e+02
9.449225514584753682e-01 4.211072093305763246e+02
9.645883559374751615e-01 4.479292688658339898e+02
9.846634467280448444e-01 4.764610368336124111e+02
1.005156341929967390e+00 5.068108934658972089e+02
1.026075736922404058e+00 5.390950807151763229e+02
1.047430508053451392e+00 5.734367469153610273e+02
1.069229716406479680e+00 6.099667857548129177e+02
1.091482611644857048e+00 6.488248630282313343e+02
1.114198635936694659e+00 6.901598490569469959e+02
1.137387427961266795e+00 7.341290345812271880e+02
1.161058826998822235e+00 7.809003591518949179e+02
1.185222877105502892e+00 8.306525740506808688e+02
1.209889831375160485e+00 8.835758955330156823e+02
1.235070156289862053e+00 9.398721489381028960e+02
1.260774536160947035e+00 2.293731596885442559e+04
1.287013877662505523e+00 inf
1.313799314459207501e+00 inf
1.341142211930455019e+00 inf
1.369054171992841074e+00 inf
1.397547038022987298e+00 inf
1.426632899882822825e+00 inf
1.456324099049463694e+00 inf
1.486633233851841318e+00 inf
1.517573164816328868e+00 inf
1.549157020123613560e+00 inf
1.581398201179137208e+00 inf
1.614310388299477594e+00 inf
1.647907546517062949e+00 inf
1.682203931505708239e+00 inf
1.717214095629459480e+00 inf
1.752952894117343119e+00 inf
1.789435491366608399e+00 inf
1.826677367377168348e+00 inf
1.864694324319941865e+00 inf
1.903502493241907789e+00 inf
1.943118340910698461e+00 inf
1.983558676801640885e+00 inf
2.024840660230225353e+00 inf
2.066981807632997992e+00 inf
2.109999999999999876e+00 inf
