# k [Mpc^-1], sensitivity [mK^2], z=6.0, 202.9 MHz
3.500000000000000333e-02 inf
3.572842282756675397e-02 inf
3.647200564986839699e-02 inf
3.723106397794004319e-02 inf
3.800591988925806214e-02 inf
3.879690216440116746e-02 inf
3.960434642655615706e-02 inf
4.042859528392659524e-02 inf
4.126999847510574859e-02 inf
4.212891301747467149e-02 inf
4.300570335868902916e-02 5.444583466801389271e-02
4.390074153131857948e-02 5.514382850117705709e-02
4.481440731070487210e-02 5.585077059262488763e-02
4.574708837610465956e-02 5.656677565873816788e-02
4.669918047518661214e-02 5.729195988655785138e-02
4.767108759195193973e-02 5.802644095263916751e-02
4.866322211814942678e-02 5.877033804214679136e-02
4.967600502825834929e-02 5.952377186819541449e-02
5.070986605811275694e-02 6.028686469143795801e-02
5.176524388724366293e-02 6.105974033990491101e-02
5.284258632501594166e-02 6.184252422909810448e-02
5.394235050063903719e-02 6.263534338234202914e-02
5.506500305713256382e-02 6.343832645139609039e-02
5.621102034932823344e-02 6.425160373733106167e-02
5.738088864599311806e-02 6.507530721167317789e-02
5.857510433615904094e-02 6.590957053781942854e-02
5.979417413974657397e-02 6.675452909272720781e-02
6.103861532257209149e-02 6.761031998888195060e-02
6.230895591583001519e-02 6.847708209654694567e-02
6.360573494014265528e-02 6.935495606629762944e-02
6.492950263427293978e-02 7.024408435184516242e-02
6.628082068859754428e-02 7.114461123315289626e-02
6.766026248343849636e-02 7.205668283984836830e-02
6.906841333235554103e-02 7.298044717493634703e-02
7.050587073050135212e-02 7.391605413881528752e-02
7.197324460814619185e-02 7.486365555360188773e-02
7.347115758947816988e-02 7.582340518776746474e-02
7.500024525679045706e-02 7.679545878109010626e-02
7.656115642016625422e-02 7.777997406992682994e-02
7.815455339277647961e-02 7.877711081280965033e-02
7.978111227190747001e-02 7.978703081636977223e-02
8.144152322583671222e-02 8.080989796159401828e-02
8.313649078667982584e-02 8.184587823041844512e-02
8.486673414933156023e-02 8.289513973266182667e-02
8.663298747662909194e-02 8.365649010681028286e-02
8.843600021086570062e-02 8.433483323039994706e-02
9.027653739178835568e-02 8.501867681656859188e-02
9.215537998121303698e-02 8.570806546676872084e-02
9.407332519439604024e-02 8.640304414411131839e-02
9.603118683830201563e-02 8.710365817629864282e-02
9.802979565691193053e-02 8.780995325858045875e-02
1.000699996837176586e-01 8.852197545673436141e-02
1.021526646015524509e-01 8.923977121007017899e-02
1.042786741099108044e-01 8.996338733445904956e-02
1.064489302999123421e-01 9.069287102538663159e-02
1.086643540370700461e-01 9.142826986103143316e-02
1.109258853520242866e-01 9.216963180536767719e-02
1.132344838394090808e-01 9.291700521129392376e-02
1.155911290650195183e-01 9.367043882378653374e-02
1.179968209814531294e-01 9.442998178307897283e-02
1.204525803524016392e-01 9.519568362786667848e-02
1.229594491857733396e-01 9.596759429853828072e-02
1.255184911758291388e-01 9.674576414043266348e-02
1.281307921545208894e-01 9.741252758487826957e-02
1.307974605522227440e-01 9.684865960285092557e-02
1.335196278680513826e-01 9.628805554497207875e-02
1.362984491499744655e-01 9.573069651816545900e-02
1.391351034849112878e-01 9.517656373871637154e-02
1.420307944990333859e-01 9.462563853163875882e-02
1.449867508684773432e-01 9.407790233004606484e-02
1.480042268406868700e-01 9.353333667452509714e-02
1.510845027666047613e-01 9.299192321251432969e-02
1.542288856439409939e-01 9.245364369768499513e-02
1.574387096717475842e-01 9.191847998932659025e-02
1.607153368165349372e-01 9.138641405173507370e-02
1.640601573901705190e-01 9.085742795360547686e-02
1.674745906398046880e-01 9.033150386742713756e-02
1.709600853500741757e-01 8.972355233320190859e-02
1.745181204578385992e-01 8.850718599851641055e-02
1.781502056797110434e-01 8.730730972716078953e-02
1.818578821526486422e-01 8.612369996626213775e-02
1.856427230878753554e-01 8.495613619361433444e-02
1.895063344384143311e-01 8.380440087659178638e-02
1.934503555805126840e-01 8.266827943162023684e-02
1.974764600092484834e-01 8.154756018419709318e-02
2.015863560486145234e-01 8.044203432945347398e-02
2.057817875763805759e-01 7.935149589325120323e-02
2.100645347640413829e-01 7.827574169380709102e-02
2.144364148321648011e-01 7.732584674310581663e-02
2.188992828214597897e-01 7.666018780884781281e-02
2.234550323798925042e-01 7.600025919421017628e-02
2.281055965661834550e-01 7.534601156978230907e-02
2.328529486700275375e-01 7.469739603080526036e-02
2.376991030493841028e-01 7.405436409351648375e-02
2.426461159851931171e-01 7.341686769152534764e-02
2.476960865538796186e-01 7.278485917222052293e-02
2.528511575180167337e-01 7.215829129320763813e-02
2.581135162355253088e-01 7.147869524325765889e-02
2.634853955877961562e-01 7.073088389027798462e-02
2.689690749271278492e-01 6.999089615268100362e-02
2.745668810438831597e-01 6.925865017966660597e-02
2.802811891537738131e-01 6.853406497675902653e-02
2.861144239056928607e-01 6.781706039684815002e-02
2.920690604105219967e-01 6.710755713132432465e-02
2.981476252913505820e-01 6.640547670130593494e-02
3.043526977555517377e-01 6.668360521916717742e-02
3.106869106891708698e-01 6.701147394810326452e-02
3.171529517740905302e-01 6.734095473600142101e-02
3.237535646284456226e-01 6.767205550900355637e-02
3.304915499707733462e-01 6.800478423222279523e-02
3.373697668083914247e-01 6.833914890993494917e-02
3.443911336505087739e-01 6.856707363854723514e-02
3.515586297465838617e-01 6.867386619118896751e-02
3.588752963504552862e-01 6.878082507219640540e-02
3.663442380107827523e-01 6.888795054062436807e-02
3.739686238883428437e-01 6.899524285593111594e-02
3.817516891007428637e-01 6.910270227797911391e-02
3.896967360951185122e-01 6.895070834020468331e-02
3.978071360494027653e-01 6.871398714148302389e-02
4.060863303027552607e-01 6.847807865269971150e-02
4.145378318157649788e-01 6.824298008366337653e-02
4.231652266610403390e-01 6.800868865376194505e-02
4.319721755448220901e-01 6.807518360885196629e-02
4.409624153602658136e-01 6.831317410036942539e-02
4.501397607730483474e-01 6.855199660542030116e-02
4.595081058399779206e-01 6.879165403271962631e-02
4.690714256612865118e-01 6.903106720995676182e-02
4.788337780673142530e-01 6.916728440842401238e-02
4.887993053402931998e-01 6.930377040072441264e-02
4.989722359719687139e-01 6.944052571726171130e-02
5.093568864577977529e-01 6.957755088948644473e-02
5.199576631284887895e-01 6.945687285534259126e-02
5.307790640196620169e-01 6.926651849872912659e-02
5.418256807804173736e-01 6.907668582959729242e-02
5.531022006216277376e-01 6.888737341820395932e-02
5.646134083047763541e-01 6.877364667925991992e-02
5.763641881721900395e-01 6.866841217722556567e-02
5.883595262195214781e-01 6.856333870053964163e-02
6.006045122113689017e-01 6.848127531019992942e-02
6.131043418409223289e-01 6.845194776916188606e-02
6.258643189345570734e-01 6.842263278782949321e-02
6.388898577023131020e-01 6.839333036082406725e-02
6.521864850352057097e-01 6.832732264076424311e-02
6.657598428503537225e-01 6.825957561746277824e-02
6.796156904849094404e-01 6.819189576581374812e-02
6.937599071398169448e-01 6.790573710830297149e-02
7.081984943744236149e-01 6.757309009007074485e-02
7.229375786530161108e-01 6.724207259599138120e-02
7.379834139443505192e-01 6.701584105432979721e-02
7.533423843752851123e-01 6.680482954571784204e-02
7.690210069396433701e-01 6.657466551910856678e-02
7.850259342634492432e-01 6.617152903494101512e-02
8.013639574277185984e-01 6.577083370498125470e-02
8.180420088499924525e-01 6.541917314206548151e-02
8.350671652258471189e-01 6.512023999907642913e-02
8.524466505316175002e-01 6.482267283214128428e-02
8.701878390896189419e-01 6.446020084942377659e-02
8.882982586971583938e-01 6.409888492416752903e-02
9.067855938206671462e-01 6.369151953112467401e-02
9.256576888563147198e-01 6.325727378249874910e-02
9.449225514584753682e-01 6.286348123254457965e-02
9.645883559374751615e-01 6.253846266104216844e-02
9.846634467280448444e-01 6.218678453677103923e-02
1.005156341929967390e+00 6.172580335511414912e-02
1.026075736922404058e+00 6.125331556402840993e-02
1.047430508053451392e+00 6.069022932581245172e-02
1.069229716406479680e+00 6.013976702900915988e-02
1.091482611644857048e+00 5.963487689925695695e-02
1.114198635936694659e+00 5.909282027238731139e-02
1.137387427961266795e+00 5.843269401657071732e-02
1.161058826998822235e+00 5.780392889203644913e-02
1.185222877105502892e+00 5.721502769577958142e-02
1.209889831375160485e+00 5.671954584847421765e-02
1.235070156289862053e+00 5.627463813770749307e-02
1.260774536160947035e+00 5.566967417448700356e-02
1.287013877662505523e+00 5.502249094487369346e-02
1.313799314459207501e+00 5.429196587180182276e-02
1.341142211930455019e+00 5.361879557285636339e-02
1.369054171992841074e+00 5.299967271424872034e-02
1.397547038022987298e+00 5.251641000046694541e-02
1.426632899882822825e+00 5.185467267820158266e-02
1.456324099049463694e+00 5.109949695738048858e-02
1.486633233851841318e+00 5.030376134841862967e-02
1.517573164816328868e+00 4.948910939930670216e-02
1.549157020123613560e+00 4.872685927223700114e-02
1.581398201179137208e+00 4.801656701021014828e-02
1.614310388299477594e+00 4.721064636809172571e-02
1.647907546517062949e+00 4.638703225691771098e-02
1.682203931505708239e+00 4.552344349335133572e-02
1.717214095629459480e+00 5.689100251908483369e-02
1.752952894117343119e+00 inf
1.789435491366608399e+00 inf
1.826677367377168348e+00 inf
1.864694324319941865e+00 inf
1.903502493241907789e+00 inf
1.943118340910698461e+00 inf
1.983558676801640885e+00 inf
2.024840660230225353e+00 inf
2.066981807632997992e+00 inf
2.109999999999999876e+00 inf
