# k [Mpc^-1], sensitivity [mK^2], z=8.0, 157.8 MHz
3.500000000000000333e-02 inf
3.572842282756675397e-02 inf
3.647200564986839699e-02 inf
3.723106397794004319e-02 inf
3.800591988925806214e-02 inf
3.879690216440116746e-02 inf
3.960434642655615706e-02 inf
4.042859528392659524e-02 inf
4.126999847510574859e-02 inf
4.212891301747467149e-02 inf
4.300570335868902916e-02 inf
4.390074153131857948e-02 inf
4.481440731070487210e-02 inf
4.574708837610465956e-02 inf
4.669918047518661214e-02 inf
4.767108759195193973e-02 inf
4.866322211814942678e-02 inf
4.967600502825834929e-02 inf
5.070986605811275694e-02 inf
5.176524388724366293e-02 inf
5.284258632501594166e-02 inf
5.394235050063903719e-02 inf
5.506500305713256382e-02 inf
5.621102034932823344e-02 inf
5.738088864599311806e-02 inf
5.857510433615904094e-02 inf
5.979417413974657397e-02 inf
6.103861532257209149e-02 inf
6.230895591583001519e-02 inf
6.360573494014265528e-02 inf
6.492950263427293978e-02 inf
6.628082068859754428e-02 inf
6.766026248343849636e-02 inf
6.906841333235554103e-02 inf
7.050587073050135212e-02 inf
7.197324460814619185e-02 inf
7.347115758947816988e-02 inf
7.500024525679045706e-02 inf
7.656115642016625422e-02 inf
7.815455339277647961e-02 inf
7.978111227190747001e-02 inf
8.144152322583671222e-02 inf
8.313649078667982584e-02 inf
8.486673414933156023e-02 inf
8.663298747662909194e-02 inf
8.843600021086570062e-02 inf
9.027653739178835568e-02 inf
9.215537998121303698e-02 inf
9.407332519439604024e-02 inf
9.603118683830201563e-02 inf
9.802979565691193053e-02 inf
1.000699996837176586e-01 inf
1.021526646015524509e-01 inf
1.042786741099108044e-01 inf
1.064489302999123421e-01 inf
1.086643540370700461e-01 inf
1.109258853520242866e-01 inf
1.132344838394090808e-01 1.840468869681999853e-01
1.155911290650195183e-01 1.881155751010756549e-01
1.179968209814531294e-01 1.922742089178762215e-01
1.204525803524016392e-01 1.965247768300483755e-01
1.229594491857733396e-01 2.008693112064576514e-01
1.255184911758291388e-01 2.053098893451459905e-01
1.281307921545208894e-01 2.098486344665721759e-01
1.307974605522227440e-01 2.144877167288102293e-01
1.335196278680513826e-01 2.192293542651891081e-01
1.362984491499744655e-01 2.240758142448729118e-01
1.391351034849112878e-01 2.290294139568859466e-01
1.420307944990333859e-01 2.340925219181026196e-01
1.449867508684773432e-01 2.392675590057317114e-01
1.480042268406868700e-01 2.445569996148355962e-01
1.510845027666047613e-01 2.507639311531650317e-01
1.542288856439409939e-01 2.591218874023983876e-01
1.574387096717475842e-01 2.677584141475674584e-01
1.607153368165349372e-01 2.766827961371072786e-01
1.640601573901705190e-01 2.859046275799116965e-01
1.674745906398046880e-01 2.954338224596440021e-01
1.709600853500741757e-01 3.052806251928222858e-01
1.745181204578385992e-01 3.154556216421391945e-01
1.781502056797110434e-01 3.259697504968560589e-01
1.818578821526486422e-01 3.368343150325037172e-01
1.856427230878753554e-01 3.480609952625350334e-01
1.895063344384143311e-01 3.613950326098525068e-01
1.934503555805126840e-01 3.773653262469397474e-01
1.974764600092484834e-01 3.940413580814031702e-01
2.015863560486145234e-01 4.114543151668158538e-01
2.057817875763805759e-01 4.296367627339757189e-01
2.100645347640413829e-01 4.486227050935001071e-01
2.144364148321648011e-01 4.684476492297474093e-01
2.188992828214597897e-01 4.891486712049962771e-01
2.234550323798925042e-01 5.107644854980725180e-01
2.281055965661834550e-01 5.353235649396715923e-01
2.328529486700275375e-01 5.624078241398215994e-01
2.376991030493841028e-01 5.908623893464025612e-01
2.426461159851931171e-01 6.207565900742958442e-01
2.476960865538796186e-01 6.521632635086479501e-01
2.528511575180167337e-01 6.851589319725880367e-01
2.581135162355253088e-01 7.198239893737778949e-01
2.634853955877961562e-01 7.566694202181395434e-01
2.689690749271278492e-01 7.985473402751133154e-01
2.745668810438831597e-01 8.427429966399614392e-01
2.802811891537738131e-01 8.893846645848453303e-01
2.861144239056928607e-01 9.386077187855087489e-01
2.920690604105219967e-01 9.905550262382477600e-01
2.981476252913505820e-01 1.045377360922896903e+00
3.043526977555517377e-01 1.105644430099169240e+00
3.106869106891708698e-01 1.170807740875790870e+00
3.171529517740905302e-01 1.239811578458114960e+00
3.237535646284456226e-01 1.312882291783442179e+00
3.304915499707733462e-01 1.390259570105131237e+00
3.373697668083914247e-01 1.472197229230143511e+00
3.443911336505087739e-01 1.562282720604287745e+00
3.515586297465838617e-01 1.658169282665222344e+00
3.588752963504552862e-01 1.759940972086656119e+00
3.663442380107827523e-01 1.867958994060487266e+00
3.739686238883428437e-01 1.982606723084834099e+00
3.817516891007428637e-01 2.106520540097698735e+00
3.896967360951185122e-01 2.238737342713445155e+00
3.978071360494027653e-01 2.379252798279012371e+00
4.060863303027552607e-01 2.528587775847486618e+00
4.145378318157649788e-01 2.687441762031254289e+00
4.231652266610403390e-01 2.856971177721400412e+00
4.319721755448220901e-01 3.037194861540545077e+00
4.409624153602658136e-01 3.228787430164213212e+00
4.501397607730483474e-01 3.432466056490869111e+00
4.595081058399779206e-01 3.649238092707678849e+00
4.690714256612865118e-01 3.879711404735874059e+00
4.788337780673142530e-01 4.124740617532347109e+00
4.887993053402931998e-01 4.385260517237875355e+00
4.989722359719687139e-01 4.662446231836602450e+00
5.093568864577977529e-01 4.957152438108659354e+00
5.199576631284887895e-01 5.270486579952855521e+00
5.307790640196620169e-01 5.603752910779950192e+00
5.418256807804173736e-01 5.958241819653489202e+00
5.531022006216277376e-01 6.335155412219394933e+00
5.646134083047763541e-01 6.735987553026915542e+00
5.763641881721900395e-01 7.162740580660917900e+00
5.883595262195214781e-01 7.616530200206796941e+00
6.006045122113689017e-01 8.099069293014855120e+00
6.131043418409223289e-01 8.612510069856076811e+00
6.258643189345570734e-01 9.158503295149339252e+00
6.388898577023131020e-01 9.739114442908983094e+00
6.521864850352057097e-01 1.035662684916230347e+01
6.657598428503537225e-01 1.101329287396197820e+01
6.796156904849094404e-01 1.171180116127663418e+01
6.937599071398169448e-01 1.245519270837819548e+01
7.081984943744236149e-01 1.324577007981982746e+01
7.229375786530161108e-01 1.408677291988008839e+01
7.379834139443505192e-01 1.498131348911718597e+01
7.533423843752851123e-01 1.593277889499484168e+01
7.690210069396433701e-01 1.694534496277421809e+01
7.850259342634492432e-01 1.802226201718153931e+01
8.013639574277185984e-01 1.916793156612795457e+01
8.180420088499924525e-01 2.038651897264193735e+01
8.350671652258471189e-01 2.168276531251353845e+01
8.524466505316175002e-01 2.306160763007689241e+01
8.701878390896189419e-01 2.452822752344660984e+01
8.882982586971583938e-01 2.608828695643928697e+01
9.067855938206671462e-01 2.774768426264608934e+01
9.256576888563147198e-01 2.951290364129177846e+01
9.449225514584753682e-01 3.139051520334617962e+01
9.645883559374751615e-01 3.338778843044091360e+01
9.846634467280448444e-01 3.551225245009528209e+01
1.005156341929967390e+00 3.777205784446034187e+01
1.026075736922404058e+00 4.017583634349119137e+01
1.047430508053451392e+00 4.273271596507527192e+01
1.069229716406479680e+00 4.545248400225305119e+01
1.091482611644857048e+00 4.834542015897268641e+01
1.114198635936694659e+00 5.142270701693671242e+01
1.137387427961266795e+00 5.469599850752836545e+01
1.161058826998822235e+00 5.817780175851371638e+01
1.185222877105502892e+00 6.188163611621563120e+01
1.209889831375160485e+00 6.582141384533456119e+01
1.235070156289862053e+00 7.001220210959452572e+01
1.260774536160947035e+00 7.447003413557445128e+01
1.287013877662505523e+00 7.921186342110038936e+01
1.313799314459207501e+00 8.425581043363979461e+01
1.341142211930455019e+00 8.962117401197566835e+01
1.369054171992841074e+00 9.532843951604864685e+01
1.397547038022987298e+00 1.013994009132044170e+02
1.426632899882822825e+00 1.078572288976895805e+02
1.456324099049463694e+00 1.147268108248919276e+02
1.486633233851841318e+00 1.220339866134705460e+02
1.517573164816328868e+00 inf
1.549157020123613560e+00 inf
1.581398201179137208e+00 inf
1.614310388299477594e+00 inf
1.647907546517062949e+00 inf
1.682203931505708239e+00 inf
1.717214095629459480e+00 inf
1.752952894117343119e+00 inf
1.789435491366608399e+00 inf
1.826677367377168348e+00 inf
1.864694324319941865e+00 inf
1.903502493241907789e+00 inf
1.943118340910698461e+00 inf
1.983558676801640885e+00 inf
2.024840660230225353e+00 inf
2.066981807632997992e+00 inf
2.109999999999999876e+00 inf
