# k [Mpc^-1], sensitivity [mK^2], z=9.0, 142.0 MHz
3.500000000000000333e-02 inf
3.572842282756675397e-02 6.634852462031163439e-03
3.647200564986839699e-02 6.890081553243786877e-03
3.723106397794004319e-02 7.155128781238495085e-03
3.800591988925806214e-02 7.430371829489446599e-03
3.879690216440116746e-02 7.716202910175127237e-03
3.960434642655615706e-02 8.013029323067705906e-03
4.042859528392659524e-02 8.321274035921579978e-03
4.126999847510574859e-02 8.641376287188412900e-03
4.212891301747467149e-02 8.973792211917229825e-03
4.300570335868902916e-02 9.318995491731731778e-03
4.390074153131857948e-02 9.677478029810821988e-03
4.481440731070487210e-02 1.004975065183421126e-02
4.574708837610465956e-02 1.043634383389207936e-02
4.669918047518661214e-02 1.083780845839576665e-02
4.767108759195193973e-02 1.125471659906692075e-02
4.866322211814942678e-02 1.168766233612344822e-02
4.967600502825834929e-02 1.213726260282411637e-02
5.070986605811275694e-02 1.260415806457781084e-02
5.176524388724366293e-02 1.308901403187049534e-02
5.284258632501594166e-02 1.359252140831046507e-02
5.394235050063903719e-02 1.411539767514293983e-02
5.506500305713256382e-02 1.465838791363704638e-02
5.621102034932823344e-02 1.522226586680170725e-02
5.738088864599311806e-02 1.580783504194374980e-02
5.857510433615904094e-02 1.641592985563899293e-02
5.979417413974657397e-02 1.704741682274816747e-02
6.103861532257209149e-02 1.770319579117163311e-02
6.230895591583001519e-02 1.838420122410277038e-02
6.360573494014265528e-02 1.909140353160687989e-02
6.492950263427293978e-02 1.982581045342314205e-02
6.628082068859754428e-02 2.058846849496033526e-02
6.766026248343849636e-02 2.138046441853203375e-02
6.906841333235554103e-02 2.220292679195686944e-02
7.050587073050135212e-02 2.305702759672993707e-02
7.197324460814619185e-02 2.434997604472995472e-02
7.347115758947816988e-02 2.612130187997163677e-02
7.500024525679045706e-02 2.802148185489834742e-02
7.656115642016625422e-02 3.005988939419779876e-02
7.815455339277647961e-02 3.224657978726593044e-02
7.978111227190747001e-02 3.459233979008656534e-02
8.144152322583671222e-02 3.710874083537220314e-02
8.313649078667982584e-02 3.980819611344879605e-02
8.486673414933156023e-02 4.270402180545725124e-02
8.663298747662909194e-02 4.581050277093251522e-02
8.843600021086570062e-02 4.914296301378871801e-02
9.027653739178835568e-02 5.271784127431539818e-02
9.215537998121303698e-02 5.655277212007191884e-02
9.407332519439604024e-02 6.066667293569520669e-02
9.603118683830201563e-02 6.507983724073410081e-02
9.802979565691193053e-02 6.981403479583951632e-02
1.000699996837176586e-01 7.489261899112456544e-02
1.021526646015524509e-01 8.034064204643276419e-02
1.042786741099108044e-01 8.618497859178848863e-02
1.064489302999123421e-01 9.245445823763927262e-02
1.086643540370700461e-01 9.872003550712274422e-02
1.109258853520242866e-01 1.053124090058467216e-01
1.132344838394090808e-01 1.123450111584952393e-01
1.155911290650195183e-01 1.198472397635657744e-01
1.179968209814531294e-01 1.278504557597304747e-01
1.204525803524016392e-01 1.363881143213444558e-01
1.229594491857733396e-01 1.454959047083130286e-01
1.255184911758291388e-01 1.552118994549190611e-01
1.281307921545208894e-01 1.655767135212529995e-01
1.307974605522227440e-01 1.766336740725340526e-01
1.335196278680513826e-01 1.884290015960337072e-01
1.362984491499744655e-01 2.010120031127125839e-01
1.391351034849112878e-01 2.144352782912355981e-01
1.420307944990333859e-01 2.287549393259670216e-01
1.449867508684773432e-01 2.433981856515369524e-01
1.480042268406868700e-01 2.588759820264375788e-01
1.510845027666047613e-01 2.753380181974633412e-01
1.542288856439409939e-01 2.928468824008729765e-01
1.574387096717475842e-01 3.114691428860614786e-01
1.607153368165349372e-01 3.312756010063250822e-01
1.640601573901705190e-01 3.523415604037770099e-01
1.674745906398046880e-01 3.747471133118497888e-01
1.709600853500741757e-01 3.985774450638975841e-01
1.745181204578385992e-01 4.239231579656327353e-01
1.781502056797110434e-01 4.508678634878355296e-01
1.818578821526486422e-01 4.791437610732437458e-01
1.856427230878753554e-01 5.091929639860166557e-01
1.895063344384143311e-01 5.411266839666324380e-01
1.934503555805126840e-01 5.750631073306917695e-01
1.974764600092484834e-01 6.111278323750571895e-01
2.015863560486145234e-01 6.494543342156476884e-01
2.057817875763805759e-01 6.901844587772457684e-01
2.100645347640413829e-01 7.334689477635673027e-01
2.144364148321648011e-01 7.794339894421993264e-01
2.188992828214597897e-01 8.281183624042246505e-01
2.234550323798925042e-01 8.798436191393605998e-01
2.281055965661834550e-01 9.347996968606995249e-01
2.328529486700275375e-01 9.931883964853128743e-01
2.376991030493841028e-01 1.055224123655294832e+00
2.426461159851931171e-01 1.121134676043862965e+00
2.476960865538796186e-01 1.191162079837531529e+00
2.528511575180167337e-01 1.265767360523298635e+00
2.581135162355253088e-01 1.345138425545688188e+00
2.634853955877961562e-01 1.429486523599000636e+00
2.689690749271278492e-01 1.519123743953854744e+00
2.745668810438831597e-01 1.614381745715387284e+00
2.802811891537738131e-01 1.715612984967094912e+00
2.861144239056928607e-01 1.823267752960682886e+00
2.920690604105219967e-01 1.937968449549567262e+00
2.981476252913505820e-01 2.059884899160250971e+00
3.043526977555517377e-01 2.189471040550039049e+00
3.106869106891708698e-01 2.327209369495129909e+00
3.171529517740905302e-01 2.473612735295800391e+00
3.237535646284456226e-01 2.629434576800980139e+00
3.304915499707733462e-01 2.795294673322017864e+00
3.373697668083914247e-01 2.971616932264087296e+00
3.443911336505087739e-01 3.159061288384370947e+00
3.515586297465838617e-01 3.358329303960848389e+00
3.588752963504552862e-01 3.570311866106878007e+00
3.663442380107827523e-01 3.795922597607262361e+00
3.739686238883428437e-01 4.035789843405826360e+00
3.817516891007428637e-01 4.290814483520935418e+00
3.896967360951185122e-01 4.561954325266792232e+00
3.978071360494027653e-01 4.850559596230192838e+00
4.060863303027552607e-01 5.157536429867771943e+00
4.145378318157649788e-01 5.483940872736950745e+00
4.231652266610403390e-01 5.831002437814285067e+00
4.319721755448220901e-01 6.200261338323716842e+00
4.409624153602658136e-01 6.593121492515320092e+00
4.501397607730483474e-01 7.010874000807775452e+00
4.595081058399779206e-01 7.455096089310885077e+00
4.690714256612865118e-01 7.927756782362333610e+00
4.788337780673142530e-01 8.430554115333498189e+00
4.887993053402931998e-01 8.965240060049822546e+00
4.989722359719687139e-01 9.533846708469070563e+00
5.093568864577977529e-01 1.013871497446329784e+01
5.199576631284887895e-01 1.078195868642327682e+01
5.307790640196620169e-01 1.146601254779749546e+01
5.418256807804173736e-01 1.219383881611815035e+01
5.531022006216277376e-01 1.296803551692035228e+01
5.646134083047763541e-01 1.379138659318802596e+01
5.763641881721900395e-01 1.466721000244360873e+01
5.883595262195214781e-01 1.559881308203379113e+01
6.006045122113689017e-01 1.658958789897261710e+01
6.131043418409223289e-01 1.764352781245355573e+01
6.258643189345570734e-01 1.876457577707439128e+01
6.388898577023131020e-01 1.995685374469348261e+01
6.521864850352057097e-01 2.122518950827464579e+01
6.657598428503537225e-01 2.257419030853826669e+01
6.796156904849094404e-01 2.400902173977000587e+01
6.937599071398169448e-01 2.553539447169470478e+01
7.081984943744236149e-01 2.715880629759062259e+01
7.229375786530161108e-01 2.888573482589351471e+01
7.379834139443505192e-01 3.072259155410002407e+01
7.533423843752851123e-01 3.267640753490442762e+01
7.690210069396433701e-01 3.475476002550420418e+01
7.850259342634492432e-01 3.696535174413908464e+01
8.013639574277185984e-01 3.931697377679147820e+01
8.180420088499924525e-01 4.181819877339595593e+01
8.350671652258471189e-01 4.447884480732178503e+01
8.524466505316175002e-01 4.730878950228819235e+01
8.701878390896189419e-01 5.031911894586349376e+01
8.882982586971583938e-01 5.352104715194731455e+01
9.067855938206671462e-01 5.692708415495144436e+01
9.256576888563147198e-01 6.054992125100822875e+01
9.449225514584753682e-01 6.440380065778514052e+01
9.645883559374751615e-01 6.850304128326088460e+01
9.846634467280448444e-01 7.286356153292993554e+01
1.005156341929967390e+00 7.750184301203668724e+01
1.026075736922404058e+00 8.243569666698130050e+01
1.047430508053451392e+00 8.768390446575996577e+01
1.069229716406479680e+00 9.326637570893713303e+01
1.091482611644857048e+00 9.920465132237626449e+01
1.114198635936694659e+00 1.055212266109772656e+02
1.137387427961266795e+00 1.122402560836075196e+02
1.161058826998822235e+00 1.193878001067552646e+02
1.185222877105502892e+00 1.269906626763849715e+02
1.209889831375160485e+00 1.350778238302825400e+02
1.235070156289862053e+00 1.436804510186668153e+02
1.260774536160947035e+00 1.528312912460866642e+02
1.287013877662505523e+00 1.625652925833732354e+02
1.313799314459207501e+00 1.729196347106271503e+02
1.341142211930455019e+00 1.839338092400159326e+02
1.369054171992841074e+00 1.956498526852763860e+02
1.397547038022987298e+00 2.081125229130965693e+02
1.426632899882822825e+00 3.400109265689694666e+02
1.456324099049463694e+00 6.344093926014957833e+04
1.486633233851841318e+00 inf
1.517573164816328868e+00 inf
1.549157020123613560e+00 inf
1.581398201179137208e+00 inf
1.614310388299477594e+00 inf
1.647907546517062949e+00 inf
1.682203931505708239e+00 inf
1.717214095629459480e+00 inf
1.752952894117343119e+00 inf
1.789435491366608399e+00 inf
1.826677367377168348e+00 inf
1.864694324319941865e+00 inf
1.903502493241907789e+00 inf
1.943118340910698461e+00 inf
1.983558676801640885e+00 inf
2.024840660230225353e+00 inf
2.066981807632997992e+00 inf
2.109999999999999876e+00 inf
