# k [Mpc^-1], sensitivity [mK^2], z=9.0, 142.0 MHz
3.500000000000000333e-02 inf
3.572842282756675397e-02 inf
3.647200564986839699e-02 inf
3.723106397794004319e-02 inf
3.800591988925806214e-02 inf
3.879690216440116746e-02 inf
3.960434642655615706e-02 inf
4.042859528392659524e-02 inf
4.126999847510574859e-02 inf
4.212891301747467149e-02 inf
4.300570335868902916e-02 inf
4.390074153131857948e-02 inf
4.481440731070487210e-02 inf
4.574708837610465956e-02 inf
4.669918047518661214e-02 inf
4.767108759195193973e-02 inf
4.866322211814942678e-02 inf
4.967600502825834929e-02 inf
5.070986605811275694e-02 inf
5.176524388724366293e-02 inf
5.284258632501594166e-02 inf
5.394235050063903719e-02 inf
5.506500305713256382e-02 inf
5.621102034932823344e-02 inf
5.738088864599311806e-02 inf
5.857510433615904094e-02 inf
5.979417413974657397e-02 inf
6.103861532257209149e-02 inf
6.230895591583001519e-02 inf
6.360573494014265528e-02 inf
6.492950263427293978e-02 inf
6.628082068859754428e-02 inf
6.766026248343849636e-02 inf
6.906841333235554103e-02 inf
7.050587073050135212e-02 inf
7.197324460814619185e-02 inf
7.347115758947816988e-02 inf
7.500024525679045706e-02 inf
7.656115642016625422e-02 inf
7.815455339277647961e-02 inf
7.978111227190747001e-02 inf
8.144152322583671222e-02 inf
8.313649078667982584e-02 inf
8.486673414933156023e-02 inf
8.663298747662909194e-02 inf
8.843600021086570062e-02 inf
9.027653739178835568e-02 inf
9.215537998121303698e-02 inf
9.407332519439604024e-02 inf
9.603118683830201563e-02 inf
9.802979565691193053e-02 inf
1.000699996837176586e-01 inf
1.021526646015524509e-01 inf
1.042786741099108044e-01 inf
1.064489302999123421e-01 inf
1.086643540370700461e-01 7.080819871431157653e-01
1.109258853520242866e-01 7.044509497724218416e-01
1.132344838394090808e-01 7.008385323251644650e-01
1.155911290650195183e-01 6.972446393185619540e-01
1.179968209814531294e-01 6.936691757594670715e-01
1.204525803524016392e-01 6.901120471418570324e-01
1.229594491857733396e-01 6.865731594443343910e-01
1.255184911758291388e-01 6.830524191276429180e-01
1.281307921545208894e-01 6.795497331321947998e-01
1.307974605522227440e-01 6.760650088756103848e-01
1.335196278680513826e-01 6.725981542502721400e-01
1.362984491499744655e-01 6.691490776208890434e-01
1.391351034849112878e-01 6.657176878220750771e-01
1.420307944990333859e-01 6.623038941559395987e-01
1.449867508684773432e-01 6.612665084793110104e-01
1.480042268406868700e-01 6.605917183882451527e-01
1.510845027666047613e-01 6.599176168874241188e-01
1.542288856439409939e-01 6.592442032741753222e-01
1.574387096717475842e-01 6.585714768465431579e-01
1.607153368165349372e-01 6.578994369032885592e-01
1.640601573901705190e-01 6.572280827438874429e-01
1.674745906398046880e-01 6.565574136685312645e-01
1.709600853500741757e-01 6.558874289781253530e-01
1.745181204578385992e-01 6.552181279742881337e-01
1.781502056797110434e-01 6.543886907361154970e-01
1.818578821526486422e-01 6.490576341271325767e-01
1.856427230878753554e-01 6.437700076155375983e-01
1.895063344384143311e-01 6.385254573927897637e-01
1.934503555805126840e-01 6.333236325326924154e-01
1.974764600092484834e-01 6.281641849679117096e-01
2.015863560486145234e-01 6.230467694666863565e-01
2.057817875763805759e-01 6.179710436097274329e-01
2.100645347640413829e-01 6.129366677673060426e-01
2.144364148321648011e-01 6.077062506442227896e-01
2.188992828214597897e-01 6.014730225554726362e-01
2.234550323798925042e-01 5.953037285341526985e-01
2.281055965661834550e-01 5.891977128101032468e-01
2.328529486700275375e-01 5.831543263393832444e-01
2.376991030493841028e-01 5.771729267352793125e-01
2.426461159851931171e-01 5.712528782000229066e-01
2.476960865538796186e-01 5.653935514572075993e-01
2.528511575180167337e-01 5.583150592304717552e-01
2.581135162355253088e-01 5.507834057264769934e-01
2.634853955877961562e-01 5.433533540037103204e-01
2.689690749271278492e-01 5.360235334571717969e-01
2.745668810438831597e-01 5.287925919712824774e-01
2.802811891537738131e-01 5.216591956704620392e-01
2.861144239056928607e-01 5.148293501907483805e-01
2.920690604105219967e-01 5.088282549041122094e-01
2.981476252913505820e-01 5.028971112327557114e-01
3.043526977555517377e-01 4.970351037874465860e-01
3.106869106891708698e-01 4.912414266835160581e-01
3.171529517740905302e-01 4.855152834300697773e-01
3.237535646284456226e-01 4.791073684995691973e-01
3.304915499707733462e-01 4.720431969144711082e-01
3.373697668083914247e-01 4.650831826090658927e-01
3.443911336505087739e-01 4.582257898422149034e-01
3.515586297465838617e-01 4.514695055164283377e-01
3.588752963504552862e-01 4.447549084224455274e-01
3.663442380107827523e-01 4.380486048702860180e-01
3.739686238883428437e-01 4.314434233214637926e-01
3.817516891007428637e-01 4.249378389926938282e-01
3.896967360951185122e-01 4.185303500923648889e-01
3.978071360494027653e-01 4.123734250050951067e-01
4.060863303027552607e-01 4.063558163093029529e-01
4.145378318157649788e-01 4.004260202906133048e-01
4.231652266610403390e-01 3.945827555319967317e-01
4.319721755448220901e-01 3.889035389217969652e-01
4.409624153602658136e-01 3.833741943585841638e-01
4.501397607730483474e-01 3.779234647943079950e-01
4.595081058399779206e-01 3.725502324982882807e-01
4.690714256612865118e-01 3.670540997987664644e-01
4.788337780673142530e-01 3.615318816183840100e-01
4.887993053402931998e-01 3.560927435443087541e-01
4.989722359719687139e-01 3.507137934823166825e-01
5.093568864577977529e-01 3.450033890748921972e-01
5.199576631284887895e-01 3.393859628140432072e-01
5.307790640196620169e-01 3.338600008077355907e-01
5.418256807804173736e-01 3.285393360875333291e-01
5.531022006216277376e-01 3.233521920206145484e-01
5.646134083047763541e-01 3.182469451897813606e-01
5.763641881721900395e-01 3.132582379184392640e-01
5.883595262195214781e-01 3.083748026170654577e-01
6.006045122113689017e-01 3.035674960090697372e-01
6.131043418409223289e-01 2.992970681882494155e-01
6.258643189345570734e-01 2.953622692489804025e-01
6.388898577023131020e-01 2.914792003276034382e-01
6.521864850352057097e-01 2.899597509533569650e-01
6.657598428503537225e-01 2.888610985025804045e-01
6.796156904849094404e-01 2.870134617000544841e-01
6.937599071398169448e-01 2.825948186660656170e-01
7.081984943744236149e-01 2.782442017314317728e-01
7.229375786530161108e-01 2.742251068943965531e-01
7.379834139443505192e-01 2.703588668080739166e-01
7.533423843752851123e-01 2.674404458642405391e-01
7.690210069396433701e-01 2.660989612128550896e-01
7.850259342634492432e-01 2.649710219874528705e-01
8.013639574277185984e-01 2.655833584601763331e-01
8.180420088499924525e-01 2.661971100157756176e-01
8.350671652258471189e-01 2.679820628914239000e-01
8.524466505316175002e-01 2.698431888064288797e-01
8.701878390896189419e-01 2.711282660196649985e-01
8.882982586971583938e-01 2.723405836740379060e-01
9.067855938206671462e-01 2.741863143063663633e-01
9.256576888563147198e-01 2.761145341832473843e-01
9.449225514584753682e-01 2.782456925802966330e-01
9.645883559374751615e-01 2.802677193186520199e-01
9.846634467280448444e-01 2.816579653348608159e-01
1.005156341929967390e+00 2.827313517942870447e-01
1.026075736922404058e+00 2.833193128061686772e-01
1.047430508053451392e+00 2.842182853941846998e-01
1.069229716406479680e+00 2.852842306499754899e-01
1.091482611644857048e+00 2.868910867147051458e-01
1.114198635936694659e+00 2.883858146234524744e-01
1.137387427961266795e+00 2.897438870772534592e-01
1.161058826998822235e+00 2.921367267081591002e-01
1.185222877105502892e+00 2.945433796868058285e-01
1.209889831375160485e+00 2.968303701553599572e-01
1.235070156289862053e+00 2.987837930848695756e-01
1.260774536160947035e+00 3.012451888165851854e-01
1.287013877662505523e+00 3.040818735365354852e-01
1.313799314459207501e+00 3.067960050845855990e-01
1.341142211930455019e+00 3.092547297509241622e-01
1.369054171992841074e+00 3.116968573134122900e-01
1.397547038022987298e+00 3.141107374003873076e-01
1.426632899882822825e+00 3.487637262434163388e-01
1.456324099049463694e+00 1.133785150765038718e+00
1.486633233851841318e+00 inf
1.517573164816328868e+00 inf
1.549157020123613560e+00 inf
1.581398201179137208e+00 inf
1.614310388299477594e+00 inf
1.647907546517062949e+00 inf
1.682203931505708239e+00 inf
1.717214095629459480e+00 inf
1.752952894117343119e+00 inf
1.789435491366608399e+00 inf
1.826677367377168348e+00 inf
1.864694324319941865e+00 inf
1.903502493241907789e+00 inf
1.943118340910698461e+00 inf
1.983558676801640885e+00 inf
2.024840660230225353e+00 inf
2.066981807632997992e+00 inf
2.109999999999999876e+00 inf
