# k [Mpc^-1], sensitivity [mK^2], z=6.0, 202.9 MHz
3.500000000000000333e-02 inf
3.572842282756675397e-02 inf
3.647200564986839699e-02 inf
3.723106397794004319e-02 inf
3.800591988925806214e-02 inf
3.879690216440116746e-02 inf
3.960434642655615706e-02 inf
4.042859528392659524e-02 inf
4.126999847510574859e-02 inf
4.212891301747467149e-02 inf
4.300570335868902916e-02 inf
4.390074153131857948e-02 inf
4.481440731070487210e-02 inf
4.574708837610465956e-02 inf
4.669918047518661214e-02 inf
4.767108759195193973e-02 inf
4.866322211814942678e-02 inf
4.967600502825834929e-02 inf
5.070986605811275694e-02 inf
5.176524388724366293e-02 inf
5.284258632501594166e-02 inf
5.394235050063903719e-02 inf
5.506500305713256382e-02 inf
5.621102034932823344e-02 inf
5.738088864599311806e-02 inf
5.857510433615904094e-02 inf
5.979417413974657397e-02 inf
6.103861532257209149e-02 inf
6.230895591583001519e-02 inf
6.360573494014265528e-02 inf
6.492950263427293978e-02 inf
6.628082068859754428e-02 inf
6.766026248343849636e-02 inf
6.906841333235554103e-02 inf
7.050587073050135212e-02 inf
7.197324460814619185e-02 inf
7.347115758947816988e-02 inf
7.500024525679045706e-02 inf
7.656115642016625422e-02 inf
7.815455339277647961e-02 inf
7.978111227190747001e-02 inf
8.144152322583671222e-02 inf
8.313649078667982584e-02 inf
8.486673414933156023e-02 inf
8.663298747662909194e-02 inf
8.843600021086570062e-02 inf
9.027653739178835568e-02 inf
9.215537998121303698e-02 inf
9.407332519439604024e-02 inf
9.603118683830201563e-02 inf
9.802979565691193053e-02 inf
1.000699996837176586e-01 inf
1.021526646015524509e-01 inf
1.042786741099108044e-01 inf
1.064489302999123421e-01 inf
1.086643540370700461e-01 inf
1.109258853520242866e-01 inf
1.132344838394090808e-01 inf
1.155911290650195183e-01 inf
1.179968209814531294e-01 inf
1.204525803524016392e-01 inf
1.229594491857733396e-01 inf
1.255184911758291388e-01 inf
1.281307921545208894e-01 4.694489000365181103e-02
1.307974605522227440e-01 4.804580652522999484e-02
1.335196278680513826e-01 4.917254091936876237e-02
1.362984491499744655e-01 5.032569864754538047e-02
1.391351034849112878e-01 5.150589937006787300e-02
1.420307944990333859e-01 5.271377727905520588e-02
1.449867508684773432e-01 5.394998143922663525e-02
1.480042268406868700e-01 5.521517613668275315e-02
1.510845027666047613e-01 5.651004123586599037e-02
1.542288856439409939e-01 5.783527254489219394e-02
1.574387096717475842e-01 5.919158218944980260e-02
1.607153368165349372e-01 6.057969899546743892e-02
1.640601573901705190e-01 6.200036888075542013e-02
1.674745906398046880e-01 6.345435525583176251e-02
1.709600853500741757e-01 6.507499336833438841e-02
1.745181204578385992e-01 6.773466498991934093e-02
1.781502056797110434e-01 7.050303970571168699e-02
1.818578821526486422e-01 7.338456030578915934e-02
1.856427230878753554e-01 7.638385116092696880e-02
1.895063344384143311e-01 7.950572564395910757e-02
1.934503555805126840e-01 8.275519385445688492e-02
1.974764600092484834e-01 8.613747065912213952e-02
2.015863560486145234e-01 8.965798406079780736e-02
2.057817875763805759e-01 9.332238390952764251e-02
2.100645347640413829e-01 9.713655096964453339e-02
2.144364148321648011e-01 1.012928844756176838e-01
2.188992828214597897e-01 1.061093011064052904e-01
2.234550323798925042e-01 1.111547354937848092e-01
2.281055965661834550e-01 1.164400772963665176e-01
2.328529486700275375e-01 1.219767339695744940e-01
2.376991030493841028e-01 1.277766553865782029e-01
2.426461159851931171e-01 1.338523596299347196e-01
2.476960865538796186e-01 1.402169600096086211e-01
2.528511575180167337e-01 1.468841933656823695e-01
2.581135162355253088e-01 1.541893714512080904e-01
2.634853955877961562e-01 1.622936655590089261e-01
2.689690749271278492e-01 1.708239266603035489e-01
2.745668810438831597e-01 1.798025438585882374e-01
2.802811891537738131e-01 1.892530830432679056e-01
2.861144239056928607e-01 1.992003487422922270e-01
2.920690604105219967e-01 2.096704492258064934e-01
2.981476252913505820e-01 2.206908650316934950e-01
3.043526977555517377e-01 2.331122844704043295e-01
3.106869106891708698e-01 2.462757418948072485e-01
3.171529517740905302e-01 2.601825175521285116e-01
3.237535646284456226e-01 2.748745853689417706e-01
3.304915499707733462e-01 2.903962894686409335e-01
3.373697668083914247e-01 3.067944780124556292e-01
3.443911336505087739e-01 3.245388334465661440e-01
3.515586297465838617e-01 3.438106243568541109e-01
3.588752963504552862e-01 3.642268142931247565e-01
3.663442380107827523e-01 3.858553600496780756e-01
3.739686238883428437e-01 4.087682538365952634e-01
3.817516891007428637e-01 4.330417629111249500e-01
3.896967360951185122e-01 4.594339948158702169e-01
3.978071360494027653e-01 4.876715106753525264e-01
4.060863303027552607e-01 5.176445474386236478e-01
4.145378318157649788e-01 5.494597728742827147e-01
4.231652266610403390e-01 5.832304107150965145e-01
4.319721755448220901e-01 6.194747593173794975e-01
4.409624153602658136e-01 6.582121814735301113e-01
4.501397607730483474e-01 6.993719587825472095e-01
4.595081058399779206e-01 7.431055676246363095e-01
4.690714256612865118e-01 7.895765139700450241e-01
4.788337780673142530e-01 8.392141388816234393e-01
4.887993053402931998e-01 8.919722894968767912e-01
4.989722359719687139e-01 9.480471412106733498e-01
5.093568864577977529e-01 1.007647202207035964e+00
5.199576631284887895e-01 1.071035210003715710e+00
5.307790640196620169e-01 1.138422653238833293e+00
5.418256807804173736e-01 1.210049982766530308e+00
5.531022006216277376e-01 1.286183963950073617e+00
5.646134083047763541e-01 1.367180570477456891e+00
5.763641881721900395e-01 1.453286411949100243e+00
5.883595262195214781e-01 1.544815250276927232e+00
6.006045122113689017e-01 1.642140022858018966e+00
6.131043418409223289e-01 1.745673275059373086e+00
6.258643189345570734e-01 1.855734067033326218e+00
6.388898577023131020e-01 1.972733945549420387e+00
6.521864850352057097e-01 2.097292686289609076e+00
6.657598428503537225e-01 2.229725614401971701e+00
6.796156904849094404e-01 2.370520980700981273e+00
6.937599071398169448e-01 2.520382336817986957e+00
7.081984943744236149e-01 2.679758711961765183e+00
7.229375786530161108e-01 2.849213252066040702e+00
7.379834139443505192e-01 3.029545504884414431e+00
7.533423843752851123e-01 3.221315578039010585e+00
7.690210069396433701e-01 3.425246728921403250e+00
7.850259342634492432e-01 3.642294637052156503e+00
8.013639574277185984e-01 3.873096238902600685e+00
8.180420088499924525e-01 4.118641295051856943e+00
8.350671652258471189e-01 4.379891118582508902e+00
8.524466505316175002e-01 4.657712297908764398e+00
8.701878390896189419e-01 4.953298188892269138e+00
8.882982586971583938e-01 5.267644434232671813e+00
9.067855938206671462e-01 5.602112736953143823e+00
9.256576888563147198e-01 5.957931637912997402e+00
9.449225514584753682e-01 6.336397489825689178e+00
9.645883559374751615e-01 6.738993670733107066e+00
9.846634467280448444e-01 7.167181780695107918e+00
1.005156341929967390e+00 7.622627543678111017e+00
1.026075736922404058e+00 8.107021952316252111e+00
1.047430508053451392e+00 8.622244769682083643e+00
1.069229716406479680e+00 9.170244939629656145e+00
1.091482611644857048e+00 9.753270361347057715e+00
1.114198635936694659e+00 1.037336729435474858e+01
1.137387427961266795e+00 1.103290157614721423e+01
1.161058826998822235e+00 1.173449874845033314e+01
1.185222877105502892e+00 1.248090417726673174e+01
1.209889831375160485e+00 1.327478904186782493e+01
1.235070156289862053e+00 1.411917257623444932e+01
1.260774536160947035e+00 1.501730529381149992e+01
1.287013877662505523e+00 1.597263030192374700e+01
1.313799314459207501e+00 1.698887283239087864e+01
1.341142211930455019e+00 1.806980877413197462e+01
1.369054171992841074e+00 1.921958284145358675e+01
1.397547038022987298e+00 2.044276034072499471e+01
1.426632899882822825e+00 2.174376567622515211e+01
1.456324099049463694e+00 2.312758267338410789e+01
1.486633233851841318e+00 2.459955235669439588e+01
1.517573164816328868e+00 2.616534945328154649e+01
1.549157020123613560e+00 2.783089147223915560e+01
1.581398201179137208e+00 2.960254158171701988e+01
1.614310388299477594e+00 3.148719650688273219e+01
1.647907546517062949e+00 3.349180863552282972e+01
1.682203931505708239e+00 3.562415929232514600e+01
1.717214095629459480e+00 inf
1.752952894117343119e+00 inf
1.789435491366608399e+00 inf
1.826677367377168348e+00 inf
1.864694324319941865e+00 inf
1.903502493241907789e+00 inf
1.943118340910698461e+00 inf
1.983558676801640885e+00 inf
2.024840660230225353e+00 inf
2.066981807632997992e+00 inf
2.109999999999999876e+00 inf
