# k [Mpc^-1], sensitivity [mK^2], z=6.0, 202.9 MHz
3.500000000000000333e-02 inf
3.572842282756675397e-02 inf
3.647200564986839699e-02 inf
3.723106397794004319e-02 inf
3.800591988925806214e-02 inf
3.879690216440116746e-02 inf
3.960434642655615706e-02 inf
4.042859528392659524e-02 inf
4.126999847510574859e-02 inf
4.212891301747467149e-02 inf
4.300570335868902916e-02 1.418503335976424194e-03
4.390074153131857948e-02 1.463663600994756812e-03
4.481440731070487210e-02 1.510261613450687105e-03
4.574708837610465956e-02 1.558343146275211356e-03
4.669918047518661214e-02 1.607955429651933927e-03
4.767108759195193973e-02 1.659147197410987653e-03
4.866322211814942678e-02 1.711968734899953302e-03
4.967600502825834929e-02 1.766471928378848767e-03
5.070986605811275694e-02 1.822710315987658087e-03
5.176524388724366293e-02 1.880739140336518643e-03
5.284258632501594166e-02 1.940615402770179757e-03
5.394235050063903719e-02 2.002397919360057212e-03
5.506500305713256382e-02 2.066147378678890277e-03
5.621102034932823344e-02 2.131926401414737521e-03
5.738088864599311806e-02 2.199799601882889127e-03
5.857510433615904094e-02 2.269833651496080788e-03
5.979417413974657397e-02 2.342097344255416290e-03
6.103861532257209149e-02 2.416661664326259003e-03
6.230895591583001519e-02 2.493599855765541318e-03
6.360573494014265528e-02 2.572987494468929881e-03
6.492950263427293978e-02 2.654902562408537493e-03
6.628082068859754428e-02 2.739425524234136329e-03
6.766026248343849636e-02 2.826639406313050627e-03
6.906841333235554103e-02 2.916629878286449654e-03
7.050587073050135212e-02 3.009485337222069824e-03
7.197324460814619185e-02 3.105296994446112707e-03
7.347115758947816988e-02 3.204158965139528546e-03
7.500024525679045706e-02 3.306168360786778445e-03
7.656115642016625422e-02 3.411425384567819911e-03
7.815455339277647961e-02 3.520033429787041996e-03
7.978111227190747001e-02 3.632099181435873448e-03
8.144152322583671222e-02 3.747732720988747150e-03
8.313649078667982584e-02 3.867047634535444346e-03
8.486673414933156023e-02 3.990161124355981123e-03
8.663298747662909194e-02 4.223058172895290119e-03
8.843600021086570062e-02 4.503333390230660274e-03
9.027653739178835568e-02 4.802209866236008262e-03
9.215537998121303698e-02 5.120922126130503585e-03
9.407332519439604024e-02 5.460786627896234598e-03
9.603118683830201563e-02 5.823207199978097832e-03
9.802979565691193053e-02 6.209680839872045582e-03
1.000699996837176586e-01 6.621803897553070820e-03
1.021526646015524509e-01 7.061278669283833041e-03
1.042786741099108044e-01 7.529920429040195574e-03
1.064489302999123421e-01 8.029664926597143357e-03
1.086643540370700461e-01 8.562576383246407394e-03
1.109258853520242866e-01 9.130856018172629762e-03
1.132344838394090808e-01 9.736851140706491090e-03
1.155911290650195183e-01 1.038306484601112488e-02
1.179968209814531294e-01 1.107216635425008894e-02
1.204525803524016392e-01 1.180700203594358191e-02
1.229594491857733396e-01 1.259060716905367402e-02
1.255184911758291388e-01 1.342621847636169159e-02
1.281307921545208894e-01 1.432266171558593468e-02
1.307974605522227440e-01 1.533925096008986570e-02
1.335196278680513826e-01 1.642799534674285050e-02
1.362984491499744655e-01 1.759401627985515693e-02
1.391351034849112878e-01 1.884279866911344956e-02
1.420307944990333859e-01 2.018021673034775185e-02
1.449867508684773432e-01 2.161256161757671088e-02
1.480042268406868700e-01 2.314657101631143257e-02
1.510845027666047613e-01 2.478946083732302616e-02
1.542288856439409939e-01 2.654895915996026076e-02
1.574387096717475842e-01 2.843334258468498479e-02
1.607153368165349372e-01 3.045147516582609112e-02
1.640601573901705190e-01 3.261285010768974479e-02
1.674745906398046880e-01 3.492763442016274394e-02
1.709600853500741757e-01 3.738623671459795350e-02
1.745181204578385992e-01 3.985873745668167684e-02
1.781502056797110434e-01 4.249475452072832421e-02
1.818578821526486422e-01 4.530510189238937113e-02
1.856427230878753554e-01 4.830130872925922358e-02
1.895063344384143311e-01 5.149566665804423959e-02
1.934503555805126840e-01 5.490128019968208012e-02
1.974764600092484834e-01 5.853212052927480452e-02
2.015863560486145234e-01 6.240308279138074427e-02
2.057817875763805759e-01 6.653004720579469566e-02
2.100645347640413829e-01 7.092994421449695663e-02
2.144364148321648011e-01 7.558201395621301499e-02
2.188992828214597897e-01 8.043694882125673740e-02
2.234550323798925042e-01 8.560373555832749559e-02
2.281055965661834550e-01 9.110240565966767901e-02
2.328529486700275375e-01 9.695427732033437551e-02
2.376991030493841028e-01 1.031820380882639276e-01
2.426461159851931171e-01 1.098098328232810922e-01
2.476960865538796186e-01 1.168633573060663955e-01
2.528511575180167337e-01 1.243699578600020866e-01
2.581135162355253088e-01 1.323637933785995757e-01
2.634853955877961562e-01 1.408783745383941355e-01
2.689690749271278492e-01 1.499406741525804443e-01
2.745668810438831597e-01 1.595859253699944136e-01
2.802811891537738131e-01 1.698516277863429125e-01
2.861144239056928607e-01 1.807776932381953416e-01
2.920690604105219967e-01 1.924066009754824835e-01
2.981476252913505820e-01 2.047835628157952392e-01
3.043526977555517377e-01 2.177573321261776218e-01
3.106869106891708698e-01 2.315425809738284879e-01
3.171529517740905302e-01 2.462005126557896273e-01
3.237535646284456226e-01 2.617863728435547155e-01
3.304915499707733462e-01 2.783589045665338380e-01
3.373697668083914247e-01 2.959805696142382425e-01
3.443911336505087739e-01 3.147091932893966715e-01
3.515586297465838617e-01 3.346126154270132047e-01
3.588752963504552862e-01 3.557748066798484543e-01
3.663442380107827523e-01 3.782753764575048638e-01
3.739686238883428437e-01 4.021989689754267294e-01
3.817516891007428637e-01 4.276355816754278116e-01
3.896967360951185122e-01 4.545598782108098979e-01
3.978071360494027653e-01 4.831370109414372949e-01
4.060863303027552607e-01 5.135107221961482393e-01
4.145378318157649788e-01 5.457939587293859640e-01
4.231652266610403390e-01 5.801067679979390324e-01
4.319721755448220901e-01 6.166012975756227643e-01
4.409624153602658136e-01 6.554065471898287143e-01
4.501397607730483474e-01 6.966539703828787955e-01
4.595081058399779206e-01 7.404972631584987308e-01
4.690714256612865118e-01 7.870998449377767381e-01
4.788337780673142530e-01 8.366404881849969222e-01
4.887993053402931998e-01 8.892992559613120962e-01
4.989722359719687139e-01 9.452724053183412245e-01
5.093568864577977529e-01 1.004768545870903695e+00
5.199576631284887895e-01 1.068105799096853659e+00
5.307790640196620169e-01 1.135463492639612326e+00
5.418256807804173736e-01 1.207068947858447538e+00
5.531022006216277376e-01 1.283190040304138302e+00
5.646134083047763541e-01 1.364208237902450493e+00
5.763641881721900395e-01 1.450353157031957441e+00
5.883595262195214781e-01 1.541937822738009611e+00
6.006045122113689017e-01 1.639337067130780534e+00
6.131043418409223289e-01 1.742965496892548094e+00
6.258643189345570734e-01 1.853144654793269064e+00
6.388898577023131020e-01 1.970288636069644772e+00
6.521864850352057097e-01 2.095003396683322361e+00
6.657598428503537225e-01 2.227620978135640861e+00
6.796156904849094404e-01 2.368633497246817932e+00
6.937599071398169448e-01 2.518648282957566487e+00
7.081984943744236149e-01 2.678181813053310822e+00
7.229375786530161108e-01 2.847820345660531327e+00
7.379834139443505192e-01 3.028304917458475742e+00
7.533423843752851123e-01 3.220243036781831325e+00
7.690210069396433701e-01 3.424358752451084786e+00
7.850259342634492432e-01 3.641527591308694412e+00
8.013639574277185984e-01 3.872469024681124861e+00
8.180420088499924525e-01 4.118143598279792705e+00
8.350671652258471189e-01 4.379505616432106230e+00
8.524466505316175002e-01 4.657455231131842233e+00
8.701878390896189419e-01 4.953093079945823263e+00
8.882982586971583938e-01 5.267497587716609253e+00
9.067855938206671462e-01 5.602001300573149045e+00
9.256576888563147198e-01 5.957840300958679336e+00
9.449225514584753682e-01 6.336322403170221662e+00
9.645883559374751615e-01 6.738924306659463070e+00
9.846634467280448444e-01 7.167119974477778044e+00
1.005156341929967390e+00 7.622577920300811272e+00
1.026075736922404058e+00 8.106985100803390409e+00
1.047430508053451392e+00 8.622214326664266792e+00
1.069229716406479680e+00 9.170220649338041596e+00
1.091482611644857048e+00 9.753246002025514727e+00
1.114198635936694659e+00 1.037334333957432086e+01
1.137387427961266795e+00 1.103287940240490350e+01
1.161058826998822235e+00 1.173447850351277744e+01
1.185222877105502892e+00 1.248088593586206763e+01
1.209889831375160485e+00 1.327477559347467384e+01
1.235070156289862053e+00 1.411916599597027222e+01
1.260774536160947035e+00 1.501729966664521321e+01
1.287013877662505523e+00 1.597262593988648050e+01
1.313799314459207501e+00 1.698887128877156627e+01
1.341142211930455019e+00 1.806980808159694618e+01
1.369054171992841074e+00 1.921958216381964490e+01
1.397547038022987298e+00 2.044276001194589298e+01
1.426632899882822825e+00 2.174376556173796260e+01
1.456324099049463694e+00 2.312758267338410789e+01
1.486633233851841318e+00 2.459955235669439588e+01
1.517573164816328868e+00 2.616534945328154649e+01
1.549157020123613560e+00 2.783089147223915560e+01
1.581398201179137208e+00 2.960254158171701988e+01
1.614310388299477594e+00 3.148719650688273219e+01
1.647907546517062949e+00 3.349180863552282972e+01
1.682203931505708239e+00 3.562415929232514600e+01
1.717214095629459480e+00 1.463149536136590143e+02
1.752952894117343119e+00 inf
1.789435491366608399e+00 inf
1.826677367377168348e+00 inf
1.864694324319941865e+00 inf
1.903502493241907789e+00 inf
1.943118340910698461e+00 inf
1.983558676801640885e+00 inf
2.024840660230225353e+00 inf
2.066981807632997992e+00 inf
2.109999999999999876e+00 inf
