# k [Mpc^-1], sensitivity [mK^2], z=10.0, 129.1 MHz
3.500000000000000333e-02 2.365232949538534704e-02
3.572842282756675397e-02 2.377243933140678681e-02
3.647200564986839699e-02 2.389315910196815676e-02
3.723106397794004319e-02 2.401449190440232972e-02
3.800591988925806214e-02 2.413644085177086077e-02
3.879690216440116746e-02 2.425900907294387121e-02
3.960434642655615706e-02 2.438219971268032471e-02
4.042859528392659524e-02 2.450601593170870229e-02
4.126999847510574859e-02 2.463046090680812497e-02
4.212891301747467149e-02 2.475553783088979207e-02
4.300570335868902916e-02 2.488124991307902323e-02
4.390074153131857948e-02 2.500760037879749473e-02
4.481440731070487210e-02 2.513459246984597883e-02
4.574708837610465956e-02 2.526222944448765911e-02
4.669918047518661214e-02 2.539051457753154634e-02
4.767108759195193973e-02 2.551945116041663686e-02
4.866322211814942678e-02 2.564904250129630692e-02
4.967600502825834929e-02 2.577929192512319265e-02
5.070986605811275694e-02 2.591020277373450725e-02
5.176524388724366293e-02 2.604177840593778145e-02
5.284258632501594166e-02 2.617402219759703760e-02
5.394235050063903719e-02 2.630693754171941137e-02
5.506500305713256382e-02 2.644052784854219323e-02
5.621102034932823344e-02 2.657479654562035221e-02
5.738088864599311806e-02 2.670974707791444816e-02
5.857510433615904094e-02 2.684538290787902987e-02
5.979417413974657397e-02 2.698170751555148753e-02
6.103861532257209149e-02 2.711872439864131470e-02
6.230895591583001519e-02 2.725643707261986987e-02
6.360573494014265528e-02 2.739484907081056464e-02
6.492950263427293978e-02 2.753396394447952394e-02
6.628082068859754428e-02 2.767378526292669366e-02
6.766026248343849636e-02 2.781431661357742363e-02
6.906841333235554103e-02 2.840595398454534917e-02
7.050587073050135212e-02 2.910087306553514608e-02
7.197324460814619185e-02 2.981279254472973123e-02
7.347115758947816988e-02 3.054212831737071476e-02
7.500024525679045706e-02 3.128930645309983133e-02
7.656115642016625422e-02 3.205476344486381940e-02
7.815455339277647961e-02 3.283894646390867617e-02
7.978111227190747001e-02 3.364231362101203354e-02
8.144152322583671222e-02 3.446533423410615138e-02
8.313649078667982584e-02 3.530848910244827749e-02
8.486673414933156023e-02 3.617227078749786495e-02
8.663298747662909194e-02 3.705718390066554957e-02
8.843600021086570062e-02 3.796374539810130205e-02
9.027653739178835568e-02 3.889248488269428372e-02
9.215537998121303698e-02 3.984394491346095191e-02
9.407332519439604024e-02 4.081868132250164594e-02
9.603118683830201563e-02 4.181726353971147031e-02
9.802979565691193053e-02 4.284027492543485832e-02
1.000699996837176586e-01 4.388831311125784146e-02
1.021526646015524509e-01 4.487900876942846340e-02
1.042786741099108044e-01 4.542287182571532606e-02
1.064489302999123421e-01 4.597332564753166956e-02
1.086643540370700461e-01 4.653045010459788688e-02
1.109258853520242866e-01 4.709432603452993332e-02
1.132344838394090808e-01 4.766503525456863843e-02
1.155911290650195183e-01 4.824266057345111963e-02
1.179968209814531294e-01 4.882728580342633740e-02
1.204525803524016392e-01 4.941899577241595787e-02
1.229594491857733396e-01 5.001787633632276409e-02
1.255184911758291388e-01 5.062401439148816323e-02
1.281307921545208894e-01 5.123749788730057320e-02
1.307974605522227440e-01 5.185841583895688112e-02
1.335196278680513826e-01 5.248685834037822989e-02
1.362984491499744655e-01 5.312405463895211732e-02
1.391351034849112878e-01 5.377402182953686799e-02
1.420307944990333859e-01 5.443194129996373198e-02
1.449867508684773432e-01 5.509791034553559314e-02
1.480042268406868700e-01 5.577202745195314337e-02
1.510845027666047613e-01 5.645439230987914225e-02
1.542288856439409939e-01 5.714510582968108932e-02
1.574387096717475842e-01 5.784427015635415503e-02
1.607153368165349372e-01 5.855198868462672263e-02
1.640601573901705190e-01 5.926836607425075426e-02
1.674745906398046880e-01 5.999350826547917431e-02
1.709600853500741757e-01 6.119722168671659634e-02
1.745181204578385992e-01 6.331224876553388781e-02
1.781502056797110434e-01 6.550037294616130323e-02
1.818578821526486422e-01 6.776412052547069187e-02
1.856427230878753554e-01 7.010610511126307010e-02
1.895063344384143311e-01 7.252903063980745135e-02
1.934503555805126840e-01 7.503569449766782362e-02
1.974764600092484834e-01 7.762899075142369598e-02
2.015863560486145234e-01 8.031191348901194071e-02
2.057817875763805759e-01 8.264063927240823670e-02
2.100645347640413829e-01 8.458301931243343563e-02
2.144364148321648011e-01 8.657105292257992468e-02
2.188992828214597897e-01 8.860581314129631347e-02
2.234550323798925042e-01 9.068839822765488445e-02
2.281055965661834550e-01 9.281993225413560922e-02
2.328529486700275375e-01 9.500156571334239519e-02
2.376991030493841028e-01 9.723943396220816049e-02
2.426461159851931171e-01 9.980191783787346893e-02
2.476960865538796186e-01 1.024319290874187299e-01
2.528511575180167337e-01 1.051312472132504006e-01
2.581135162355253088e-01 1.079016986117769805e-01
2.634853955877961562e-01 1.107451578091745020e-01
2.689690749271278492e-01 1.136635487297172065e-01
2.745668810438831597e-01 1.163907570510011313e-01
2.802811891537738131e-01 1.189460347517968253e-01
2.861144239056928607e-01 1.215574117880863780e-01
2.920690604105219967e-01 1.242261197815607288e-01
2.981476252913505820e-01 1.269534173933041243e-01
3.043526977555517377e-01 1.297405909174248750e-01
3.106869106891708698e-01 1.321724287228115691e-01
3.171529517740905302e-01 1.345554346792116607e-01
3.237535646284456226e-01 1.369814050983450826e-01
3.304915499707733462e-01 1.394511146090175735e-01
3.373697668083914247e-01 1.419653518062233000e-01
3.443911336505087739e-01 1.443765468178261069e-01
3.515586297465838617e-01 1.467649137140368265e-01
3.588752963504552862e-01 1.491927904652526893e-01
3.663442380107827523e-01 1.516608306681405671e-01
3.739686238883428437e-01 1.541334154236181642e-01
3.817516891007428637e-01 1.561967000738751499e-01
3.896967360951185122e-01 1.582876045853820746e-01
3.978071360494027653e-01 1.604064986874128573e-01
4.060863303027552607e-01 1.625537570585686431e-01
4.145378318157649788e-01 1.645157659617957346e-01
4.231652266610403390e-01 1.664637210514148813e-01
4.319721755448220901e-01 1.684347409762428915e-01
4.409624153602658136e-01 1.704290988363251491e-01
4.501397607730483474e-01 1.722391529409588173e-01
4.595081058399779206e-01 1.740609642693204118e-01
4.690714256612865118e-01 1.759020452960023961e-01
4.788337780673142530e-01 1.779055139882899927e-01
4.887993053402931998e-01 1.801803901947361952e-01
4.989722359719687139e-01 1.824843552227631560e-01
5.093568864577977529e-01 1.848083044077921677e-01
5.199576631284887895e-01 1.866535271621085068e-01
5.307790640196620169e-01 1.885171735853393427e-01
5.418256807804173736e-01 1.903994276290293941e-01
5.531022006216277376e-01 1.925437043711439866e-01
5.646134083047763541e-01 1.947440097152363381e-01
5.763641881721900395e-01 1.969694591876348932e-01
5.883595262195214781e-01 1.987725755888888335e-01
6.006045122113689017e-01 2.005644975660843266e-01
6.131043418409223289e-01 2.024365878298793608e-01
6.258643189345570734e-01 2.046480797222920145e-01
6.388898577023131020e-01 2.068837307671713976e-01
6.521864850352057097e-01 2.091050833431430112e-01
6.657598428503537225e-01 2.113172832909301635e-01
6.796156904849094404e-01 2.135612683615298324e-01
6.937599071398169448e-01 2.159825736702964405e-01
7.081984943744236149e-01 2.184313311451006878e-01
7.229375786530161108e-01 2.206687770730164089e-01
7.379834139443505192e-01 2.228174872832111297e-01
7.533423843752851123e-01 2.250795777603931958e-01
7.690210069396433701e-01 2.274909168678112825e-01
7.850259342634492432e-01 2.298794049899136049e-01
8.013639574277185984e-01 2.321581409692326792e-01
8.180420088499924525e-01 2.344619709791957718e-01
8.350671652258471189e-01 2.367987157514759577e-01
8.524466505316175002e-01 2.390901418055321748e-01
8.701878390896189419e-01 2.411572994770845857e-01
8.882982586971583938e-01 2.431889948148605318e-01
9.067855938206671462e-01 2.451210187274699415e-01
9.256576888563147198e-01 2.470768358388166774e-01
9.449225514584753682e-01 2.490573675748258275e-01
9.645883559374751615e-01 2.513809589145553081e-01
9.846634467280448444e-01 2.538496002695596054e-01
1.005156341929967390e+00 2.558583238243922198e-01
1.026075736922404058e+00 2.579539984015081222e-01
1.047430508053451392e+00 2.601898713029021648e-01
1.069229716406479680e+00 2.628130981447259762e-01
1.091482611644857048e+00 2.654459176416619215e-01
1.114198635936694659e+00 2.676972730223668995e-01
1.137387427961266795e+00 2.699665056012874320e-01
1.161058826998822235e+00 2.721849569385145773e-01
1.185222877105502892e+00 2.742513924722745355e-01
1.209889831375160485e+00 2.764886326568934960e-01
1.235070156289862053e+00 2.788210857629713213e-01
1.260774536160947035e+00 2.812123773304347485e-01
1.287013877662505523e+00 2.835620795279140682e-01
1.313799314459207501e+00 2.856489051880380381e-01
1.341142211930455019e+00 2.876909648046223622e-01
1.369054171992841074e+00 5.126703192759372030e-01
1.397547038022987298e+00 inf
1.426632899882822825e+00 inf
1.456324099049463694e+00 inf
1.486633233851841318e+00 inf
1.517573164816328868e+00 inf
1.549157020123613560e+00 inf
1.581398201179137208e+00 inf
1.614310388299477594e+00 inf
1.647907546517062949e+00 inf
1.682203931505708239e+00 inf
1.717214095629459480e+00 inf
1.752952894117343119e+00 inf
1.789435491366608399e+00 inf
1.826677367377168348e+00 inf
1.864694324319941865e+00 inf
1.903502493241907789e+00 inf
1.943118340910698461e+00 inf
1.983558676801640885e+00 inf
2.024840660230225353e+00 inf
2.066981807632997992e+00 inf
2.109999999999999876e+00 inf
