# k [Mpc^-1], sensitivity [mK^2], z=5.5, 218.5 MHz
3.500000000000000333e-02 inf
3.572842282756675397e-02 inf
3.647200564986839699e-02 inf
3.723106397794004319e-02 inf
3.800591988925806214e-02 inf
3.879690216440116746e-02 inf
3.960434642655615706e-02 inf
4.042859528392659524e-02 inf
4.126999847510574859e-02 inf
4.212891301747467149e-02 inf
4.300570335868902916e-02 inf
4.390074153131857948e-02 inf
4.481440731070487210e-02 inf
4.574708837610465956e-02 inf
4.669918047518661214e-02 inf
4.767108759195193973e-02 inf
4.866322211814942678e-02 inf
4.967600502825834929e-02 inf
5.070986605811275694e-02 inf
5.176524388724366293e-02 inf
5.284258632501594166e-02 inf
5.394235050063903719e-02 inf
5.506500305713256382e-02 inf
5.621102034932823344e-02 inf
5.738088864599311806e-02 inf
5.857510433615904094e-02 inf
5.979417413974657397e-02 inf
6.103861532257209149e-02 inf
6.230895591583001519e-02 inf
6.360573494014265528e-02 inf
6.492950263427293978e-02 inf
6.628082068859754428e-02 inf
6.766026248343849636e-02 inf
6.906841333235554103e-02 inf
7.050587073050135212e-02 inf
7.197324460814619185e-02 inf
7.347115758947816988e-02 inf
7.500024525679045706e-02 inf
7.656115642016625422e-02 inf
7.815455339277647961e-02 inf
7.978111227190747001e-02 inf
8.144152322583671222e-02 inf
8.313649078667982584e-02 inf
8.486673414933156023e-02 inf
8.663298747662909194e-02 inf
8.843600021086570062e-02 inf
9.027653739178835568e-02 3.667205637841806087e-01
9.215537998121303698e-02 3.582123482174885964e-01
9.407332519439604024e-02 3.499015301770829200e-01
9.603118683830201563e-02 3.417835298796849663e-01
9.802979565691193053e-02 3.338538737967156056e-01
1.000699996837176586e-01 3.261081921890998103e-01
1.021526646015524509e-01 3.185422166992663562e-01
1.042786741099108044e-01 3.111517779990132793e-01
1.064489302999123421e-01 3.039328034919467902e-01
1.086643540370700461e-01 2.968813150692241609e-01
1.109258853520242866e-01 2.899934269173656265e-01
1.132344838394090808e-01 2.832653433769271589e-01
1.155911290650195183e-01 2.766933568508531671e-01
1.179968209814531294e-01 2.702738457613575451e-01
1.204525803524016392e-01 2.640032725542064140e-01
1.229594491857733396e-01 2.578781817493036033e-01
1.255184911758291388e-01 2.518951980365033982e-01
1.281307921545208894e-01 2.460510244156033921e-01
1.307974605522227440e-01 2.403424403794888475e-01
1.335196278680513826e-01 2.343358604022572345e-01
1.362984491499744655e-01 2.272476170131541851e-01
1.391351034849112878e-01 2.203737803915724325e-01
1.420307944990333859e-01 2.137078651137707397e-01
1.449867508684773432e-01 2.072435819285523839e-01
1.480042268406868700e-01 2.009748318233936792e-01
1.510845027666047613e-01 1.948957002700629493e-01
1.542288856439409939e-01 1.890004516442979066e-01
1.574387096717475842e-01 1.832835238142785927e-01
1.607153368165349372e-01 1.777395228927894644e-01
1.640601573901705190e-01 1.723632181481187520e-01
1.674745906398046880e-01 1.671495370688947657e-01
1.709600853500741757e-01 1.620935605782013178e-01
1.745181204578385992e-01 1.571905183924585669e-01
1.781502056797110434e-01 1.524819736447214358e-01
1.818578821526486422e-01 1.480257019686614106e-01
1.856427230878753554e-01 1.436996644230772446e-01
1.895063344384143311e-01 1.395000549274661716e-01
1.934503555805126840e-01 1.354231786336787813e-01
1.974764600092484834e-01 1.314654486751633267e-01
2.015863560486145234e-01 1.276233830112137591e-01
2.057817875763805759e-01 1.238936013634437533e-01
2.100645347640413829e-01 1.202728222417925458e-01
2.144364148321648011e-01 1.167578600574448594e-01
2.188992828214597897e-01 1.133456223201260438e-01
2.234550323798925042e-01 1.099824240345183973e-01
2.281055965661834550e-01 1.066599606880155732e-01
2.328529486700275375e-01 1.034378657666112089e-01
2.376991030493841028e-01 1.003131072366284238e-01
2.426461159851931171e-01 9.728274465921422920e-02
2.476960865538796186e-01 9.434392642334783752e-02
2.528511575180167337e-01 9.149388706243731517e-02
2.581135162355253088e-01 8.872994465197903136e-02
2.634853955877961562e-01 8.604949828583149940e-02
2.689690749271278492e-01 8.339383229986351009e-02
2.745668810438831597e-01 8.078429402445934382e-02
2.802811891537738131e-01 7.825641274721678586e-02
2.861144239056928607e-01 7.580763327842597599e-02
2.920690604105219967e-01 7.343548038471398032e-02
2.981476252913505820e-01 7.113755628707160716e-02
3.043526977555517377e-01 6.891153823717162397e-02
3.106869106891708698e-01 6.676263356742764832e-02
3.171529517740905302e-01 6.473403907452127126e-02
3.237535646284456226e-01 6.276708378601349170e-02
3.304915499707733462e-01 6.085989478371772732e-02
3.373697668083914247e-01 5.901065605839964090e-02
3.443911336505087739e-01 5.721760678058826488e-02
3.515586297465838617e-01 5.547903962392936039e-02
3.588752963504552862e-01 5.365829437747998698e-02
3.663442380107827523e-01 5.182298711361246063e-02
3.739686238883428437e-01 5.005045397985631583e-02
3.817516891007428637e-01 4.833854787447609130e-02
3.896967360951185122e-01 4.668519513436241580e-02
3.978071360494027653e-01 4.508839302316582781e-02
4.060863303027552607e-01 4.341612630638409104e-02
4.145378318157649788e-01 4.179482745934581800e-02
4.231652266610403390e-01 4.023407316510472370e-02
4.319721755448220901e-01 3.873160249386370380e-02
4.409624153602658136e-01 3.728523894627071983e-02
4.501397607730483474e-01 3.637797746871000715e-02
4.595081058399779206e-01 3.560927443091388422e-02
4.690714256612865118e-01 3.485681485692290749e-02
4.788337780673142530e-01 3.412025550610520847e-02
4.887993053402931998e-01 3.328654815428059438e-02
4.989722359719687139e-01 3.196597132187574408e-02
5.093568864577977529e-01 3.069778571857042018e-02
5.199576631284887895e-01 2.947991282775044505e-02
5.307790640196620169e-01 2.831035659376660019e-02
5.418256807804173736e-01 2.721759592994513893e-02
5.531022006216277376e-01 2.616847016949397017e-02
5.646134083047763541e-01 2.515978386828365138e-02
5.763641881721900395e-01 2.418356307306616937e-02
5.883595262195214781e-01 2.315916258958393772e-02
6.006045122113689017e-01 2.217815506467392048e-02
6.131043418409223289e-01 2.123870239997127304e-02
6.258643189345570734e-01 2.030554553099767068e-02
6.388898577023131020e-01 1.937719065687324230e-02
6.521864850352057097e-01 1.849127949700388185e-02
6.657598428503537225e-01 1.764117366715744345e-02
6.796156904849094404e-01 1.679718772312187997e-02
6.937599071398169448e-01 1.599357960695472342e-02
7.081984943744236149e-01 1.522841756967974886e-02
7.229375786530161108e-01 1.443829499997702041e-02
7.379834139443505192e-01 1.368836510491505676e-02
7.533423843752851123e-01 1.297306055698143473e-02
7.690210069396433701e-01 1.220477303989072823e-02
7.850259342634492432e-01 1.148198486401754564e-02
8.013639574277185984e-01 1.079253342392305810e-02
8.180420088499924525e-01 1.012025741068106090e-02
8.350671652258471189e-01 9.489858037540887387e-03
8.524466505316175002e-01 8.846427996805210012e-03
8.701878390896189419e-01 8.219742886890134617e-03
8.882982586971583938e-01 7.629066664422762788e-03
9.067855938206671462e-01 7.038032663501483412e-03
9.256576888563147198e-01 6.492786857337235450e-03
9.449225514584753682e-01 5.973787869892008620e-03
9.645883559374751615e-01 5.492245657782156634e-03
9.846634467280448444e-01 5.010678564738832268e-03
1.005156341929967390e+00 4.539679588395658175e-03
1.026075736922404058e+00 4.067477649555764976e-03
1.047430508053451392e+00 3.575559568814671435e-03
1.069229716406479680e+00 3.089557416995210217e-03
1.091482611644857048e+00 2.565696840783313754e-03
1.114198635936694659e+00 2.053102304008882096e-03
1.137387427961266795e+00 1.518636957134480254e-03
1.161058826998822235e+00 1.465690720344457959e-11
1.185222877105502892e+00 1.248458496648086637e-30
1.209889831375160485e+00 9.678148476618660218e-39
1.235070156289862053e+00 4.761286252780840251e-39
1.260774536160947035e+00 4.173580876966345898e-39
1.287013877662505523e+00 4.158085378897839532e-39
1.313799314459207501e+00 4.142741537691769243e-39
1.341142211930455019e+00 4.119449224320239010e-39
1.369054171992841074e+00 4.087299706234886480e-39
1.397547038022987298e+00 4.082969059811325508e-39
1.426632899882822825e+00 4.081709577761913848e-39
1.456324099049463694e+00 4.078870350788482953e-39
1.486633233851841318e+00 4.080886341252377142e-39
1.517573164816328868e+00 4.078530521603020041e-39
1.549157020123613560e+00 4.068026993036818072e-39
1.581398201179137208e+00 4.078527175475362728e-39
1.614310388299477594e+00 4.084640112558342347e-39
1.647907546517062949e+00 4.087392877930231397e-39
1.682203931505708239e+00 4.089040100410455182e-39
1.717214095629459480e+00 4.086253606103423655e-39
1.752952894117343119e+00 4.088886128578837533e-39
1.789435491366608399e+00 5.336415846484298398e-39
1.826677367377168348e+00 1.493129692409308829e-38
1.864694324319941865e+00 inf
1.903502493241907789e+00 inf
1.943118340910698461e+00 inf
1.983558676801640885e+00 inf
2.024840660230225353e+00 inf
2.066981807632997992e+00 inf
2.109999999999999876e+00 inf
