# k [Mpc^-1], sensitivity [mK^2], z=14.0, 94.7 MHz
3.500000000000000333e-02 8.619572185121243679e-02
3.572842282756675397e-02 9.037217778463323137e-02
3.647200564986839699e-02 9.475099624590574421e-02
3.723106397794004319e-02 9.934198234092130042e-02
3.800591988925806214e-02 1.041554162640307701e-01
3.879690216440116746e-02 1.092020763175854253e-01
3.960434642655615706e-02 1.144932630468493834e-01
4.042859528392659524e-02 1.200408245443228689e-01
4.126999847510574859e-02 1.258571829801426178e-01
4.212891301747467149e-02 1.319553624179617690e-01
4.300570335868902916e-02 1.383490179785994978e-01
4.390074153131857948e-02 1.450524664167605615e-01
4.481440731070487210e-02 1.520807181792936946e-01
4.574708837610465956e-02 1.594495110167759022e-01
4.669918047518661214e-02 1.671753452236819371e-01
4.767108759195193973e-02 1.752755205860547505e-01
4.866322211814942678e-02 1.837681751194044366e-01
4.967600502825834929e-02 1.926723256835843334e-01
5.070986605811275694e-02 2.020079105655835094e-01
5.176524388724366293e-02 2.117958341255937182e-01
5.284258632501594166e-02 2.220580136063172172e-01
5.394235050063903719e-02 2.328174282103343540e-01
5.506500305713256382e-02 2.440981705554275683e-01
5.621102034932823344e-02 2.559255006230744534e-01
5.738088864599311806e-02 2.683259023209217942e-01
5.857510433615904094e-02 2.832943444584649639e-01
5.979417413974657397e-02 3.028663837576938689e-01
6.103861532257209149e-02 3.237906022649568727e-01
6.230895591583001519e-02 3.461604183809990354e-01
6.360573494014265528e-02 3.700757045309621684e-01
6.492950263427293978e-02 3.956432330554561783e-01
6.628082068859754428e-02 4.229771529070424085e-01
6.766026248343849636e-02 4.521994992803782254e-01
6.906841333235554103e-02 4.834407384513380035e-01
7.050587073050135212e-02 5.168403502575836805e-01
7.197324460814619185e-02 5.525474508211523084e-01
7.347115758947816988e-02 5.907214582932485136e-01
7.500024525679045706e-02 6.315328045935557633e-01
7.656115642016625422e-02 6.751636963216803844e-01
7.815455339277647961e-02 7.218089282379059890e-01
7.978111227190747001e-02 7.716767529451438179e-01
8.144152322583671222e-02 8.249898106548350096e-01
8.313649078667982584e-02 8.819861231878836083e-01
8.486673414933156023e-02 9.429201566484007868e-01
8.663298747662909194e-02 1.008063957514722997e+00
8.843600021086570062e-02 1.073173558746254086e+00
9.027653739178835568e-02 1.140153371658936265e+00
9.215537998121303698e-02 1.211313585124033310e+00
9.407332519439604024e-02 1.286915109825205628e+00
9.603118683830201563e-02 1.367235140623669354e+00
9.802979565691193053e-02 1.452568172900017940e+00
1.000699996837176586e-01 1.543227082328820332e+00
1.021526646015524509e-01 1.639544272045016626e+00
1.042786741099108044e-01 1.741872891408253965e+00
1.064489302999123421e-01 1.850588130833739076e+00
1.086643540370700461e-01 1.966088597437187557e+00
1.109258853520242866e-01 2.088797776537675066e+00
1.132344838394090808e-01 2.219165584377042588e+00
1.155911290650195183e-01 2.357670017748927371e+00
1.179968209814531294e-01 2.504364429599768016e+00
1.204525803524016392e-01 2.659986250996051016e+00
1.229594491857733396e-01 2.825278450636195426e+00
1.255184911758291388e-01 3.000841948201903087e+00
1.281307921545208894e-01 3.187315004671636753e+00
1.307974605522227440e-01 3.385375542718002340e+00
1.335196278680513826e-01 3.595743611295148856e+00
1.362984491499744655e-01 3.819184003376278724e+00
1.391351034849112878e-01 4.056509036357982545e+00
1.420307944990333859e-01 4.308581505239599707e+00
1.449867508684773432e-01 4.576317819313858948e+00
1.480042268406868700e-01 4.862824980568245081e+00
1.510845027666047613e-01 5.167595986772601790e+00
1.542288856439409939e-01 5.491468105312686809e+00
1.574387096717475842e-01 5.835638472677977084e+00
1.607153368165349372e-01 6.201379254275074970e+00
1.640601573901705190e-01 6.590042346764039216e+00
1.674745906398046880e-01 7.003064375107305395e+00
1.709600853500741757e-01 7.441972002801924724e+00
1.745181204578385992e-01 7.908438229023960098e+00
1.781502056797110434e-01 8.406441852178572205e+00
1.818578821526486422e-01 8.935805347092051321e+00
1.856427230878753554e-01 9.498503481639586354e+00
1.895063344384143311e-01 1.009663537714368609e+01
1.934503555805126840e-01 1.073243233905650307e+01
1.974764600092484834e-01 1.140826618074934906e+01
2.015863560486145234e-01 1.212665807146107610e+01
2.057817875763805759e-01 1.289160908812128525e+01
2.100645347640413829e-01 1.370601329646956223e+01
2.144364148321648011e-01 1.457186602532772035e+01
2.188992828214597897e-01 1.549241744240793928e+01
2.234550323798925042e-01 1.647112303891964658e+01
2.281055965661834550e-01 1.751165660051195161e+01
2.328529486700275375e-01 1.861803126791270557e+01
2.376991030493841028e-01 1.979620365440770158e+01
2.426461159851931171e-01 2.104893226826769137e+01
2.476960865538796186e-01 2.238093512113735883e+01
2.528511575180167337e-01 2.379722878635990568e+01
2.581135162355253088e-01 2.530314729233606741e+01
2.634853955877961562e-01 2.690508689037621792e+01
2.689690749271278492e-01 2.860995003475232323e+01
2.745668810438831597e-01 3.042284324618950819e+01
2.802811891537738131e-01 3.235061193948118330e+01
2.861144239056928607e-01 3.440053529480632477e+01
2.920690604105219967e-01 3.658083312800837206e+01
2.981476252913505820e-01 3.890108705034749903e+01
3.043526977555517377e-01 4.136851034538219807e+01
3.106869106891708698e-01 4.399243769155045669e+01
3.171529517740905302e-01 4.678279584850904627e+01
3.237535646284456226e-01 4.975147014638066878e+01
3.304915499707733462e-01 5.290948176361627731e+01
3.373697668083914247e-01 5.626795052001280339e+01
3.443911336505087739e-01 5.983960058175807717e+01
3.515586297465838617e-01 6.363888479085865413e+01
3.588752963504552862e-01 6.768104019272666960e+01
3.663442380107827523e-01 7.197994145597409954e+01
3.739686238883428437e-01 7.655189632505442887e+01
3.817516891007428637e-01 8.141523334811304835e+01
3.896967360951185122e-01 8.658864312698925403e+01
3.978071360494027653e-01 9.209078952725110412e+01
4.060863303027552607e-01 9.794256162802778931e+01
4.145378318157649788e-01 1.041681266175105662e+02
4.231652266610403390e-01 1.107896692869564106e+02
4.319721755448220901e-01 1.178321163995076830e+02
4.409624153602658136e-01 1.253237211336775232e+02
4.501397607730483474e-01 1.332929921281026679e+02
4.595081058399779206e-01 1.417690249678362306e+02
4.690714256612865118e-01 1.507849503468704029e+02
4.788337780673142530e-01 1.603756596140605666e+02
4.887993053402931998e-01 1.705763880113836990e+02
4.989722359719687139e-01 1.814271462092590923e+02
5.093568864577977529e-01 1.929696385724123786e+02
5.199576631284887895e-01 2.052464704913434730e+02
5.307790640196620169e-01 2.183063719615368825e+02
5.418256807804173736e-01 2.321982482863666633e+02
5.531022006216277376e-01 2.469742751865895798e+02
5.646134083047763541e-01 2.626928458209269479e+02
5.763641881721900395e-01 2.794118180663232351e+02
5.883595262195214781e-01 2.971965290037621230e+02
6.006045122113689017e-01 3.161145661839647119e+02
6.131043418409223289e-01 3.362373024098213250e+02
6.258643189345570734e-01 3.576429319508539493e+02
6.388898577023131020e-01 3.804112924344806288e+02
6.521864850352057097e-01 4.046316282047300206e+02
6.657598428503537225e-01 4.303941946038611945e+02
6.796156904849094404e-01 4.577993142234841457e+02
6.937599071398169448e-01 4.869500894669963031e+02
7.081984943744236149e-01 5.179588513746753051e+02
7.229375786530161108e-01 5.509429683259584181e+02
7.379834139443505192e-01 5.860296418263575333e+02
7.533423843752851123e-01 6.233515843760825419e+02
7.690210069396433701e-01 6.630527285062042893e+02
7.850259342634492432e-01 7.052829225239814832e+02
8.013639574277185984e-01 7.502053350096957729e+02
8.180420088499924525e-01 7.979896601446446311e+02
8.350671652258471189e-01 8.488197029825236086e+02
8.524466505316175002e-01 9.028889729711200971e+02
8.701878390896189419e-01 9.604037846589989158e+02
8.882982586971583938e-01 1.021584673709027243e+03
9.067855938206671462e-01 1.086664070070380831e+03
9.256576888563147198e-01 1.155891252269404276e+03
9.449225514584753682e-01 1.229530651748775654e+03
9.645883559374751615e-01 1.307862849637345562e+03
9.846634467280448444e-01 1.391187592461280701e+03
1.005156341929967390e+00 1.479823196812508513e+03
1.026075736922404058e+00 1.574107569607519963e+03
1.047430508053451392e+00 1.674400863690869073e+03
1.069229716406479680e+00 1.781086920434234798e+03
1.091482611644857048e+00 1.894572482381794998e+03
1.114198635936694659e+00 2.015290931642453870e+03
1.137387427961266795e+00 2.143703365943409153e+03
1.161058826998822235e+00 2.280300461446901863e+03
1.185222877105502892e+00 inf
1.209889831375160485e+00 inf
1.235070156289862053e+00 inf
1.260774536160947035e+00 inf
1.287013877662505523e+00 inf
1.313799314459207501e+00 inf
1.341142211930455019e+00 inf
1.369054171992841074e+00 inf
1.397547038022987298e+00 inf
1.426632899882822825e+00 inf
1.456324099049463694e+00 inf
1.486633233851841318e+00 inf
1.517573164816328868e+00 inf
1.549157020123613560e+00 inf
1.581398201179137208e+00 inf
1.614310388299477594e+00 inf
1.647907546517062949e+00 inf
1.682203931505708239e+00 inf
1.717214095629459480e+00 inf
1.752952894117343119e+00 inf
1.789435491366608399e+00 inf
1.826677367377168348e+00 inf
1.864694324319941865e+00 inf
1.903502493241907789e+00 inf
1.943118340910698461e+00 inf
1.983558676801640885e+00 inf
2.024840660230225353e+00 inf
2.066981807632997992e+00 inf
2.109999999999999876e+00 inf
