# k [Mpc^-1], sensitivity [mK^2], z=11.0, 118.4 MHz
3.500000000000000333e-02 1.890743479774090186e-02
3.572842282756675397e-02 1.900241481409077962e-02
3.647200564986839699e-02 1.909787195510630198e-02
3.723106397794004319e-02 1.919380861758580512e-02
3.800591988925806214e-02 1.929022721036777188e-02
3.879690216440116746e-02 1.938713015439128690e-02
3.960434642655615706e-02 1.948451988275684901e-02
4.042859528392659524e-02 1.958239884078742665e-02
4.126999847510574859e-02 1.968076948608989130e-02
4.212891301747467149e-02 1.977963428861670078e-02
4.300570335868902916e-02 1.987899573072793302e-02
4.390074153131857948e-02 1.997885630725360420e-02
4.481440731070487210e-02 2.007921852555630965e-02
4.574708837610465956e-02 2.018008490559418736e-02
4.669918047518661214e-02 2.028145797998418681e-02
4.767108759195193973e-02 2.038334029406566397e-02
4.866322211814942678e-02 2.048573440596427112e-02
4.967600502825834929e-02 2.058864288665625264e-02
5.070986605811275694e-02 2.069206832003286575e-02
5.176524388724366293e-02 2.079601330296542913e-02
5.284258632501594166e-02 2.090048044537039240e-02
5.394235050063903719e-02 2.100547237027492950e-02
5.506500305713256382e-02 2.111099171388278184e-02
5.621102034932823344e-02 2.121704112564045189e-02
5.738088864599311806e-02 2.132362326830373675e-02
5.857510433615904094e-02 2.143074081800457747e-02
5.979417413974657397e-02 2.153839646431824142e-02
6.103861532257209149e-02 2.164659291033088628e-02
6.230895591583001519e-02 2.175533287270739469e-02
6.360573494014265528e-02 2.186461908175960783e-02
6.492950263427293978e-02 2.197445428151487828e-02
6.628082068859754428e-02 2.245421493862864021e-02
6.766026248343849636e-02 2.296889631886422575e-02
6.906841333235554103e-02 2.349537490171345333e-02
7.050587073050135212e-02 2.403392109522846723e-02
7.197324460814619185e-02 2.458481150558458964e-02
7.347115758947816988e-02 2.514832907914972202e-02
7.500024525679045706e-02 2.572476324781035328e-02
7.656115642016625422e-02 2.631441007762845910e-02
7.815455339277647961e-02 2.691757242090592195e-02
7.978111227190747001e-02 2.753456007173446171e-02
8.144152322583671222e-02 2.816568992511090871e-02
8.313649078667982584e-02 2.881128613969980226e-02
8.486673414933156023e-02 2.947168030432644609e-02
8.663298747662909194e-02 3.014721160828658444e-02
8.843600021086570062e-02 3.083822701555937601e-02
9.027653739178835568e-02 3.154508144301395450e-02
9.215537998121303698e-02 3.226813794270053104e-02
9.407332519439604024e-02 3.300776788831982084e-02
9.603118683830201563e-02 3.376435116596673836e-02
9.802979565691193053e-02 3.436430669302149854e-02
1.000699996837176586e-01 3.446388601359472170e-02
1.021526646015524509e-01 3.456375389058127801e-02
1.042786741099108044e-01 3.466391116014678336e-02
1.064489302999123421e-01 3.476435866087983911e-02
1.086643540370700461e-01 3.486509723379908887e-02
1.109258853520242866e-01 3.496612772236023375e-02
1.132344838394090808e-01 3.506745097246313780e-02
1.155911290650195183e-01 3.516906783245880158e-02
1.179968209814531294e-01 3.527097915315659943e-02
1.204525803524016392e-01 3.537318578783131551e-02
1.229594491857733396e-01 3.547568859223035331e-02
1.255184911758291388e-01 3.557848842458079253e-02
1.281307921545208894e-01 3.568158614559669567e-02
1.307974605522227440e-01 3.594939790114345252e-02
1.335196278680513826e-01 3.662949835981169078e-02
1.362984491499744655e-01 3.732246514339453841e-02
1.391351034849112878e-01 3.802854166051599510e-02
1.420307944990333859e-01 3.874797592467035118e-02
1.449867508684773432e-01 3.948102064133850175e-02
1.480042268406868700e-01 4.022793329675213719e-02
1.510845027666047613e-01 4.098897624833732628e-02
1.542288856439409939e-01 4.176441681686905022e-02
1.574387096717475842e-01 4.255452738036923782e-02
1.607153368165349372e-01 4.335958546978103956e-02
1.640601573901705190e-01 4.439869112351432084e-02
1.674745906398046880e-01 4.573119993373913478e-02
1.709600853500741757e-01 4.710370045733196925e-02
1.745181204578385992e-01 4.851739293936874892e-02
1.781502056797110434e-01 4.997351364709404220e-02
1.818578821526486422e-01 5.147333595103073534e-02
1.856427230878753554e-01 5.301817143853645303e-02
1.895063344384143311e-01 5.460937106078037756e-02
1.934503555805126840e-01 5.624832631414340006e-02
1.974764600092484834e-01 5.787239539174687808e-02
2.015863560486145234e-01 5.950035617767764073e-02
2.057817875763805759e-01 6.117411179035760205e-02
2.100645347640413829e-01 6.289495044641653376e-02
2.144364148321648011e-01 6.466419660024731730e-02
2.188992828214597897e-01 6.648321196338070893e-02
2.234550323798925042e-01 6.835339655253530600e-02
2.281055965661834550e-01 7.028560818616340355e-02
2.328529486700275375e-01 7.234255935473368759e-02
2.376991030493841028e-01 7.445970845313724940e-02
2.426461159851931171e-01 7.663881721048641793e-02
2.476960865538796186e-01 7.888169891396989986e-02
2.528511575180167337e-01 8.119021991773121838e-02
2.581135162355253088e-01 8.356630119590573169e-02
2.634853955877961562e-01 8.577102849829562614e-02
2.689690749271278492e-01 8.789444276817977297e-02
2.745668810438831597e-01 9.007042593271852304e-02
2.802811891537738131e-01 9.230027942834115318e-02
2.861144239056928607e-01 9.458533691084911044e-02
2.920690604105219967e-01 9.692696505306362675e-02
2.981476252913505820e-01 9.911125420473500258e-02
3.043526977555517377e-01 1.013258468904241205e-01
3.106869106891708698e-01 1.035899235706692623e-01
3.171529517740905302e-01 1.059045899412189573e-01
3.237535646284456226e-01 1.082709764040544476e-01
3.304915499707733462e-01 1.104646755301758598e-01
3.373697668083914247e-01 1.126474320065680018e-01
3.443911336505087739e-01 1.148733192468207875e-01
3.515586297465838617e-01 1.171431895048669070e-01
3.588752963504552862e-01 1.193797611541190795e-01
3.663442380107827523e-01 1.212938087812285570e-01
3.739686238883428437e-01 1.232385448456696370e-01
3.817516891007428637e-01 1.252144613833627573e-01
3.896967360951185122e-01 1.272220583191716881e-01
3.978071360494027653e-01 1.293556629324245089e-01
4.060863303027552607e-01 1.315295892738448380e-01
4.145378318157649788e-01 1.337400502023933513e-01
4.231652266610403390e-01 1.359663696377762521e-01
4.319721755448220901e-01 1.379368163300205841e-01
4.409624153602658136e-01 1.399358190554761128e-01
4.501397607730483474e-01 1.419637916528098676e-01
4.595081058399779206e-01 1.441425965467835468e-01
4.690714256612865118e-01 1.464934611039154511e-01
4.788337780673142530e-01 1.488826666115947994e-01
4.887993053402931998e-01 1.512258375509774322e-01
4.989722359719687139e-01 1.529834818930278784e-01
5.093568864577977529e-01 1.547615547126664215e-01
5.199576631284887895e-01 1.565602934428516613e-01
5.307790640196620169e-01 1.587460067854399581e-01
5.418256807804173736e-01 1.609665952496208696e-01
5.531022006216277376e-01 1.632206847113487624e-01
5.646134083047763541e-01 1.655585362318524045e-01
5.763641881721900395e-01 1.679298733962962531e-01
5.883595262195214781e-01 1.702983518849067457e-01
6.006045122113689017e-01 1.725994910862586051e-01
6.131043418409223289e-01 1.749317241975949511e-01
6.258643189345570734e-01 1.771762254172803419e-01
6.388898577023131020e-01 1.793832415508042066e-01
6.521864850352057097e-01 1.816129779183524307e-01
6.657598428503537225e-01 1.838441724270002686e-01
6.796156904849094404e-01 1.861027781316566265e-01
6.937599071398169448e-01 1.882570468201608116e-01
7.081984943744236149e-01 1.904000533705792197e-01
7.229375786530161108e-01 1.925008477722505162e-01
7.379834139443505192e-01 1.945647220346138351e-01
7.533423843752851123e-01 1.965237411515674826e-01
7.690210069396433701e-01 1.982845838236043934e-01
7.850259342634492432e-01 2.001598466203128590e-01
8.013639574277185984e-01 2.022808275713796622e-01
8.180420088499924525e-01 2.044170287706228994e-01
8.350671652258471189e-01 2.065603798031962202e-01
8.524466505316175002e-01 2.085853171067375000e-01
8.701878390896189419e-01 2.104324290383368656e-01
8.882982586971583938e-01 2.126779137863122338e-01
9.067855938206671462e-01 2.152204145824076764e-01
9.256576888563147198e-01 2.174154124746775774e-01
9.449225514584753682e-01 2.195367608758803935e-01
9.645883559374751615e-01 2.215824370196333992e-01
9.846634467280448444e-01 2.236059216573944020e-01
1.005156341929967390e+00 2.256011651783331184e-01
1.026075736922404058e+00 2.275347878009948144e-01
1.047430508053451392e+00 2.296328981822985671e-01
1.069229716406479680e+00 2.320648149166517071e-01
1.091482611644857048e+00 2.340843094059859852e-01
1.114198635936694659e+00 2.359320245462722399e-01
1.137387427961266795e+00 2.376278638200878535e-01
1.161058826998822235e+00 2.399867486343472689e-01
1.185222877105502892e+00 2.426681966013434499e-01
1.209889831375160485e+00 2.453278329552657511e-01
1.235070156289862053e+00 2.474420972352503745e-01
1.260774536160947035e+00 2.493600796227230243e-01
1.287013877662505523e+00 2.516265093860407531e-01
1.313799314459207501e+00 6.753067394138245749e-01
1.341142211930455019e+00 inf
1.369054171992841074e+00 inf
1.397547038022987298e+00 inf
1.426632899882822825e+00 inf
1.456324099049463694e+00 inf
1.486633233851841318e+00 inf
1.517573164816328868e+00 inf
1.549157020123613560e+00 inf
1.581398201179137208e+00 inf
1.614310388299477594e+00 inf
1.647907546517062949e+00 inf
1.682203931505708239e+00 inf
1.717214095629459480e+00 inf
1.752952894117343119e+00 inf
1.789435491366608399e+00 inf
1.826677367377168348e+00 inf
1.864694324319941865e+00 inf
1.903502493241907789e+00 inf
1.943118340910698461e+00 inf
1.983558676801640885e+00 inf
2.024840660230225353e+00 inf
2.066981807632997992e+00 inf
2.109999999999999876e+00 inf
