# k [Mpc^-1], sensitivity [mK^2], z=6.5, 189.4 MHz
3.500000000000000333e-02 inf
3.572842282756675397e-02 inf
3.647200564986839699e-02 inf
3.723106397794004319e-02 inf
3.800591988925806214e-02 inf
3.879690216440116746e-02 inf
3.960434642655615706e-02 inf
4.042859528392659524e-02 inf
4.126999847510574859e-02 1.840222777813779829e-03
4.212891301747467149e-02 1.899877284309545427e-03
4.300570335868902916e-02 1.961465611094983120e-03
4.390074153131857948e-02 2.025050446827372438e-03
4.481440731070487210e-02 2.090696512342349496e-03
4.574708837610465956e-02 2.158470626531053174e-03
4.669918047518661214e-02 2.228441774352779656e-03
4.767108759195193973e-02 2.300681177052434512e-03
4.866322211814942678e-02 2.375262364654193506e-03
4.967600502825834929e-02 2.452261250805221060e-03
5.070986605811275694e-02 2.531756210045576008e-03
5.176524388724366293e-02 2.613828157582974779e-03
5.284258632501594166e-02 2.698560631653639571e-03
5.394235050063903719e-02 2.786039878553000452e-03
5.506500305713256382e-02 2.876354940422876528e-03
5.621102034932823344e-02 2.969597745884415899e-03
5.738088864599311806e-02 3.065863203609121585e-03
5.857510433615904094e-02 3.165249298923143370e-03
5.979417413974657397e-02 3.267857193543194805e-03
6.103861532257209149e-02 3.373791328545612707e-03
6.230895591583001519e-02 3.483159530673396280e-03
6.360573494014265528e-02 3.596073122089324739e-03
6.492950263427293978e-02 3.712647033687018362e-03
6.628082068859754428e-02 3.832999922075175456e-03
6.766026248343849636e-02 3.957254290354083985e-03
6.906841333235554103e-02 4.085536612807338583e-03
7.050587073050135212e-02 4.217977463635703972e-03
7.197324460814619185e-02 4.354711649864171849e-03
7.347115758947816988e-02 4.495878348557380035e-03
7.500024525679045706e-02 4.641621248483231675e-03
7.656115642016625422e-02 4.792088696368797598e-03
7.815455339277647961e-02 4.947433847897378389e-03
7.978111227190747001e-02 5.107814823600440035e-03
8.144152322583671222e-02 5.273394869803120846e-03
8.313649078667982584e-02 5.535755942928002882e-03
8.486673414933156023e-02 5.922012169914293508e-03
8.663298747662909194e-02 6.335219345320973645e-03
8.843600021086570062e-02 6.777257966004808336e-03
9.027653739178835568e-02 7.250139740102167982e-03
9.215537998121303698e-02 7.756016742268933076e-03
9.407332519439604024e-02 8.297191207725375731e-03
9.603118683830201563e-02 8.876126009678495660e-03
9.802979565691193053e-02 9.495455867804409797e-03
1.000699996837176586e-01 1.015799933880018671e-02
1.021526646015524509e-01 1.086677164357396051e-02
1.042786741099108044e-01 1.162499838944968701e-02
1.064489302999123421e-01 1.243613024983578237e-02
1.086643540370700461e-01 1.330385866816467984e-02
1.109258853520242866e-01 1.423213265757147968e-02
1.132344838394090808e-01 1.522517677276676376e-02
1.155911290650195183e-01 1.628751033589306146e-02
1.179968209814531294e-01 1.742396800386148553e-02
1.204525803524016392e-01 1.863972177077008463e-02
1.229594491857733396e-01 1.994030450553635134e-02
1.255184911758291388e-01 2.132671048900069977e-02
1.281307921545208894e-01 2.280806114905297236e-02
1.307974605522227440e-01 2.439230624184815857e-02
1.335196278680513826e-01 2.608659280189666932e-02
1.362984491499744655e-01 2.789856429583782021e-02
1.391351034849112878e-01 2.983639510455375274e-02
1.420307944990333859e-01 3.190882740040674320e-02
1.449867508684773432e-01 3.412521058596483525e-02
1.480042268406868700e-01 3.649554347213659206e-02
1.510845027666047613e-01 3.903051938599352150e-02
1.542288856439409939e-01 4.174157441177656774e-02
1.574387096717475842e-01 4.464093898271676020e-02
1.607153368165349372e-01 4.774169305641733779e-02
1.640601573901705190e-01 5.105782512271105772e-02
1.674745906398046880e-01 5.443792514675420413e-02
1.709600853500741757e-01 5.800240504632821897e-02
1.745181204578385992e-01 6.180027953102303073e-02
1.781502056797110434e-01 6.584683078334457873e-02
1.818578821526486422e-01 7.015834163070239216e-02
1.856427230878753554e-01 7.475216106551590967e-02
1.895063344384143311e-01 7.964677405543875433e-02
1.934503555805126840e-01 8.486187592460779638e-02
1.974764600092484834e-01 9.041845160521938540e-02
2.015863560486145234e-01 9.633886007833004916e-02
2.057817875763805759e-01 1.026469243436624323e-01
2.100645347640413829e-01 1.092329108038843921e-01
2.144364148321648011e-01 1.162392769164313916e-01
2.188992828214597897e-01 1.236950420767725101e-01
2.234550323798925042e-01 1.316290314277727136e-01
2.281055965661834550e-01 1.400719190010858151e-01
2.328529486700275375e-01 1.490563463077115847e-01
2.376991030493841028e-01 1.586170485351329762e-01
2.426461159851931171e-01 1.687909888389306501e-01
2.476960865538796186e-01 1.795999487977953946e-01
2.528511575180167337e-01 1.909802090191617951e-01
2.581135162355253088e-01 2.030815736928006376e-01
2.634853955877961562e-01 2.159497352388300151e-01
2.689690749271278492e-01 2.296332813545362006e-01
2.745668810438831597e-01 2.441838784721505062e-01
2.802811891537738131e-01 2.596564668413387511e-01
2.861144239056928607e-01 2.761094679729922396e-01
2.920690604105219967e-01 2.936099392503218053e-01
2.981476252913505820e-01 3.122224546906324782e-01
3.043526977555517377e-01 3.320148543402459684e-01
3.106869106891708698e-01 3.530619333955353767e-01
3.171529517740905302e-01 3.754432284684784960e-01
3.237535646284456226e-01 3.992433181543796339e-01
3.304915499707733462e-01 4.245140712724762566e-01
3.373697668083914247e-01 4.511833757365252828e-01
3.443911336505087739e-01 4.795281294936076244e-01
3.515586297465838617e-01 5.096535895194839183e-01
3.588752963504552862e-01 5.416716253630267097e-01
3.663442380107827523e-01 5.757011345687905735e-01
3.739686238883428437e-01 6.118700086982208353e-01
3.817516891007428637e-01 6.503132045884666423e-01
3.896967360951185122e-01 6.911717489828816952e-01
3.978071360494027653e-01 7.345973958722975539e-01
4.060863303027552607e-01 7.807514338027804479e-01
4.145378318157649788e-01 8.298180107738231115e-01
4.231652266610403390e-01 8.819950931473898859e-01
4.319721755448220901e-01 9.374529526186698991e-01
4.409624153602658136e-01 9.963978770419354980e-01
4.501397607730483474e-01 1.059049125185828943e+00
4.595081058399779206e-01 1.125753231855718184e+00
4.690714256612865118e-01 1.196708561567263907e+00
4.788337780673142530e-01 1.272136149205333355e+00
4.887993053402931998e-01 1.352317877625553999e+00
4.989722359719687139e-01 1.437619815658886413e+00
5.093568864577977529e-01 1.528377929668957913e+00
5.199576631284887895e-01 1.624865677598192226e+00
5.307790640196620169e-01 1.727444775919064313e+00
5.418256807804173736e-01 1.836580442328767049e+00
5.531022006216277376e-01 1.952668802489767153e+00
5.646134083047763541e-01 2.076094988456958834e+00
5.763641881721900395e-01 2.207322816649902375e+00
5.883595262195214781e-01 2.347010035584759624e+00
6.006045122113689017e-01 2.495537198787015853e+00
6.131043418409223289e-01 2.653463690443112366e+00
6.258643189345570734e-01 2.821458094845730624e+00
6.388898577023131020e-01 3.000130622986115547e+00
6.521864850352057097e-01 3.190117822916375800e+00
6.657598428503537225e-01 3.392241365680880971e+00
6.796156904849094404e-01 3.607275702676893570e+00
6.937599071398169448e-01 3.835941076236265346e+00
7.081984943744236149e-01 4.079181303961316729e+00
7.229375786530161108e-01 4.337908532331406164e+00
7.379834139443505192e-01 4.613045862070387138e+00
7.533423843752851123e-01 4.905804623819221888e+00
7.690210069396433701e-01 5.217188379067061454e+00
7.850259342634492432e-01 5.548355697014304866e+00
8.013639574277185984e-01 5.900641248749497692e+00
8.180420088499924525e-01 6.275294708516997666e+00
8.350671652258471189e-01 6.673812522270815784e+00
8.524466505316175002e-01 7.097675965902798367e+00
8.701878390896189419e-01 7.548516863982977831e+00
8.882982586971583938e-01 8.028127099306875181e+00
9.067855938206671462e-01 8.538219072559352085e+00
9.256576888563147198e-01 9.080874710837493424e+00
9.449225514584753682e-01 9.658019408163243114e+00
9.645883559374751615e-01 1.027181917720331761e+01
9.846634467280448444e-01 1.092462489501733280e+01
1.005156341929967390e+00 1.161930130764713986e+01
1.026075736922404058e+00 1.235823256983534790e+01
1.047430508053451392e+00 1.314407138298738431e+01
1.069229716406479680e+00 1.397986454646499510e+01
1.091482611644857048e+00 1.486895830662182583e+01
1.114198635936694659e+00 1.581463753394524474e+01
1.137387427961266795e+00 1.682072113579861394e+01
1.161058826998822235e+00 1.789079924833558621e+01
1.185222877105502892e+00 1.902893283839233618e+01
1.209889831375160485e+00 2.023963464935232182e+01
1.235070156289862053e+00 2.152746285752047228e+01
1.260774536160947035e+00 2.289736897151476924e+01
1.287013877662505523e+00 2.435447697450106475e+01
1.313799314459207501e+00 2.590435266428649541e+01
1.341142211930455019e+00 2.755308753916324704e+01
1.369054171992841074e+00 2.930683610418999052e+01
1.397547038022987298e+00 3.117228084876928662e+01
1.426632899882822825e+00 3.315665817080373046e+01
1.456324099049463694e+00 3.526743029778499050e+01
1.486633233851841318e+00 3.751266310164195517e+01
1.517573164816328868e+00 3.990103123701928212e+01
1.549157020123613560e+00 4.244144410729460759e+01
1.581398201179137208e+00 4.514371322180658552e+01
1.614310388299477594e+00 4.801817742928214017e+01
1.647907546517062949e+00 5.902026790759646246e+01
1.682203931505708239e+00 4.560596773427102562e+03
1.717214095629459480e+00 inf
1.752952894117343119e+00 inf
1.789435491366608399e+00 inf
1.826677367377168348e+00 inf
1.864694324319941865e+00 inf
1.903502493241907789e+00 inf
1.943118340910698461e+00 inf
1.983558676801640885e+00 inf
2.024840660230225353e+00 inf
2.066981807632997992e+00 inf
2.109999999999999876e+00 inf
