# k [Mpc^-1], sensitivity [mK^2], z=5.5, 218.5 MHz
3.500000000000000333e-02 inf
3.572842282756675397e-02 inf
3.647200564986839699e-02 inf
3.723106397794004319e-02 inf
3.800591988925806214e-02 inf
3.879690216440116746e-02 inf
3.960434642655615706e-02 inf
4.042859528392659524e-02 inf
4.126999847510574859e-02 inf
4.212891301747467149e-02 inf
4.300570335868902916e-02 inf
4.390074153131857948e-02 inf
4.481440731070487210e-02 2.068232578198635901e-02
4.574708837610465956e-02 2.092354183435255269e-02
4.669918047518661214e-02 2.116757116722367549e-02
4.767108759195193973e-02 2.141444659163001599e-02
4.866322211814942678e-02 2.166420130127387142e-02
4.967600502825834929e-02 2.191686887699261649e-02
5.070986605811275694e-02 2.217248329127382775e-02
5.176524388724366293e-02 2.243107891282304298e-02
5.284258632501594166e-02 2.269269051118489450e-02
5.394235050063903719e-02 2.295735326141789753e-02
5.506500305713256382e-02 2.322510274882413212e-02
5.621102034932823344e-02 2.349597497373365554e-02
5.738088864599311806e-02 2.377000635634515455e-02
5.857510433615904094e-02 2.404723374162260827e-02
5.979417413974657397e-02 2.432769440424951968e-02
6.103861532257209149e-02 2.461142605364046582e-02
6.230895591583001519e-02 2.489846683901153143e-02
6.360573494014265528e-02 2.518885535450952201e-02
6.492950263427293978e-02 2.548263064440123293e-02
6.628082068859754428e-02 2.577983220832311129e-02
6.766026248343849636e-02 2.608050000659223322e-02
6.906841333235554103e-02 2.638467446557913806e-02
7.050587073050135212e-02 2.669239648314339006e-02
7.197324460814619185e-02 2.700370743413251645e-02
7.347115758947816988e-02 2.731864917594504713e-02
7.500024525679045706e-02 2.763726405415847798e-02
7.656115642016625422e-02 2.795959490822290741e-02
7.815455339277647961e-02 2.828568507722088038e-02
7.978111227190747001e-02 2.861557840569477207e-02
8.144152322583671222e-02 2.894931924954166971e-02
8.313649078667982584e-02 2.928695248197751844e-02
8.486673414933156023e-02 2.962852349957030215e-02
8.663298747662909194e-02 2.997407822834408098e-02
8.843600021086570062e-02 3.032366312995383659e-02
9.027653739178835568e-02 3.041132040388048324e-02
9.215537998121303698e-02 3.048158251891200030e-02
9.407332519439604024e-02 3.055200696707286237e-02
9.603118683830201563e-02 3.062259412341646753e-02
9.802979565691193053e-02 3.069334436386273249e-02
1.000699996837176586e-01 3.076425806520009798e-02
1.021526646015524509e-01 3.083533560508753407e-02
1.042786741099108044e-01 3.090657736205654899e-02
1.064489302999123421e-01 3.097798371551320831e-02
1.086643540370700461e-01 3.104955504574016464e-02
1.109258853520242866e-01 3.112129173389865944e-02
1.132344838394090808e-01 3.119319416203056999e-02
1.155911290650195183e-01 3.126526271306044602e-02
1.179968209814531294e-01 3.133749777079754273e-02
1.204525803524016392e-01 3.140989971993786434e-02
1.229594491857733396e-01 3.148246894606620411e-02
1.255184911758291388e-01 3.155520583565823295e-02
1.281307921545208894e-01 3.162811077608249782e-02
1.307974605522227440e-01 3.170118415560255198e-02
1.335196278680513826e-01 3.166262334029468911e-02
1.362984491499744655e-01 3.129745357626505936e-02
1.391351034849112878e-01 3.093649536966476543e-02
1.420307944990333859e-01 3.057970014797297548e-02
1.449867508684773432e-01 3.022701989886293281e-02
1.480042268406868700e-01 2.987840716374128708e-02
1.510845027666047613e-01 2.953381503136167860e-02
1.542288856439409939e-01 2.919319713151216286e-02
1.574387096717475842e-01 2.885650762877541714e-02
1.607153368165349372e-01 2.852370121636077505e-02
1.640601573901705190e-01 2.819473311000761720e-02
1.674745906398046880e-01 2.786955904195882738e-02
1.709600853500741757e-01 2.754813525500399846e-02
1.745181204578385992e-01 2.723041849659112862e-02
1.781502056797110434e-01 2.685844208197698743e-02
1.818578821526486422e-01 2.635031813967563322e-02
1.856427230878753554e-01 2.585180718758241930e-02
1.895063344384143311e-01 2.536272736144522602e-02
1.934503555805126840e-01 2.488290023762779885e-02
1.974764600092484834e-01 2.441215076801804204e-02
2.015863560486145234e-01 2.395030721616794867e-02
2.057817875763805759e-01 2.349720109464148096e-02
2.100645347640413829e-01 2.305266710354790527e-02
2.144364148321648011e-01 2.261654307023787044e-02
2.188992828214597897e-01 2.218866989014046248e-02
2.234550323798925042e-01 2.173444897883300420e-02
2.281055965661834550e-01 2.124906180254754196e-02
2.328529486700275375e-01 2.077451459331769792e-02
2.376991030493841028e-01 2.031056526628521527e-02
2.426461159851931171e-01 1.985697714298084032e-02
2.476960865538796186e-01 1.941351883058548694e-02
2.528511575180167337e-01 1.897996410388781696e-02
2.581135162355253088e-01 1.855609178987804170e-02
2.634853955877961562e-01 1.814168565491900559e-02
2.689690749271278492e-01 1.784059825740192881e-02
2.745668810438831597e-01 1.761220608517869921e-02
2.802811891537738131e-01 1.738673774900515931e-02
2.861144239056928607e-01 1.716415581845116486e-02
2.920690604105219967e-01 1.694442334226430383e-02
2.981476252913505820e-01 1.672750384223553599e-02
3.043526977555517377e-01 1.651336130714339823e-02
3.106869106891708698e-01 1.631462147130795237e-02
3.171529517740905302e-01 1.621081249389913145e-02
3.237535646284456226e-01 1.610766404691141990e-02
3.304915499707733462e-01 1.600517192742857697e-02
3.373697668083914247e-01 1.590333195927726498e-02
3.443911336505087739e-01 1.580213999285690757e-02
3.515586297465838617e-01 1.570159190497056462e-02
3.588752963504552862e-01 1.563417184497147006e-02
3.663442380107827523e-01 1.558551910749461818e-02
3.739686238883428437e-01 1.553701777483073795e-02
3.817516891007428637e-01 1.548866737581583962e-02
3.896967360951185122e-01 1.544046744075218067e-02
3.978071360494027653e-01 1.539241750140368965e-02
4.060863303027552607e-01 1.520098446638575192e-02
4.145378318157649788e-01 1.499946624037018852e-02
4.231652266610403390e-01 1.480061952523643691e-02
4.319721755448220901e-01 1.460440890498006933e-02
4.409624153602658136e-01 1.441079943310370759e-02
4.501397607730483474e-01 1.426575489305243263e-02
4.595081058399779206e-01 1.413330629257395984e-02
4.690714256612865118e-01 1.400208739440708672e-02
4.788337780673142530e-01 1.387208678153593368e-02
4.887993053402931998e-01 1.374265813213409147e-02
4.989722359719687139e-01 1.361150760722218932e-02
5.093568864577977529e-01 1.348160869317181765e-02
5.199576631284887895e-01 1.335294944546543648e-02
5.307790640196620169e-01 1.322551803357576057e-02
5.418256807804173736e-01 1.308377127066222972e-02
5.531022006216277376e-01 1.294277955675665615e-02
5.646134083047763541e-01 1.280330718027901382e-02
5.763641881721900395e-01 1.265649769915074864e-02
5.883595262195214781e-01 1.238980672130515076e-02
6.006045122113689017e-01 1.212873531368781690e-02
6.131043418409223289e-01 1.187316506370823810e-02
6.258643189345570734e-01 1.161187171675621445e-02
6.388898577023131020e-01 1.134404096123056878e-02
6.521864850352057097e-01 1.108238778976331287e-02
6.657598428503537225e-01 1.082872566448207785e-02
6.796156904849094404e-01 1.059495166095929600e-02
6.937599071398169448e-01 1.036622444561974624e-02
7.081984943744236149e-01 1.014243506678112229e-02
7.229375786530161108e-01 9.862213043018659697e-03
7.379834139443505192e-01 9.588914875351900804e-03
7.533423843752851123e-01 9.320670686213150188e-03
7.690210069396433701e-01 9.005916916456812443e-03
7.850259342634492432e-01 8.701792203225616751e-03
8.013639574277185984e-01 8.392203600643070860e-03
8.180420088499924525e-01 8.052403246742173212e-03
8.350671652258471189e-01 7.726361410389904517e-03
8.524466505316175002e-01 7.376203044015791459e-03
8.701878390896189419e-01 7.022257400303807962e-03
8.882982586971583938e-01 6.675282956898010746e-03
9.067855938206671462e-01 6.293175555920337352e-03
9.256576888563147198e-01 5.932940795671848115e-03
9.449225514584753682e-01 5.516846473421445005e-03
9.645883559374751615e-01 5.110599102178814412e-03
9.846634467280448444e-01 4.696011708762657874e-03
1.005156341929967390e+00 4.283666166391953377e-03
1.026075736922404058e+00 3.860719598011982685e-03
1.047430508053451392e+00 3.408356338503849055e-03
1.069229716406479680e+00 2.959282419956658569e-03
1.091482611644857048e+00 2.472400132554476541e-03
1.114198635936694659e+00 1.988327341709520725e-03
1.137387427961266795e+00 1.474757403921331212e-03
1.161058826998822235e+00 1.434626076753427486e-11
1.185222877105502892e+00 1.240627532581440135e-30
1.209889831375160485e+00 9.593802382787491445e-39
1.235070156289862053e+00 4.649590604623220828e-39
1.260774536160947035e+00 4.079726391055022172e-39
1.287013877662505523e+00 4.082961080639555069e-39
1.313799314459207501e+00 4.085546059257891339e-39
1.341142211930455019e+00 4.081297177976910945e-39
1.369054171992841074e+00 4.069340209828066874e-39
1.397547038022987298e+00 4.067875473521009366e-39
1.426632899882822825e+00 4.070245128973463826e-39
1.456324099049463694e+00 4.077306186007669557e-39
1.486633233851841318e+00 4.080886341252377142e-39
1.517573164816328868e+00 4.078530521603020041e-39
1.549157020123613560e+00 4.068026993036818072e-39
1.581398201179137208e+00 4.078527175475362728e-39
1.614310388299477594e+00 4.084640112558342347e-39
1.647907546517062949e+00 4.087392877930231397e-39
1.682203931505708239e+00 4.089040100410455182e-39
1.717214095629459480e+00 4.086253606103423655e-39
1.752952894117343119e+00 4.088886128578837533e-39
1.789435491366608399e+00 5.336415846484298398e-39
1.826677367377168348e+00 1.493129692409308829e-38
1.864694324319941865e+00 inf
1.903502493241907789e+00 inf
1.943118340910698461e+00 inf
1.983558676801640885e+00 inf
2.024840660230225353e+00 inf
2.066981807632997992e+00 inf
2.109999999999999876e+00 inf
