# k [Mpc^-1], sensitivity [mK^2], z=12.0, 109.3 MHz
3.500000000000000333e-02 inf
3.572842282756675397e-02 inf
3.647200564986839699e-02 inf
3.723106397794004319e-02 inf
3.800591988925806214e-02 inf
3.879690216440116746e-02 inf
3.960434642655615706e-02 inf
4.042859528392659524e-02 inf
4.126999847510574859e-02 inf
4.212891301747467149e-02 inf
4.300570335868902916e-02 inf
4.390074153131857948e-02 inf
4.481440731070487210e-02 inf
4.574708837610465956e-02 inf
4.669918047518661214e-02 inf
4.767108759195193973e-02 inf
4.866322211814942678e-02 inf
4.967600502825834929e-02 inf
5.070986605811275694e-02 inf
5.176524388724366293e-02 inf
5.284258632501594166e-02 inf
5.394235050063903719e-02 inf
5.506500305713256382e-02 inf
5.621102034932823344e-02 inf
5.738088864599311806e-02 inf
5.857510433615904094e-02 inf
5.979417413974657397e-02 inf
6.103861532257209149e-02 inf
6.230895591583001519e-02 inf
6.360573494014265528e-02 inf
6.492950263427293978e-02 inf
6.628082068859754428e-02 inf
6.766026248343849636e-02 inf
6.906841333235554103e-02 inf
7.050587073050135212e-02 inf
7.197324460814619185e-02 inf
7.347115758947816988e-02 inf
7.500024525679045706e-02 inf
7.656115642016625422e-02 inf
7.815455339277647961e-02 inf
7.978111227190747001e-02 inf
8.144152322583671222e-02 inf
8.313649078667982584e-02 inf
8.486673414933156023e-02 inf
8.663298747662909194e-02 inf
8.843600021086570062e-02 inf
9.027653739178835568e-02 inf
9.215537998121303698e-02 inf
9.407332519439604024e-02 5.074237869641686771e-01
9.603118683830201563e-02 4.901280015277771351e-01
9.802979565691193053e-02 4.734217513113473386e-01
1.000699996837176586e-01 4.572849417214962520e-01
1.021526646015524509e-01 4.416981630987860119e-01
1.042786741099108044e-01 4.266426673714160400e-01
1.064489302999123421e-01 4.121003455046902131e-01
1.086643540370700461e-01 3.980537057191270711e-01
1.109258853520242866e-01 3.844858524510169628e-01
1.132344838394090808e-01 3.713804660301188165e-01
1.155911290650195183e-01 3.587217830500525340e-01
1.179968209814531294e-01 3.464945774077761165e-01
1.204525803524016392e-01 3.346841419893410996e-01
1.229594491857733396e-01 3.232762709798977507e-01
1.255184911758291388e-01 3.134541160692687622e-01
1.281307921545208894e-01 3.078302437355752152e-01
1.307974605522227440e-01 3.023072727408792071e-01
1.335196278680513826e-01 2.968833927524406890e-01
1.362984491499744655e-01 2.915568259178084043e-01
1.391351034849112878e-01 2.863258262820711497e-01
1.420307944990333859e-01 2.811886792155645076e-01
1.449867508684773432e-01 2.761437008518451419e-01
1.480042268406868700e-01 2.711892375357492502e-01
1.510845027666047613e-01 2.663236652813535388e-01
1.542288856439409939e-01 2.615453892396611413e-01
1.574387096717475842e-01 2.579909453255579965e-01
1.607153368165349372e-01 2.561938576871023998e-01
1.640601573901705190e-01 2.544092880227804554e-01
1.674745906398046880e-01 2.526371491361342758e-01
1.709600853500741757e-01 2.508773544380905052e-01
1.745181204578385992e-01 2.491298179427294257e-01
1.781502056797110434e-01 2.473944542630832077e-01
1.818578821526486422e-01 2.456711786069642189e-01
1.856427230878753554e-01 2.439599067728218384e-01
1.895063344384143311e-01 2.424185149181161403e-01
1.934503555805126840e-01 2.410171557466106174e-01
1.974764600092484834e-01 2.396238974725478643e-01
2.015863560486145234e-01 2.382386932667203416e-01
2.057817875763805759e-01 2.368614965706281883e-01
2.100645347640413829e-01 2.354922610949143069e-01
2.144364148321648011e-01 2.341309408178084694e-01
2.188992828214597897e-01 2.327898397144536613e-01
2.234550323798925042e-01 2.316392251324202733e-01
2.281055965661834550e-01 2.304942977140448657e-01
2.328529486700275375e-01 2.293550293492801484e-01
2.376991030493841028e-01 2.282213920670186080e-01
2.426461159851931171e-01 2.270933580344062785e-01
2.476960865538796186e-01 2.259708995561589273e-01
2.528511575180167337e-01 2.249305190358143747e-01
2.581135162355253088e-01 2.239500220611617687e-01
2.634853955877961562e-01 2.229737991811114872e-01
2.689690749271278492e-01 2.220018317644130434e-01
2.745668810438831597e-01 2.210341012610317346e-01
2.802811891537738131e-01 2.200705892017944809e-01
2.861144239056928607e-01 2.191281221217605824e-01
2.920690604105219967e-01 2.181923690899024715e-01
2.981476252913505820e-01 2.172606120478249025e-01
3.043526977555517377e-01 2.163328339312665105e-01
3.106869106891708698e-01 2.154090177488362789e-01
3.171529517740905302e-01 2.144437344167469950e-01
3.237535646284456226e-01 2.134674965013731163e-01
3.304915499707733462e-01 2.124957028308730733e-01
3.373697668083914247e-01 2.115283331731782901e-01
3.443911336505087739e-01 2.105243560838731542e-01
3.515586297465838617e-01 2.092269397513978890e-01
3.588752963504552862e-01 2.079375191167653347e-01
3.663442380107827523e-01 2.066560449042091629e-01
3.739686238883428437e-01 2.053824681416390463e-01
3.817516891007428637e-01 2.039868767415378426e-01
3.896967360951185122e-01 2.025858257047872257e-01
3.978071360494027653e-01 2.011943975616213853e-01
4.060863303027552607e-01 1.998112972671739485e-01
4.145378318157649788e-01 1.983202955090371811e-01
4.231652266610403390e-01 1.968404196795799088e-01
4.319721755448220901e-01 1.953715867565735398e-01
4.409624153602658136e-01 1.939194434524124100e-01
4.501397607730483474e-01 1.924861913715203987e-01
4.595081058399779206e-01 1.910635324085272757e-01
4.690714256612865118e-01 1.896436614307078217e-01
4.788337780673142530e-01 1.881205540073343230e-01
4.887993053402931998e-01 1.866096792955929395e-01
4.989722359719687139e-01 1.851109390494692641e-01
5.093568864577977529e-01 1.836776285583812118e-01
5.199576631284887895e-01 1.822594072425408329e-01
5.307790640196620169e-01 1.808521363713272156e-01
5.418256807804173736e-01 1.791378128923097335e-01
5.531022006216277376e-01 1.774355289756525678e-01
5.646134083047763541e-01 1.757458104105715513e-01
5.763641881721900395e-01 1.740588825710481791e-01
5.883595262195214781e-01 1.723881470124623838e-01
6.006045122113689017e-01 1.706179303327144681e-01
6.131043418409223289e-01 1.687855262482039764e-01
6.258643189345570734e-01 1.671086228214827551e-01
6.388898577023131020e-01 1.667063661936276087e-01
6.521864850352057097e-01 1.663050778604775459e-01
6.657598428503537225e-01 1.668261675689511891e-01
6.796156904849094404e-01 1.676950098842106274e-01
6.937599071398169448e-01 1.688660824188441267e-01
7.081984943744236149e-01 1.703841775098648703e-01
7.229375786530161108e-01 1.718383341797018737e-01
7.379834139443505192e-01 1.731323771945459666e-01
7.533423843752851123e-01 1.744622005239529206e-01
7.690210069396433701e-01 1.758827971851371907e-01
7.850259342634492432e-01 1.774605289646404571e-01
8.013639574277185984e-01 1.794626820619932284e-01
8.180420088499924525e-01 1.814150383147661305e-01
8.350671652258471189e-01 1.832585424983551314e-01
8.524466505316175002e-01 1.848929120767130452e-01
8.701878390896189419e-01 1.863363090218969342e-01
8.882982586971583938e-01 1.871821722565479573e-01
9.067855938206671462e-01 1.878854884727904906e-01
9.256576888563147198e-01 1.893048054357805154e-01
9.449225514584753682e-01 1.905121144670088029e-01
9.645883559374751615e-01 1.914085963864034790e-01
9.846634467280448444e-01 1.931727414929790276e-01
1.005156341929967390e+00 1.952116961890141278e-01
1.026075736922404058e+00 1.974489815276716798e-01
1.047430508053451392e+00 1.993746475596380185e-01
1.069229716406479680e+00 2.012120637406386303e-01
1.091482611644857048e+00 2.030381072966262190e-01
1.114198635936694659e+00 2.052772756026497170e-01
1.137387427961266795e+00 2.076553349235328583e-01
1.161058826998822235e+00 2.100316571172620717e-01
1.185222877105502892e+00 2.121150923179625780e-01
1.209889831375160485e+00 2.141501075798298293e-01
1.235070156289862053e+00 2.161491285651922223e-01
1.260774536160947035e+00 5.849167097007672567e-01
1.287013877662505523e+00 inf
1.313799314459207501e+00 inf
1.341142211930455019e+00 inf
1.369054171992841074e+00 inf
1.397547038022987298e+00 inf
1.426632899882822825e+00 inf
1.456324099049463694e+00 inf
1.486633233851841318e+00 inf
1.517573164816328868e+00 inf
1.549157020123613560e+00 inf
1.581398201179137208e+00 inf
1.614310388299477594e+00 inf
1.647907546517062949e+00 inf
1.682203931505708239e+00 inf
1.717214095629459480e+00 inf
1.752952894117343119e+00 inf
1.789435491366608399e+00 inf
1.826677367377168348e+00 inf
1.864694324319941865e+00 inf
1.903502493241907789e+00 inf
1.943118340910698461e+00 inf
1.983558676801640885e+00 inf
2.024840660230225353e+00 inf
2.066981807632997992e+00 inf
2.109999999999999876e+00 inf
