# k [Mpc^-1], sensitivity [mK^2], z=12.0, 109.3 MHz
3.500000000000000333e-02 1.574463902739994814e-02
3.572842282756675397e-02 1.586689620647342355e-02
3.647200564986839699e-02 1.599010271298521857e-02
3.723106397794004319e-02 1.611426591846631257e-02
3.800591988925806214e-02 1.623939325168768585e-02
3.879690216440116746e-02 1.636549219910471073e-02
3.960434642655615706e-02 1.649257030530516116e-02
4.042859528392659524e-02 1.662063517346051497e-02
4.126999847510574859e-02 1.674969446578094059e-02
4.212891301747467149e-02 1.687975590397366998e-02
4.300570335868902916e-02 1.701082726970503528e-02
4.390074153131857948e-02 1.714291640506604431e-02
4.481440731070487210e-02 1.727603121304153652e-02
4.574708837610465956e-02 1.741017965798309988e-02
4.669918047518661214e-02 1.754536976608549875e-02
4.767108759195193973e-02 1.768160962586696680e-02
4.866322211814942678e-02 1.781890738865308035e-02
4.967600502825834929e-02 1.795727126906451407e-02
5.070986605811275694e-02 1.809670954550847768e-02
5.176524388724366293e-02 1.823723056067406284e-02
5.284258632501594166e-02 1.837884272203137506e-02
5.394235050063903719e-02 1.852155450233452030e-02
5.506500305713256382e-02 1.866537444012861952e-02
5.621102034932823344e-02 1.881031114026058410e-02
5.738088864599311806e-02 1.895637327439403386e-02
5.857510433615904094e-02 1.910356958152804180e-02
5.979417413974657397e-02 1.925190886852008731e-02
6.103861532257209149e-02 1.940140001061288824e-02
6.230895591583001519e-02 1.955205195196548298e-02
6.360573494014265528e-02 1.986378466908459220e-02
6.492950263427293978e-02 2.020248506084967519e-02
6.628082068859754428e-02 2.054696068413751006e-02
6.766026248343849636e-02 2.089731001329279969e-02
6.906841333235554103e-02 2.125363320176124407e-02
7.050587073050135212e-02 2.161603211071998903e-02
7.197324460814619185e-02 2.198461033819656962e-02
7.347115758947816988e-02 2.235947324868405028e-02
7.500024525679045706e-02 2.274072800326145186e-02
7.656115642016625422e-02 2.312848359022748670e-02
7.815455339277647961e-02 2.352285085625682379e-02
7.978111227190747001e-02 2.392394253808752258e-02
8.144152322583671222e-02 2.433187329474875010e-02
8.313649078667982584e-02 2.474675974033816242e-02
8.486673414933156023e-02 2.516872047735791915e-02
8.663298747662909194e-02 2.559787613061944092e-02
8.843600021086570062e-02 2.603434938172593041e-02
9.027653739178835568e-02 2.647826500414321438e-02
9.215537998121303698e-02 2.692974989886829165e-02
9.407332519439604024e-02 2.731299953122573454e-02
9.603118683830201563e-02 2.738996520115172251e-02
9.802979565691193053e-02 2.746714775367752395e-02
1.000699996837176586e-01 2.754454779995954908e-02
1.021526646015524509e-01 2.762216595287640339e-02
1.042786741099108044e-01 2.770000282703368247e-02
1.064489302999123421e-01 2.777805903876894023e-02
1.086643540370700461e-01 2.785633520615649755e-02
1.109258853520242866e-01 2.793483194901234812e-02
1.132344838394090808e-01 2.801354988889908845e-02
1.155911290650195183e-01 2.809248964913081334e-02
1.179968209814531294e-01 2.817165185477806325e-02
1.204525803524016392e-01 2.825103713267278216e-02
1.229594491857733396e-01 2.833064611141326156e-02
1.255184911758291388e-01 2.851292559024505568e-02
1.281307921545208894e-01 2.904269020019895758e-02
1.307974605522227440e-01 2.958229773353410891e-02
1.335196278680513826e-01 3.013193106985186109e-02
1.362984491499744655e-01 3.069177648662100785e-02
1.391351034849112878e-01 3.126202372230944826e-02
1.420307944990333859e-01 3.184286604068892190e-02
1.449867508684773432e-01 3.243450029633441339e-02
1.480042268406868700e-01 3.303712700134066316e-02
1.510845027666047613e-01 3.365095039327806875e-02
1.542288856439409939e-01 3.427617850441137815e-02
1.574387096717475842e-01 3.501414078031397925e-02
1.607153368165349372e-01 3.592494045294947203e-02
1.640601573901705190e-01 3.685943215472478607e-02
1.674745906398046880e-01 3.781823217071514365e-02
1.709600853500741757e-01 3.880197281701158046e-02
1.745181204578385992e-01 3.981130285772514765e-02
1.781502056797110434e-01 4.084688793283842989e-02
1.818578821526486422e-01 4.190941099718632767e-02
1.856427230878753554e-01 4.299957277085592056e-02
1.895063344384143311e-01 4.418899212310242047e-02
1.934503555805126840e-01 4.547184697703458844e-02
1.974764600092484834e-01 4.679194451284720419e-02
2.015863560486145234e-01 4.815036592639756335e-02
2.057817875763805759e-01 4.954822380184333713e-02
2.100645347640413829e-01 5.098666302287912372e-02
2.144364148321648011e-01 5.246686171042758140e-02
2.188992828214597897e-01 5.397063979563924974e-02
2.234550323798925042e-01 5.522150786462305672e-02
2.281055965661834550e-01 5.650136708383093204e-02
2.328529486700275375e-01 5.781088937607559847e-02
2.376991030493841028e-01 5.915076223720723558e-02
2.426461159851931171e-01 6.052168909704697813e-02
2.476960865538796186e-01 6.192438968868566040e-02
2.528511575180167337e-01 6.350855581530583105e-02
2.581135162355253088e-01 6.524392402479337050e-02
2.634853955877961562e-01 6.702671108649445320e-02
2.689690749271278492e-01 6.885821271824747736e-02
2.745668810438831597e-01 7.073976004331795908e-02
2.802811891537738131e-01 7.267272055785022056e-02
2.861144239056928607e-01 7.437057539357283531e-02
2.920690604105219967e-01 7.606116204438508055e-02
2.981476252913505820e-01 7.779017899116827395e-02
3.043526977555517377e-01 7.955849982868770653e-02
3.106869106891708698e-01 8.136701801020296276e-02
3.171529517740905302e-01 8.303057580939524063e-02
3.237535646284456226e-01 8.466405568321246078e-02
3.304915499707733462e-01 8.632967138738080470e-02
3.373697668083914247e-01 8.802805513758218958e-02
3.443911336505087739e-01 8.978054271152946519e-02
3.515586297465838617e-01 9.172236987061889446e-02
3.588752963504552862e-01 9.370619602639396195e-02
3.663442380107827523e-01 9.573292955822018668e-02
3.739686238883428437e-01 9.780349849243397120e-02
3.817516891007428637e-01 9.978908941535365174e-02
3.896967360951185122e-01 1.017996587331542885e-01
3.978071360494027653e-01 1.038507373792328936e-01
4.060863303027552607e-01 1.059415703069273018e-01
4.145378318157649788e-01 1.079203708448752963e-01
4.231652266610403390e-01 1.099361318654520081e-01
4.319721755448220901e-01 1.119895437248857178e-01
4.409624153602658136e-01 1.139925840898158987e-01
4.501397607730483474e-01 1.159029680457058092e-01
4.595081058399779206e-01 1.178453678286608547e-01
4.690714256612865118e-01 1.198337896423175286e-01
4.788337780673142530e-01 1.220592249475929147e-01
4.887993053402931998e-01 1.243259888490241966e-01
4.989722359719687139e-01 1.266348488606597045e-01
5.093568864577977529e-01 1.288189569576181082e-01
5.199576631284887895e-01 1.310279001734077076e-01
5.307790640196620169e-01 1.332747215885387582e-01
5.418256807804173736e-01 1.353948066474222334e-01
5.531022006216277376e-01 1.375463716219357257e-01
5.646134083047763541e-01 1.397071873855817992e-01
5.763641881721900395e-01 1.418077787965564274e-01
5.883595262195214781e-01 1.439399540104722153e-01
6.006045122113689017e-01 1.460426286388953332e-01
6.131043418409223289e-01 1.481321066139739961e-01
6.258643189345570734e-01 1.502161337343656811e-01
6.388898577023131020e-01 1.519959773980802398e-01
6.521864850352057097e-01 1.537969096319004303e-01
6.657598428503537225e-01 1.556434775238264567e-01
6.796156904849094404e-01 1.575213901025237506e-01
6.937599071398169448e-01 1.594719667588678502e-01
7.081984943744236149e-01 1.615038306168163074e-01
7.229375786530161108e-01 1.634840918242319030e-01
7.379834139443505192e-01 1.653156901817413316e-01
7.533423843752851123e-01 1.672591795220685906e-01
7.690210069396433701e-01 1.695096096676583231e-01
7.850259342634492432e-01 1.717107072426697079e-01
8.013639574277185984e-01 1.737156632740427531e-01
8.180420088499924525e-01 1.756847020871881715e-01
8.350671652258471189e-01 1.775693784383038654e-01
8.524466505316175002e-01 1.794502134418227979e-01
8.701878390896189419e-01 1.813292090126322753e-01
8.882982586971583938e-01 1.832509685661646293e-01
9.067855938206671462e-01 1.852024093689075834e-01
9.256576888563147198e-01 1.872076385199713255e-01
9.449225514584753682e-01 1.890208481442038624e-01
9.645883559374751615e-01 1.905449435522175994e-01
9.846634467280448444e-01 1.925258077249296373e-01
1.005156341929967390e+00 1.947592864669620560e-01
1.026075736922404058e+00 1.973681324775800605e-01
1.047430508053451392e+00 1.993746475596380185e-01
1.069229716406479680e+00 2.012120637406386303e-01
1.091482611644857048e+00 2.030381072966262190e-01
1.114198635936694659e+00 2.052772756026497170e-01
1.137387427961266795e+00 2.076553349235328583e-01
1.161058826998822235e+00 2.100316571172620717e-01
1.185222877105502892e+00 2.121150923179625780e-01
1.209889831375160485e+00 2.141501075798298293e-01
1.235070156289862053e+00 2.161491285651922223e-01
1.260774536160947035e+00 5.849167097007672567e-01
1.287013877662505523e+00 inf
1.313799314459207501e+00 inf
1.341142211930455019e+00 inf
1.369054171992841074e+00 inf
1.397547038022987298e+00 inf
1.426632899882822825e+00 inf
1.456324099049463694e+00 inf
1.486633233851841318e+00 inf
1.517573164816328868e+00 inf
1.549157020123613560e+00 inf
1.581398201179137208e+00 inf
1.614310388299477594e+00 inf
1.647907546517062949e+00 inf
1.682203931505708239e+00 inf
1.717214095629459480e+00 inf
1.752952894117343119e+00 inf
1.789435491366608399e+00 inf
1.826677367377168348e+00 inf
1.864694324319941865e+00 inf
1.903502493241907789e+00 inf
1.943118340910698461e+00 inf
1.983558676801640885e+00 inf
2.024840660230225353e+00 inf
2.066981807632997992e+00 inf
2.109999999999999876e+00 inf
