# k [Mpc^-1], sensitivity [mK^2], z=11.0, 118.4 MHz
3.500000000000000333e-02 inf
3.572842282756675397e-02 inf
3.647200564986839699e-02 inf
3.723106397794004319e-02 inf
3.800591988925806214e-02 inf
3.879690216440116746e-02 inf
3.960434642655615706e-02 inf
4.042859528392659524e-02 inf
4.126999847510574859e-02 inf
4.212891301747467149e-02 inf
4.300570335868902916e-02 inf
4.390074153131857948e-02 inf
4.481440731070487210e-02 inf
4.574708837610465956e-02 inf
4.669918047518661214e-02 inf
4.767108759195193973e-02 inf
4.866322211814942678e-02 inf
4.967600502825834929e-02 inf
5.070986605811275694e-02 inf
5.176524388724366293e-02 inf
5.284258632501594166e-02 inf
5.394235050063903719e-02 inf
5.506500305713256382e-02 inf
5.621102034932823344e-02 inf
5.738088864599311806e-02 inf
5.857510433615904094e-02 inf
5.979417413974657397e-02 inf
6.103861532257209149e-02 inf
6.230895591583001519e-02 inf
6.360573494014265528e-02 inf
6.492950263427293978e-02 inf
6.628082068859754428e-02 inf
6.766026248343849636e-02 inf
6.906841333235554103e-02 inf
7.050587073050135212e-02 inf
7.197324460814619185e-02 inf
7.347115758947816988e-02 inf
7.500024525679045706e-02 inf
7.656115642016625422e-02 inf
7.815455339277647961e-02 inf
7.978111227190747001e-02 inf
8.144152322583671222e-02 inf
8.313649078667982584e-02 inf
8.486673414933156023e-02 inf
8.663298747662909194e-02 inf
8.843600021086570062e-02 inf
9.027653739178835568e-02 inf
9.215537998121303698e-02 inf
9.407332519439604024e-02 inf
9.603118683830201563e-02 inf
9.802979565691193053e-02 5.974635814495607988e-01
1.000699996837176586e-01 5.782449028202621966e-01
1.021526646015524509e-01 5.596444336010841791e-01
1.042786741099108044e-01 5.416422877799785818e-01
1.064489302999123421e-01 5.242192190204977287e-01
1.086643540370700461e-01 5.073566000852759439e-01
1.109258853520242866e-01 4.910364029213997727e-01
1.132344838394090808e-01 4.752411793863737244e-01
1.155911290650195183e-01 4.599540425940760735e-01
1.179968209814531294e-01 4.451586488607620629e-01
1.204525803524016392e-01 4.308391802318112251e-01
1.229594491857733396e-01 4.169803275705388224e-01
1.255184911758291388e-01 4.035672741909925310e-01
1.281307921545208894e-01 3.905856800172338716e-01
1.307974605522227440e-01 3.800154463274081906e-01
1.335196278680513826e-01 3.745414328422910777e-01
1.362984491499744655e-01 3.691462709510363593e-01
1.391351034849112878e-01 3.638288248190554297e-01
1.420307944990333859e-01 3.585879749731312183e-01
1.449867508684773432e-01 3.534226180657371041e-01
1.480042268406868700e-01 3.483316666427509478e-01
1.510845027666047613e-01 3.433140489145154461e-01
1.542288856439409939e-01 3.383687085301956832e-01
1.574387096717475842e-01 3.334946043553876915e-01
1.607153368165349372e-01 3.286907102529296743e-01
1.640601573901705190e-01 3.254093973014477448e-01
1.674745906398046880e-01 3.238842217391786904e-01
1.709600853500741757e-01 3.223661945890791136e-01
1.745181204578385992e-01 3.208552823469428272e-01
1.781502056797110434e-01 3.193514516655959756e-01
1.818578821526486422e-01 3.178546693541610124e-01
1.856427230878753554e-01 3.163649023773241753e-01
1.895063344384143311e-01 3.148821178546062916e-01
1.934503555805126840e-01 3.134062830596372473e-01
1.974764600092484834e-01 3.124401330544586131e-01
2.015863560486145234e-01 3.118046209444817474e-01
2.057817875763805759e-01 3.111704014841974453e-01
2.100645347640413829e-01 3.105374720443195291e-01
2.144364148321648011e-01 3.099058300009096545e-01
2.188992828214597897e-01 3.092754727353669852e-01
2.234550323798925042e-01 3.086463976344168136e-01
2.281055965661834550e-01 3.079487505018180249e-01
2.328529486700275375e-01 3.067488261561965857e-01
2.376991030493841028e-01 3.055535773237340047e-01
2.426461159851931171e-01 3.043629857862621413e-01
2.476960865538796186e-01 3.031770333966004038e-01
2.528511575180167337e-01 3.019957020782785273e-01
2.581135162355253088e-01 3.008189738252615708e-01
2.634853955877961562e-01 2.996062444783780254e-01
2.689690749271278492e-01 2.983755527137031960e-01
2.745668810438831597e-01 2.971499162582801890e-01
2.802811891537738131e-01 2.959293143464289400e-01
2.861144239056928607e-01 2.947137262977682082e-01
2.920690604105219967e-01 2.935031315168658561e-01
2.981476252913505820e-01 2.920294528372383014e-01
3.043526977555517377e-01 2.905402372858864046e-01
3.106869106891708698e-01 2.890586160471521615e-01
3.171529517740905302e-01 2.875845503935429148e-01
3.237535646284456226e-01 2.861180017950585297e-01
3.304915499707733462e-01 2.838839502277000770e-01
3.373697668083914247e-01 2.814823512940786143e-01
3.443911336505087739e-01 2.791010693858941849e-01
3.515586297465838617e-01 2.767399326253546787e-01
3.588752963504552862e-01 2.743276507866783676e-01
3.663442380107827523e-01 2.716127405151076424e-01
3.739686238883428437e-01 2.689246986170369391e-01
3.817516891007428637e-01 2.662632591869950049e-01
3.896967360951185122e-01 2.636281589510702239e-01
3.978071360494027653e-01 2.612283572483847238e-01
4.060863303027552607e-01 2.588602672446017050e-01
4.145378318157649788e-01 2.565136444747939115e-01
4.231652266610403390e-01 2.541776308574563159e-01
4.319721755448220901e-01 2.517197677902406894e-01
4.409624153602658136e-01 2.492856719240835184e-01
4.501397607730483474e-01 2.468751134333881936e-01
4.595081058399779206e-01 2.444190894072940934e-01
4.690714256612865118e-01 2.419110427837838362e-01
4.788337780673142530e-01 2.394287318664368169e-01
4.887993053402931998e-01 2.369714051743631866e-01
4.989722359719687139e-01 2.345358131797421752e-01
5.093568864577977529e-01 2.321252541985341922e-01
5.199576631284887895e-01 2.297394709414389280e-01
5.307790640196620169e-01 2.271843751979683579e-01
5.418256807804173736e-01 2.246554481970092776e-01
5.531022006216277376e-01 2.221423139218769438e-01
5.646134083047763541e-01 2.193995547837223059e-01
5.763641881721900395e-01 2.166906600974008168e-01
5.883595262195214781e-01 2.140669092947896646e-01
6.006045122113689017e-01 2.116128244792592206e-01
6.131043418409223289e-01 2.091868735415973457e-01
6.258643189345570734e-01 2.067193536725298042e-01
6.388898577023131020e-01 2.042433024703846356e-01
6.521864850352057097e-01 2.020850969685443477e-01
6.657598428503537225e-01 2.015067673609162446e-01
6.796156904849094404e-01 2.009300928240483619e-01
6.937599071398169448e-01 2.014115313217155478e-01
7.081984943744236149e-01 2.021821193716110965e-01
7.229375786530161108e-01 2.034284230776280955e-01
7.379834139443505192e-01 2.051080083655749953e-01
7.533423843752851123e-01 2.066830011037210924e-01
7.690210069396433701e-01 2.080672728247196235e-01
7.850259342634492432e-01 2.094141838957723212e-01
8.013639574277185984e-01 2.106624838152037771e-01
8.180420088499924525e-01 2.120267824762857301e-01
8.350671652258471189e-01 2.136297702788308439e-01
8.524466505316175002e-01 2.152894903200677224e-01
8.701878390896189419e-01 2.170246406716043186e-01
8.882982586971583938e-01 2.189260554252586699e-01
9.067855938206671462e-01 2.209526668631885682e-01
9.256576888563147198e-01 2.217765877310262923e-01
9.449225514584753682e-01 2.224220411965212862e-01
9.645883559374751615e-01 2.237189070868557950e-01
9.846634467280448444e-01 2.250944229207582359e-01
1.005156341929967390e+00 2.265587082162273669e-01
1.026075736922404058e+00 2.281994332215947774e-01
1.047430508053451392e+00 2.300138196750164121e-01
1.069229716406479680e+00 2.321166988053954827e-01
1.091482611644857048e+00 2.340843094059859852e-01
1.114198635936694659e+00 2.359320245462722399e-01
1.137387427961266795e+00 2.376278638200878535e-01
1.161058826998822235e+00 2.399867486343472689e-01
1.185222877105502892e+00 2.426681966013434499e-01
1.209889831375160485e+00 2.453278329552657511e-01
1.235070156289862053e+00 2.474420972352503745e-01
1.260774536160947035e+00 2.493600796227230243e-01
1.287013877662505523e+00 2.516265093860407531e-01
1.313799314459207501e+00 6.753067394138245749e-01
1.341142211930455019e+00 inf
1.369054171992841074e+00 inf
1.397547038022987298e+00 inf
1.426632899882822825e+00 inf
1.456324099049463694e+00 inf
1.486633233851841318e+00 inf
1.517573164816328868e+00 inf
1.549157020123613560e+00 inf
1.581398201179137208e+00 inf
1.614310388299477594e+00 inf
1.647907546517062949e+00 inf
1.682203931505708239e+00 inf
1.717214095629459480e+00 inf
1.752952894117343119e+00 inf
1.789435491366608399e+00 inf
1.826677367377168348e+00 inf
1.864694324319941865e+00 inf
1.903502493241907789e+00 inf
1.943118340910698461e+00 inf
1.983558676801640885e+00 inf
2.024840660230225353e+00 inf
2.066981807632997992e+00 inf
2.109999999999999876e+00 inf
