# k [Mpc^-1], sensitivity [mK^2], z=6.0, 202.9 MHz
3.500000000000000333e-02 inf
3.572842282756675397e-02 inf
3.647200564986839699e-02 inf
3.723106397794004319e-02 inf
3.800591988925806214e-02 inf
3.879690216440116746e-02 inf
3.960434642655615706e-02 inf
4.042859528392659524e-02 inf
4.126999847510574859e-02 inf
4.212891301747467149e-02 inf
4.300570335868902916e-02 inf
4.390074153131857948e-02 inf
4.481440731070487210e-02 inf
4.574708837610465956e-02 inf
4.669918047518661214e-02 inf
4.767108759195193973e-02 inf
4.866322211814942678e-02 inf
4.967600502825834929e-02 inf
5.070986605811275694e-02 inf
5.176524388724366293e-02 inf
5.284258632501594166e-02 inf
5.394235050063903719e-02 inf
5.506500305713256382e-02 inf
5.621102034932823344e-02 inf
5.738088864599311806e-02 inf
5.857510433615904094e-02 inf
5.979417413974657397e-02 inf
6.103861532257209149e-02 inf
6.230895591583001519e-02 inf
6.360573494014265528e-02 inf
6.492950263427293978e-02 inf
6.628082068859754428e-02 inf
6.766026248343849636e-02 inf
6.906841333235554103e-02 inf
7.050587073050135212e-02 inf
7.197324460814619185e-02 inf
7.347115758947816988e-02 inf
7.500024525679045706e-02 inf
7.656115642016625422e-02 inf
7.815455339277647961e-02 inf
7.978111227190747001e-02 inf
8.144152322583671222e-02 inf
8.313649078667982584e-02 inf
8.486673414933156023e-02 inf
8.663298747662909194e-02 inf
8.843600021086570062e-02 inf
9.027653739178835568e-02 inf
9.215537998121303698e-02 inf
9.407332519439604024e-02 inf
9.603118683830201563e-02 inf
9.802979565691193053e-02 inf
1.000699996837176586e-01 inf
1.021526646015524509e-01 inf
1.042786741099108044e-01 inf
1.064489302999123421e-01 inf
1.086643540370700461e-01 inf
1.109258853520242866e-01 inf
1.132344838394090808e-01 inf
1.155911290650195183e-01 inf
1.179968209814531294e-01 inf
1.204525803524016392e-01 inf
1.229594491857733396e-01 inf
1.255184911758291388e-01 inf
1.281307921545208894e-01 7.762078750737148036e-01
1.307974605522227440e-01 7.569033327732085370e-01
1.335196278680513826e-01 7.380789007181653982e-01
1.362984491499744655e-01 7.197226384106335528e-01
1.391351034849112878e-01 7.018229023167288361e-01
1.420307944990333859e-01 6.843683384810415049e-01
1.449867508684773432e-01 6.673478753247258366e-01
1.480042268406868700e-01 6.507507166227020079e-01
1.510845027666047613e-01 6.345663346555199258e-01
1.542288856439409939e-01 6.187844635315360442e-01
1.574387096717475842e-01 6.033950926751708854e-01
1.607153368165349372e-01 5.883884604771150162e-01
1.640601573901705190e-01 5.737550481024575877e-01
1.674745906398046880e-01 5.594855734528078051e-01
1.709600853500741757e-01 5.456202369527239915e-01
1.745181204578385992e-01 5.324481749525893370e-01
1.781502056797110434e-01 5.195941055883297466e-01
1.818578821526486422e-01 5.070503520575987411e-01
1.856427230878753554e-01 4.948094228871663947e-01
1.895063344384143311e-01 4.828640074588061437e-01
1.934503555805126840e-01 4.712069716431935840e-01
1.974764600092484834e-01 4.598313535392088425e-01
2.015863560486145234e-01 4.487303593160983928e-01
2.057817875763805759e-01 4.378973591560135215e-01
2.100645347640413829e-01 4.273258832945014962e-01
2.144364148321648011e-01 4.171018239755399093e-01
2.188992828214597897e-01 4.073451864962188140e-01
2.234550323798925042e-01 3.978167714063267635e-01
2.281055965661834550e-01 3.885112402417516542e-01
2.328529486700275375e-01 3.794233794130670856e-01
2.376991030493841028e-01 3.705480972845255350e-01
2.426461159851931171e-01 3.618804213213790977e-01
2.476960865538796186e-01 3.534154953039284064e-01
2.528511575180167337e-01 3.451485766067391436e-01
2.581135162355253088e-01 3.368666714743905888e-01
2.634853955877961562e-01 3.285212311879687208e-01
2.689690749271278492e-01 3.203825384947989185e-01
2.745668810438831597e-01 3.124454714880858797e-01
2.802811891537738131e-01 3.047050351497139209e-01
2.861144239056928607e-01 2.971563582067430764e-01
2.920690604105219967e-01 2.897946900657809577e-01
2.981476252913505820e-01 2.826153978233009734e-01
3.043526977555517377e-01 2.751554893556170112e-01
3.106869106891708698e-01 2.678704874422114801e-01
3.171529517740905302e-01 2.607783628470181636e-01
3.237535646284456226e-01 2.538740089605506789e-01
3.304915499707733462e-01 2.471524543756400127e-01
3.373697668083914247e-01 2.406088593078257454e-01
3.443911336505087739e-01 2.342463403276874023e-01
3.515586297465838617e-01 2.280606490109202966e-01
3.588752963504552862e-01 2.220383018770882011e-01
3.663442380107827523e-01 2.161749855324678338e-01
3.739686238883428437e-01 2.104665004861707434e-01
3.817516891007428637e-01 2.049087581423352789e-01
3.896967360951185122e-01 1.996749066461306898e-01
3.978071360494027653e-01 1.946315917367363313e-01
4.060863303027552607e-01 1.897156590092223261e-01
4.145378318157649788e-01 1.849238910915719236e-01
4.231652266610403390e-01 1.802531518749602990e-01
4.319721755448220901e-01 1.753842476141595219e-01
4.409624153602658136e-01 1.704721031464613845e-01
4.501397607730483474e-01 1.656975375297706499e-01
4.595081058399779206e-01 1.610566974693868614e-01
4.690714256612865118e-01 1.565692650563285104e-01
4.788337780673142530e-01 1.544063276892267411e-01
4.887993053402931998e-01 1.522732703758656048e-01
4.989722359719687139e-01 1.501696803360947352e-01
5.093568864577977529e-01 1.480951504921447504e-01
5.199576631284887895e-01 1.447112847322796492e-01
5.307790640196620169e-01 1.410511777904349395e-01
5.418256807804173736e-01 1.374836440217918898e-01
5.531022006216277376e-01 1.340063420214315515e-01
5.646134083047763541e-01 1.303853479276017024e-01
5.763641881721900395e-01 1.268372618757798165e-01
5.883595262195214781e-01 1.233857274291132455e-01
6.006045122113689017e-01 1.199649479732054491e-01
6.131043418409223289e-01 1.164975512440406397e-01
6.258643189345570734e-01 1.131303741230243465e-01
6.388898577023131020e-01 1.098605199211871442e-01
6.521864850352057097e-01 1.069855728304952985e-01
6.657598428503537225e-01 1.042002643875770546e-01
6.796156904849094404e-01 1.014874698632830946e-01
6.937599071398169448e-01 9.876806725019114663e-02
7.081984943744236149e-01 9.610503692381440477e-02
7.229375786530161108e-01 9.351380845320586555e-02
7.379834139443505192e-01 9.086180944095328949e-02
7.533423843752851123e-01 8.826719988910868009e-02
7.690210069396433701e-01 8.573675795071071526e-02
7.850259342634492432e-01 8.319397579196712023e-02
8.013639574277185984e-01 8.072660750775488558e-02
8.180420088499924525e-01 7.840453619368210891e-02
8.350671652258471189e-01 7.622610135394186637e-02
8.524466505316175002e-01 7.410819334825206883e-02
8.701878390896189419e-01 7.218237848120374889e-02
8.882982586971583938e-01 7.030832648472759572e-02
9.067855938206671462e-01 6.889707561669414226e-02
9.256576888563147198e-01 6.776589076582750781e-02
9.449225514584753682e-01 6.678974705632219344e-02
9.645883559374751615e-01 6.606756676835381925e-02
9.846634467280448444e-01 6.533492933198166430e-02
1.005156341929967390e+00 6.453905592675313052e-02
1.026075736922404058e+00 6.374936245366420728e-02
1.047430508053451392e+00 6.294722851673532904e-02
1.069229716406479680e+00 6.219112604231705893e-02
1.091482611644857048e+00 6.163962865061932417e-02
1.114198635936694659e+00 6.103850789462145210e-02
1.137387427961266795e+00 6.028148288197768961e-02
1.161058826998822235e+00 5.951484392712506205e-02
1.185222877105502892e+00 5.873180869363102408e-02
1.209889831375160485e+00 5.794319370651363627e-02
1.235070156289862053e+00 5.715681124896836857e-02
1.260774536160947035e+00 5.641659451953760784e-02
1.287013877662505523e+00 5.559546708132225706e-02
1.313799314459207501e+00 5.457712937846170842e-02
1.341142211930455019e+00 5.382046758832172845e-02
1.369054171992841074e+00 5.318029114232235982e-02
1.397547038022987298e+00 5.258745654374177847e-02
1.426632899882822825e+00 5.187369150230249776e-02
1.456324099049463694e+00 5.109949695738048858e-02
1.486633233851841318e+00 5.030376134841862967e-02
1.517573164816328868e+00 4.948910939930670216e-02
1.549157020123613560e+00 4.872685927223700114e-02
1.581398201179137208e+00 4.801656701021014828e-02
1.614310388299477594e+00 4.721064636809172571e-02
1.647907546517062949e+00 4.638703225691771098e-02
1.682203931505708239e+00 4.552344349335133572e-02
1.717214095629459480e+00 5.689100251908483369e-02
1.752952894117343119e+00 inf
1.789435491366608399e+00 inf
1.826677367377168348e+00 inf
1.864694324319941865e+00 inf
1.903502493241907789e+00 inf
1.943118340910698461e+00 inf
1.983558676801640885e+00 inf
2.024840660230225353e+00 inf
2.066981807632997992e+00 inf
2.109999999999999876e+00 inf
