# k [Mpc^-1], sensitivity [mK^2], z=14.0, 94.7 MHz
3.500000000000000333e-02 inf
3.572842282756675397e-02 inf
3.647200564986839699e-02 inf
3.723106397794004319e-02 inf
3.800591988925806214e-02 inf
3.879690216440116746e-02 inf
3.960434642655615706e-02 inf
4.042859528392659524e-02 inf
4.126999847510574859e-02 inf
4.212891301747467149e-02 inf
4.300570335868902916e-02 inf
4.390074153131857948e-02 inf
4.481440731070487210e-02 inf
4.574708837610465956e-02 inf
4.669918047518661214e-02 inf
4.767108759195193973e-02 inf
4.866322211814942678e-02 inf
4.967600502825834929e-02 inf
5.070986605811275694e-02 inf
5.176524388724366293e-02 inf
5.284258632501594166e-02 inf
5.394235050063903719e-02 inf
5.506500305713256382e-02 inf
5.621102034932823344e-02 inf
5.738088864599311806e-02 inf
5.857510433615904094e-02 inf
5.979417413974657397e-02 inf
6.103861532257209149e-02 inf
6.230895591583001519e-02 inf
6.360573494014265528e-02 inf
6.492950263427293978e-02 inf
6.628082068859754428e-02 inf
6.766026248343849636e-02 inf
6.906841333235554103e-02 inf
7.050587073050135212e-02 inf
7.197324460814619185e-02 inf
7.347115758947816988e-02 inf
7.500024525679045706e-02 inf
7.656115642016625422e-02 inf
7.815455339277647961e-02 inf
7.978111227190747001e-02 inf
8.144152322583671222e-02 inf
8.313649078667982584e-02 inf
8.486673414933156023e-02 inf
8.663298747662909194e-02 inf
8.843600021086570062e-02 1.308441599673654423e+02
9.027653739178835568e-02 1.340766507884759164e+02
9.215537998121303698e-02 1.373889999457260274e+02
9.407332519439604024e-02 1.407831803306731047e+02
9.603118683830201563e-02 1.442612135749474191e+02
9.802979565691193053e-02 1.478251712543699057e+02
1.000699996837176586e-01 1.514771761228181219e+02
1.021526646015524509e-01 1.552194033765746042e+02
1.042786741099108044e-01 1.590540819499107386e+02
1.064489302999123421e-01 1.629834958426781100e+02
1.086643540370700461e-01 1.670099854806975372e+02
1.109258853520242866e-01 1.711359491097567229e+02
1.132344838394090808e-01 1.753638442240460904e+02
1.155911290650195183e-01 1.796961890298842661e+02
1.179968209814531294e-01 1.882565467300449598e+02
1.204525803524016392e-01 1.990410746889269262e+02
1.229594491857733396e-01 2.104434087497277233e+02
1.255184911758291388e-01 2.224989407609379555e+02
1.281307921545208894e-01 2.352450900404041363e+02
1.307974605522227440e-01 2.487214195216228916e+02
1.335196278680513826e-01 2.629697585536259226e+02
1.362984491499744655e-01 2.780343327356267764e+02
1.391351034849112878e-01 2.939619011894150162e+02
1.420307944990333859e-01 3.108019016955830693e+02
1.449867508684773432e-01 3.286066041440783465e+02
1.480042268406868700e-01 3.491329063186171311e+02
1.510845027666047613e-01 3.712025081096340955e+02
1.542288856439409939e-01 3.946671870028067701e+02
1.574387096717475842e-01 4.196151294610977516e+02
1.607153368165349372e-01 4.461400964438465735e+02
1.640601573901705190e-01 4.743417757852266732e+02
1.674745906398046880e-01 5.043261568474638921e+02
1.709600853500741757e-01 5.362059288568660804e+02
1.745181204578385992e-01 5.701064128462376175e+02
1.781502056797110434e-01 6.064003440417740194e+02
1.818578821526486422e-01 6.450048078184997848e+02
1.856427230878753554e-01 6.860668965588847641e+02
1.895063344384143311e-01 7.297430667933688255e+02
1.934503555805126840e-01 7.761997353377402078e+02
1.974764600092484834e-01 8.256139133816196818e+02
2.015863560486145234e-01 8.781738809440820432e+02
2.057817875763805759e-01 9.340897079916927623e+02
2.100645347640413829e-01 9.935747635627416230e+02
2.144364148321648011e-01 1.056847969036329914e+03
2.188992828214597897e-01 1.124150562813368197e+03
2.234550323798925042e-01 1.195739145930241421e+03
2.281055965661834550e-01 1.271886660387999200e+03
2.328529486700275375e-01 1.352884426275674969e+03
2.376991030493841028e-01 1.439058022571960464e+03
2.426461159851931171e-01 1.530720549448277552e+03
2.476960865538796186e-01 1.628221630921814949e+03
2.528511575180167337e-01 1.731933160730897953e+03
2.581135162355253088e-01 1.842250720831600802e+03
2.634853955877961562e-01 1.959601130932484011e+03
2.689690749271278492e-01 2.084439249614758410e+03
2.745668810438831597e-01 2.217230290771982254e+03
2.802811891537738131e-01 2.358480902345985214e+03
2.861144239056928607e-01 2.508730008732668921e+03
2.920690604105219967e-01 2.668554821069794343e+03
2.981476252913505820e-01 2.838576263946537892e+03
3.043526977555517377e-01 3.019430270879920045e+03
3.106869106891708698e-01 3.211807016250625566e+03
3.171529517740905302e-01 3.416440647470412387e+03
3.237535646284456226e-01 3.634122864080189629e+03
3.304915499707733462e-01 3.865682689800630669e+03
3.373697668083914247e-01 4.111997094519393613e+03
3.443911336505087739e-01 4.374006213688475327e+03
3.515586297465838617e-01 4.652716714924004918e+03
3.588752963504552862e-01 4.949198454119423332e+03
3.663442380107827523e-01 5.264572687111947744e+03
3.739686238883428437e-01 5.600043286770224768e+03
3.817516891007428637e-01 5.956899553196300076e+03
3.896967360951185122e-01 6.336505850996104527e+03
3.978071360494027653e-01 6.740302743255746464e+03
4.060863303027552607e-01 7.169831787277359581e+03
4.145378318157649788e-01 7.626749083564328430e+03
4.231652266610403390e-01 8.112786863097418973e+03
4.319721755448220901e-01 8.629798878251085625e+03
4.409624153602658136e-01 9.179768736256204647e+03
4.501397607730483474e-01 9.764796504002713846e+03
4.595081058399779206e-01 1.038710816188502758e+04
4.690714256612865118e-01 1.104908704401289469e+04
4.788337780673142530e-01 1.175326561593432780e+04
4.887993053402931998e-01 1.250232277910751691e+04
4.989722359719687139e-01 1.329912699280915695e+04
5.093568864577977529e-01 1.414672371815995757e+04
5.199576631284887895e-01 1.504834054642529372e+04
5.307790640196620169e-01 1.600743280475424217e+04
5.418256807804173736e-01 1.702765793284455140e+04
5.531022006216277376e-01 1.811290766449301736e+04
5.646134083047763541e-01 1.926734261074140886e+04
5.763641881721900395e-01 2.049535602764764917e+04
5.883595262195214781e-01 2.180164776644289668e+04
6.006045122113689017e-01 2.319120544792416695e+04
6.131043418409223289e-01 2.466933206894519026e+04
6.258643189345570734e-01 2.624168417485160535e+04
6.388898577023131020e-01 2.791425347099412465e+04
6.521864850352057097e-01 2.969344488938411450e+04
6.657598428503537225e-01 3.158603899807850030e+04
6.796156904849094404e-01 3.359927717677636247e+04
6.937599071398169448e-01 3.574083968815502885e+04
7.081984943744236149e-01 3.801891493629924662e+04
7.229375786530161108e-01 4.044219713100725494e+04
7.379834139443505192e-01 4.301994998138119990e+04
7.533423843752851123e-01 4.576201171675939986e+04
7.690210069396433701e-01 4.867886580809135194e+04
7.850259342634492432e-01 5.178164237148153188e+04
8.013639574277185984e-01 5.508220734589063068e+04
8.180420088499924525e-01 5.859315471752894518e+04
8.350671652258471189e-01 6.232790458313911950e+04
8.524466505316175002e-01 6.630071838839301199e+04
8.701878390896189419e-01 7.052677031247518607e+04
8.882982586971583938e-01 7.502220985608779301e+04
9.067855938206671462e-01 7.980420014219000586e+04
9.256576888563147198e-01 8.489101242590979382e+04
9.449225514584753682e-01 9.030207773168996209e+04
9.645883559374751615e-01 9.605806080752857088e+04
9.846634467280448444e-01 1.021809522527256777e+05
1.005156341929967390e+00 1.086941411892865435e+05
1.026075736922404058e+00 1.156225027653337311e+05
1.047430508053451392e+00 1.229925025445198698e+05
1.069229716406479680e+00 1.308322979781009635e+05
1.091482611644857048e+00 1.391718309119259939e+05
1.114198635936694659e+00 1.480429566188825993e+05
1.137387427961266795e+00 1.574795615803199180e+05
1.161058826998822235e+00 1.675176936106217327e+05
1.185222877105502892e+00 inf
1.209889831375160485e+00 inf
1.235070156289862053e+00 inf
1.260774536160947035e+00 inf
1.287013877662505523e+00 inf
1.313799314459207501e+00 inf
1.341142211930455019e+00 inf
1.369054171992841074e+00 inf
1.397547038022987298e+00 inf
1.426632899882822825e+00 inf
1.456324099049463694e+00 inf
1.486633233851841318e+00 inf
1.517573164816328868e+00 inf
1.549157020123613560e+00 inf
1.581398201179137208e+00 inf
1.614310388299477594e+00 inf
1.647907546517062949e+00 inf
1.682203931505708239e+00 inf
1.717214095629459480e+00 inf
1.752952894117343119e+00 inf
1.789435491366608399e+00 inf
1.826677367377168348e+00 inf
1.864694324319941865e+00 inf
1.903502493241907789e+00 inf
1.943118340910698461e+00 inf
1.983558676801640885e+00 inf
2.024840660230225353e+00 inf
2.066981807632997992e+00 inf
2.109999999999999876e+00 inf
