# k [Mpc^-1], sensitivity [mK^2], z=5.5, 218.5 MHz
3.500000000000000333e-02 inf
3.572842282756675397e-02 inf
3.647200564986839699e-02 inf
3.723106397794004319e-02 inf
3.800591988925806214e-02 inf
3.879690216440116746e-02 inf
3.960434642655615706e-02 inf
4.042859528392659524e-02 inf
4.126999847510574859e-02 inf
4.212891301747467149e-02 inf
4.300570335868902916e-02 inf
4.390074153131857948e-02 inf
4.481440731070487210e-02 inf
4.574708837610465956e-02 inf
4.669918047518661214e-02 inf
4.767108759195193973e-02 inf
4.866322211814942678e-02 inf
4.967600502825834929e-02 inf
5.070986605811275694e-02 inf
5.176524388724366293e-02 inf
5.284258632501594166e-02 inf
5.394235050063903719e-02 inf
5.506500305713256382e-02 inf
5.621102034932823344e-02 inf
5.738088864599311806e-02 inf
5.857510433615904094e-02 inf
5.979417413974657397e-02 inf
6.103861532257209149e-02 inf
6.230895591583001519e-02 inf
6.360573494014265528e-02 inf
6.492950263427293978e-02 inf
6.628082068859754428e-02 inf
6.766026248343849636e-02 inf
6.906841333235554103e-02 inf
7.050587073050135212e-02 inf
7.197324460814619185e-02 inf
7.347115758947816988e-02 inf
7.500024525679045706e-02 inf
7.656115642016625422e-02 inf
7.815455339277647961e-02 inf
7.978111227190747001e-02 inf
8.144152322583671222e-02 inf
8.313649078667982584e-02 inf
8.486673414933156023e-02 inf
8.663298747662909194e-02 inf
8.843600021086570062e-02 inf
9.027653739178835568e-02 5.811852891045504732e-01
9.215537998121303698e-02 5.966018186767063636e-01
9.407332519439604024e-02 6.124272873402410999e-01
9.603118683830201563e-02 6.286725426195386435e-01
9.802979565691193053e-02 6.453487197805761744e-01
1.000699996837176586e-01 6.624672494635607256e-01
1.021526646015524509e-01 6.800398655180291962e-01
1.042786741099108044e-01 6.980786130457862226e-01
1.064489302999123421e-01 7.165958566571842825e-01
1.086643540370700461e-01 7.356042889464131651e-01
1.109258853520242866e-01 7.551169391916034979e-01
1.132344838394090808e-01 7.751471822857105565e-01
1.155911290650195183e-01 7.957087479042977973e-01
1.179968209814531294e-01 8.168157299165057506e-01
1.204525803524016392e-01 8.384825960456556704e-01
1.229594491857733396e-01 8.607241977861125326e-01
1.255184911758291388e-01 8.835557805832000566e-01
1.281307921545208894e-01 9.069929942831488345e-01
1.307974605522227440e-01 9.310519038602438346e-01
1.335196278680513826e-01 9.624412203276689892e-01
1.362984491499744655e-01 1.015549228204304599e+00
1.391351034849112878e-01 1.071587763619717526e+00
1.420307944990333859e-01 1.130718534610019477e+00
1.449867508684773432e-01 1.193112172344988453e+00
1.480042268406868700e-01 1.258948723511234880e+00
1.510845027666047613e-01 1.328418169865321907e+00
1.542288856439409939e-01 1.401720976456101830e+00
1.574387096717475842e-01 1.479068670098245830e+00
1.607153368165349372e-01 1.560684449766244208e+00
1.640601573901705190e-01 1.646803830670264146e+00
1.674745906398046880e-01 1.737675323872450717e+00
1.709600853500741757e-01 1.833561153404808630e+00
1.745181204578385992e-01 1.934738012958020503e+00
1.781502056797110434e-01 2.045605793780025383e+00
1.818578821526486422e-01 2.173641297412671314e+00
1.856427230878753554e-01 2.309690608124037592e+00
1.895063344384143311e-01 2.454255314161702284e+00
1.934503555805126840e-01 2.607868398435935653e+00
1.974764600092484834e-01 2.771096203527552149e+00
2.015863560486145234e-01 2.944540519686599911e+00
2.057817875763805759e-01 3.128840803519952196e+00
2.100645347640413829e-01 3.324676535547665956e+00
2.144364148321648011e-01 3.532769725320016097e+00
2.188992828214597897e-01 3.753887573331036176e+00
2.234550323798925042e-01 3.990111544981643998e+00
2.281055965661834550e-01 4.242818258934478060e+00
2.328529486700275375e-01 4.511529709235387209e+00
2.376991030493841028e-01 4.797259527780274979e+00
2.426461159851931171e-01 5.101085543062726657e+00
2.476960865538796186e-01 5.424153845952895736e+00
2.528511575180167337e-01 5.767683112975353410e+00
2.581135162355253088e-01 6.132969203394146973e+00
2.634853955877961562e-01 6.521390047446208982e+00
2.689690749271278492e-01 6.934863176025380049e+00
2.745668810438831597e-01 7.374868256423709134e+00
2.802811891537738131e-01 7.842790898547790768e+00
2.861144239056928607e-01 8.340402423428750822e+00
2.920690604105219967e-01 8.869586539355099220e+00
2.981476252913505820e-01 9.432346472649937752e+00
3.043526977555517377e-01 1.003081255088364188e+01
3.106869106891708698e-01 1.066733759308026919e+01
3.171529517740905302e-01 1.134493940154298386e+01
3.237535646284456226e-01 1.206558327245339335e+01
3.304915499707733462e-01 1.283200328815397206e+01
3.373697668083914247e-01 1.364710720310768188e+01
3.443911336505087739e-01 1.451398747575499826e+01
3.515586297465838617e-01 1.543593300112737055e+01
3.588752963504552862e-01 1.641692366523028213e+01
3.663442380107827523e-01 1.746055103969657196e+01
3.739686238883428437e-01 1.857052203120980138e+01
3.817516891007428637e-01 1.975105411779961528e+01
3.896967360951185122e-01 2.100663288348251712e+01
3.978071360494027653e-01 2.234202906181752368e+01
4.060863303027552607e-01 2.376302568907255974e+01
4.145378318157649788e-01 2.527446713627710650e+01
4.231652266610403390e-01 2.688204344771230581e+01
4.319721755448220901e-01 2.859186925794613643e+01
4.409624153602658136e-01 3.041044812138550668e+01
4.501397607730483474e-01 3.234531399061551582e+01
4.595081058399779206e-01 3.440344587741800808e+01
4.690714256612865118e-01 3.659253666802649718e+01
4.788337780673142530e-01 3.892091927569900633e+01
4.887993053402931998e-01 4.139758744172828386e+01
4.989722359719687139e-01 4.403250125900298428e+01
5.093568864577977529e-01 4.683512462781233410e+01
5.199576631284887895e-01 4.981613208843580054e+01
5.307790640196620169e-01 5.298687760465139718e+01
5.418256807804173736e-01 5.636017671089178549e+01
5.531022006216277376e-01 5.994826898460023301e+01
5.646134083047763541e-01 6.376479216317765975e+01
5.763641881721900395e-01 6.782433802288772995e+01
5.883595262195214781e-01 7.214306179043585132e+01
6.006045122113689017e-01 7.673678086975681367e+01
6.131043418409223289e-01 8.162300562399666148e+01
6.258643189345570734e-01 8.682071484172642784e+01
6.388898577023131020e-01 9.234983706176201679e+01
6.521864850352057097e-01 9.823107792744359301e+01
6.657598428503537225e-01 1.044869501183749918e+02
6.796156904849094404e-01 1.111419201451230094e+02
6.937599071398169448e-01 1.182207577075465537e+02
7.081984943744236149e-01 1.257504597248018001e+02
7.229375786530161108e-01 1.337605106286201533e+02
7.379834139443505192e-01 1.422807968926265687e+02
7.533423843752851123e-01 1.513438407151895717e+02
7.690210069396433701e-01 1.609849326985347489e+02
7.850259342634492432e-01 1.712401934131082726e+02
8.013639574277185984e-01 1.821489473677573869e+02
8.180420088499924525e-01 1.937532168934423851e+02
8.350671652258471189e-01 2.060967664049341010e+02
8.524466505316175002e-01 2.192271845231931593e+02
8.701878390896189419e-01 2.331944303633619313e+02
8.882982586971583938e-01 2.480516609276791087e+02
9.067855938206671462e-01 2.638561385226130938e+02
9.256576888563147198e-01 2.806675898709772241e+02
9.449225514584753682e-01 2.985507777688630426e+02
9.645883559374751615e-01 3.175735980294896308e+02
9.846634467280448444e-01 3.378088979109696766e+02
1.005156341929967390e+00 3.593339415869109530e+02
1.026075736922404058e+00 3.822308285173405693e+02
1.047430508053451392e+00 4.065872173823102571e+02
1.069229716406479680e+00 4.324958619652741163e+02
1.091482611644857048e+00 4.600560178882326454e+02
1.114198635936694659e+00 4.893726434777584018e+02
1.137387427961266795e+00 5.205579836147136348e+02
1.161058826998822235e+00 5.537309272623219840e+02
1.185222877105502892e+00 5.890183086738888960e+02
1.209889831375160485e+00 6.265548786854454875e+02
1.235070156289862053e+00 6.664838909138950385e+02
1.260774536160947035e+00 7.089581260143643249e+02
1.287013877662505523e+00 7.541394280940091903e+02
1.313799314459207501e+00 8.022007919859852336e+02
1.341142211930455019e+00 8.533254646510094972e+02
1.369054171992841074e+00 9.077087657225662269e+02
1.397547038022987298e+00 9.655586495263726192e+02
1.426632899882822825e+00 1.027095761468464843e+03
1.456324099049463694e+00 1.092555293946476695e+03
1.486633233851841318e+00 1.162187386680911231e+03
1.517573164816328868e+00 1.236257783713052277e+03
1.549157020123613560e+00 1.315049440094700230e+03
1.581398201179137208e+00 1.398863572716956241e+03
1.614310388299477594e+00 1.488020047545452144e+03
1.647907546517062949e+00 1.582859429082484894e+03
1.682203931505708239e+00 1.683743991563024110e+03
1.717214095629459480e+00 1.791059271384921431e+03
1.752952894117343119e+00 1.905214976730475200e+03
1.789435491366608399e+00 inf
1.826677367377168348e+00 inf
1.864694324319941865e+00 inf
1.903502493241907789e+00 inf
1.943118340910698461e+00 inf
1.983558676801640885e+00 inf
2.024840660230225353e+00 inf
2.066981807632997992e+00 inf
2.109999999999999876e+00 inf
