# k [Mpc^-1], sensitivity [mK^2], z=14.0, 94.7 MHz
3.500000000000000333e-02 inf
3.572842282756675397e-02 inf
3.647200564986839699e-02 inf
3.723106397794004319e-02 inf
3.800591988925806214e-02 inf
3.879690216440116746e-02 inf
3.960434642655615706e-02 inf
4.042859528392659524e-02 inf
4.126999847510574859e-02 inf
4.212891301747467149e-02 inf
4.300570335868902916e-02 inf
4.390074153131857948e-02 inf
4.481440731070487210e-02 inf
4.574708837610465956e-02 inf
4.669918047518661214e-02 inf
4.767108759195193973e-02 inf
4.866322211814942678e-02 inf
4.967600502825834929e-02 inf
5.070986605811275694e-02 inf
5.176524388724366293e-02 inf
5.284258632501594166e-02 inf
5.394235050063903719e-02 inf
5.506500305713256382e-02 inf
5.621102034932823344e-02 inf
5.738088864599311806e-02 inf
5.857510433615904094e-02 inf
5.979417413974657397e-02 inf
6.103861532257209149e-02 inf
6.230895591583001519e-02 inf
6.360573494014265528e-02 inf
6.492950263427293978e-02 inf
6.628082068859754428e-02 inf
6.766026248343849636e-02 inf
6.906841333235554103e-02 inf
7.050587073050135212e-02 inf
7.197324460814619185e-02 inf
7.347115758947816988e-02 inf
7.500024525679045706e-02 inf
7.656115642016625422e-02 inf
7.815455339277647961e-02 inf
7.978111227190747001e-02 inf
8.144152322583671222e-02 inf
8.313649078667982584e-02 inf
8.486673414933156023e-02 inf
8.663298747662909194e-02 inf
8.843600021086570062e-02 3.980027654127056280e-01
9.027653739178835568e-02 3.812317334127958701e-01
9.215537998121303698e-02 3.651673987999009552e-01
9.407332519439604024e-02 3.497799827746715384e-01
9.603118683830201563e-02 3.350409613561670108e-01
9.802979565691193053e-02 3.209230125063436967e-01
1.000699996837176586e-01 3.073999654826115591e-01
1.021526646015524509e-01 2.944467523245719032e-01
1.042786741099108044e-01 2.820393613850030179e-01
1.064489302999123421e-01 2.701547928189599324e-01
1.086643540370700461e-01 2.587710159484709616e-01
1.109258853520242866e-01 2.478669284238005088e-01
1.132344838394090808e-01 2.374223171055741266e-01
1.155911290650195183e-01 2.274178205952510912e-01
1.179968209814531294e-01 2.223213500503240792e-01
1.204525803524016392e-01 2.191820597385410740e-01
1.229594491857733396e-01 2.160870977994466258e-01
1.255184911758291388e-01 2.130358382939175066e-01
1.281307921545208894e-01 2.100276641214087747e-01
1.307974605522227440e-01 2.070619668951481362e-01
1.335196278680513826e-01 2.041381468190936743e-01
1.362984491499744655e-01 2.012556125666278006e-01
1.391351034849112878e-01 1.984137811609649193e-01
1.420307944990333859e-01 1.956120778572477681e-01
1.449867508684773432e-01 1.928499360263080664e-01
1.480042268406868700e-01 1.923682773550549896e-01
1.510845027666047613e-01 1.922120288472777272e-01
1.542288856439409939e-01 1.920559072502183440e-01
1.574387096717475842e-01 1.918999124607953799e-01
1.607153368165349372e-01 1.917440443760110858e-01
1.640601573901705190e-01 1.915883028929512566e-01
1.674745906398046880e-01 1.914326879087854538e-01
1.709600853500741757e-01 1.912771993207666721e-01
1.745181204578385992e-01 1.912077949217488859e-01
1.781502056797110434e-01 1.948441825398769534e-01
1.818578821526486422e-01 1.985497269353983518e-01
1.856427230878753554e-01 2.023257433311005382e-01
1.895063344384143311e-01 2.061735719626627550e-01
1.934503555805126840e-01 2.100945785543505140e-01
1.974764600092484834e-01 2.140901548037577595e-01
2.015863560486145234e-01 2.181617188757670189e-01
2.057817875763805759e-01 2.228060149151736280e-01
2.100645347640413829e-01 2.279822240005237866e-01
2.144364148321648011e-01 2.332786863048252890e-01
2.188992828214597897e-01 2.386981955399297139e-01
2.234550323798925042e-01 2.442436103209484621e-01
2.281055965661834550e-01 2.499178556740793977e-01
2.328529486700275375e-01 2.556885096254330469e-01
2.376991030493841028e-01 2.609902757328201317e-01
2.426461159851931171e-01 2.664019753053386563e-01
2.476960865538796186e-01 2.719258878412749714e-01
2.528511575180167337e-01 2.775643401048905612e-01
2.581135162355253088e-01 2.833197071064938455e-01
2.634853955877961562e-01 2.890121981705749410e-01
2.689690749271278492e-01 2.944563951845072247e-01
2.745668810438831597e-01 3.000031459360122388e-01
2.802811891537738131e-01 3.056543822561871293e-01
2.861144239056928607e-01 3.114120723665274593e-01
2.920690604105219967e-01 3.173466636416580888e-01
2.981476252913505820e-01 3.236365393066520935e-01
3.043526977555517377e-01 3.300510815915093099e-01
3.106869106891708698e-01 3.365927614140881152e-01
3.171529517740905302e-01 3.432640986663436089e-01
3.237535646284456226e-01 3.498022872148469631e-01
3.304915499707733462e-01 3.562822884510069010e-01
3.373697668083914247e-01 3.628823301144463165e-01
3.443911336505087739e-01 3.696046359245221957e-01
3.515586297465838617e-01 3.763864074231975665e-01
3.588752963504552862e-01 3.831810067026445443e-01
3.663442380107827523e-01 3.900982633853819492e-01
3.739686238883428437e-01 3.971403917062690803e-01
3.817516891007428637e-01 4.042757802154871571e-01
3.896967360951185122e-01 4.115029999549941198e-01
3.978071360494027653e-01 4.188594203731450527e-01
4.060863303027552607e-01 4.263473511845967123e-01
4.145378318157649788e-01 4.337427485327984278e-01
4.231652266610403390e-01 4.412376352315184325e-01
4.319721755448220901e-01 4.488620303239039822e-01
4.409624153602658136e-01 4.565630084540835965e-01
4.501397607730483474e-01 4.643482102169422809e-01
4.595081058399779206e-01 4.722661633533599690e-01
4.690714256612865118e-01 4.802341949277624811e-01
4.788337780673142530e-01 4.882104675393360016e-01
4.887993053402931998e-01 4.963192191068979686e-01
4.989722359719687139e-01 5.044735978206714710e-01
5.093568864577977529e-01 5.126570340105818246e-01
5.199576631284887895e-01 5.209732197203154058e-01
5.307790640196620169e-01 5.293021894066591848e-01
5.418256807804173736e-01 5.377081195359558752e-01
5.531022006216277376e-01 5.462370178879549787e-01
5.646134083047763541e-01 5.547432410617053611e-01
5.763641881721900395e-01 5.633819265738038151e-01
5.883595262195214781e-01 5.720571807091451300e-01
6.006045122113689017e-01 5.807919873090354734e-01
6.131043418409223289e-01 5.896243949226107617e-01
6.258643189345570734e-01 5.984499810005426967e-01
6.388898577023131020e-01 6.074076697701031868e-01
6.521864850352057097e-01 6.163287025640703520e-01
6.657598428503537225e-01 6.253709102485091043e-01
6.796156904849094404e-01 6.344020193293727905e-01
6.937599071398169448e-01 6.435243638225661700e-01
7.081984943744236149e-01 6.526467556598763986e-01
7.229375786530161108e-01 6.618472742185985691e-01
7.379834139443505192e-01 6.710459086221469693e-01
7.533423843752851123e-01 6.803255776975615232e-01
7.690210069396433701e-01 6.895886738196267407e-01
7.850259342634492432e-01 6.989484595119928034e-01
8.013639574277185984e-01 7.082675162131624180e-01
8.180420088499924525e-01 7.176723903539707905e-01
8.350671652258471189e-01 7.270777761368721892e-01
8.524466505316175002e-01 7.365229742837389182e-01
8.701878390896189419e-01 7.460173609838909314e-01
8.882982586971583938e-01 7.554995284929774124e-01
9.067855938206671462e-01 7.650419528129768221e-01
9.256576888563147198e-01 7.746013295521319009e-01
9.449225514584753682e-01 7.841731387588235513e-01
9.645883559374751615e-01 7.937926104627651691e-01
9.846634467280448444e-01 8.034284947229015650e-01
1.005156341929967390e+00 8.130739040745177393e-01
1.026075736922404058e+00 8.227585515652753312e-01
1.047430508053451392e+00 8.324775193578581867e-01
1.069229716406479680e+00 8.421924250291731306e-01
1.091482611644857048e+00 8.519366616573720297e-01
1.114198635936694659e+00 8.617113944009107129e-01
1.137387427961266795e+00 8.715138544878450189e-01
1.161058826998822235e+00 8.813337150002031883e-01
1.185222877105502892e+00 inf
1.209889831375160485e+00 inf
1.235070156289862053e+00 inf
1.260774536160947035e+00 inf
1.287013877662505523e+00 inf
1.313799314459207501e+00 inf
1.341142211930455019e+00 inf
1.369054171992841074e+00 inf
1.397547038022987298e+00 inf
1.426632899882822825e+00 inf
1.456324099049463694e+00 inf
1.486633233851841318e+00 inf
1.517573164816328868e+00 inf
1.549157020123613560e+00 inf
1.581398201179137208e+00 inf
1.614310388299477594e+00 inf
1.647907546517062949e+00 inf
1.682203931505708239e+00 inf
1.717214095629459480e+00 inf
1.752952894117343119e+00 inf
1.789435491366608399e+00 inf
1.826677367377168348e+00 inf
1.864694324319941865e+00 inf
1.903502493241907789e+00 inf
1.943118340910698461e+00 inf
1.983558676801640885e+00 inf
2.024840660230225353e+00 inf
2.066981807632997992e+00 inf
2.109999999999999876e+00 inf
