# k [Mpc^-1], sensitivity [mK^2], z=5.5, 218.5 MHz
3.500000000000000333e-02 inf
3.572842282756675397e-02 inf
3.647200564986839699e-02 inf
3.723106397794004319e-02 inf
3.800591988925806214e-02 inf
3.879690216440116746e-02 inf
3.960434642655615706e-02 inf
4.042859528392659524e-02 inf
4.126999847510574859e-02 inf
4.212891301747467149e-02 inf
4.300570335868902916e-02 inf
4.390074153131857948e-02 inf
4.481440731070487210e-02 3.889413383197985741e-02
4.574708837610465956e-02 4.119395932708341812e-02
4.669918047518661214e-02 4.362977441205095203e-02
4.767108759195193973e-02 4.620962020504167794e-02
4.866322211814942678e-02 4.894201329870720429e-02
4.967600502825834929e-02 5.183597387518662503e-02
5.070986605811275694e-02 5.490105548355119630e-02
5.176524388724366293e-02 5.814737657800238269e-02
5.284258632501594166e-02 6.158565392093475616e-02
5.394235050063903719e-02 6.522723796113592820e-02
5.506500305713256382e-02 6.908415030391353018e-02
5.621102034932823344e-02 7.316912339684471245e-02
5.738088864599311806e-02 7.749564256216109892e-02
5.857510433615904094e-02 8.207799051452359385e-02
5.979417413974657397e-02 8.693129451115254314e-02
6.103861532257209149e-02 9.207157628996186227e-02
6.230895591583001519e-02 9.751580496055684000e-02
6.360573494014265528e-02 1.032819530226954940e-01
6.492950263427293978e-02 1.093890556971448824e-01
6.628082068859754428e-02 1.158572737647945577e-01
6.766026248343849636e-02 1.227079601214701721e-01
6.906841333235554103e-02 1.299637302681617423e-01
7.050587073050135212e-02 1.376485369693644101e-01
7.197324460814619185e-02 1.457877493259989721e-01
7.347115758947816988e-02 1.544082365239426158e-01
7.500024525679045706e-02 1.635384565346464092e-01
7.656115642016625422e-02 1.732085500606529993e-01
7.815455339277647961e-02 1.834504400361501586e-01
7.978111227190747001e-02 1.942979370110333726e-01
8.144152322583671222e-02 2.057868507663661584e-01
8.313649078667982584e-02 2.179551085297108948e-01
8.486673414933156023e-02 2.308428801805743058e-01
8.663298747662909194e-02 2.444927108593051013e-01
8.843600021086570062e-02 2.589496614172029920e-01
9.027653739178835568e-02 2.750371688863196828e-01
9.215537998121303698e-02 2.921789710423415287e-01
9.407332519439604024e-02 3.103891429112497491e-01
9.603118683830201563e-02 3.297342710650406628e-01
9.802979565691193053e-02 3.502850921105883919e-01
1.000699996837176586e-01 3.721167513422372064e-01
1.021526646015524509e-01 3.953090775150190916e-01
1.042786741099108044e-01 4.199468747432282267e-01
1.064489302999123421e-01 4.461202325916847067e-01
1.086643540370700461e-01 4.739248554935653335e-01
1.109258853520242866e-01 5.034624126993321180e-01
1.132344838394090808e-01 5.348409100363678004e-01
1.155911290650195183e-01 5.681750848386811770e-01
1.179968209814531294e-01 6.035868254907639230e-01
1.204525803524016392e-01 6.412056171196880427e-01
1.229594491857733396e-01 6.811690150651434905e-01
1.255184911758291388e-01 7.236231478586827581e-01
1.281307921545208894e-01 7.687232515513510167e-01
1.307974605522227440e-01 8.166342373435054869e-01
1.335196278680513826e-01 8.676212857282011859e-01
1.362984491499744655e-01 9.220734334040798785e-01
1.391351034849112878e-01 9.799430126659380846e-01
1.420307944990333859e-01 1.041444502448828358e+00
1.449867508684773432e-01 1.106805842444053001e+00
1.480042268406868700e-01 1.176269277899887333e+00
1.510845027666047613e-01 1.250092257442218191e+00
1.542288856439409939e-01 1.328548387242658002e+00
1.574387096717475842e-01 1.411928445070504301e+00
1.607153368165349372e-01 1.500541457986876992e+00
1.640601573901705190e-01 1.594715847675232556e+00
1.674745906398046880e-01 1.694800647653132764e+00
1.709600853500741757e-01 1.801166796876555010e+00
1.745181204578385992e-01 1.914208514531157368e+00
1.781502056797110434e-01 2.034551672721783167e+00
1.818578821526486422e-01 2.163006376609618364e+00
1.856427230878753554e-01 2.299571275569981310e+00
1.895063344384143311e-01 2.444758419859684118e+00
1.934503555805126840e-01 2.599112188855018157e+00
1.974764600092484834e-01 2.763211332202895054e+00
2.015863560486145234e-01 2.937671139843363033e+00
2.057817875763805759e-01 3.123145749039990982e+00
2.100645347640413829e-01 3.320330597068345657e+00
2.144364148321648011e-01 3.529965028758918155e+00
2.188992828214597897e-01 3.752835068671463770e+00
2.234550323798925042e-01 3.990111544981643998e+00
2.281055965661834550e-01 4.242818258934478060e+00
2.328529486700275375e-01 4.511529709235387209e+00
2.376991030493841028e-01 4.797259527780274979e+00
2.426461159851931171e-01 5.101085543062726657e+00
2.476960865538796186e-01 5.424153845952895736e+00
2.528511575180167337e-01 5.767683112975353410e+00
2.581135162355253088e-01 6.132969203394146973e+00
2.634853955877961562e-01 6.521390047446208982e+00
2.689690749271278492e-01 6.934863176025380049e+00
2.745668810438831597e-01 7.374868256423709134e+00
2.802811891537738131e-01 7.842790898547790768e+00
2.861144239056928607e-01 8.340402423428750822e+00
2.920690604105219967e-01 8.869586539355099220e+00
2.981476252913505820e-01 9.432346472649937752e+00
3.043526977555517377e-01 1.003081255088364188e+01
3.106869106891708698e-01 1.066733759308026919e+01
3.171529517740905302e-01 1.134493940154298386e+01
3.237535646284456226e-01 1.206558327245339335e+01
3.304915499707733462e-01 1.283200328815397206e+01
3.373697668083914247e-01 1.364710720310768188e+01
3.443911336505087739e-01 1.451398747575499826e+01
3.515586297465838617e-01 1.543593300112737055e+01
3.588752963504552862e-01 1.641692366523028213e+01
3.663442380107827523e-01 1.746055103969657196e+01
3.739686238883428437e-01 1.857052203120980138e+01
3.817516891007428637e-01 1.975105411779961528e+01
3.896967360951185122e-01 2.100663288348251712e+01
3.978071360494027653e-01 2.234202906181752368e+01
4.060863303027552607e-01 2.376302568907255974e+01
4.145378318157649788e-01 2.527446713627710650e+01
4.231652266610403390e-01 2.688204344771230581e+01
4.319721755448220901e-01 2.859186925794613643e+01
4.409624153602658136e-01 3.041044812138550668e+01
4.501397607730483474e-01 3.234531399061551582e+01
4.595081058399779206e-01 3.440344587741800808e+01
4.690714256612865118e-01 3.659253666802649718e+01
4.788337780673142530e-01 3.892091927569900633e+01
4.887993053402931998e-01 4.139758744172828386e+01
4.989722359719687139e-01 4.403250125900298428e+01
5.093568864577977529e-01 4.683512462781233410e+01
5.199576631284887895e-01 4.981613208843580054e+01
5.307790640196620169e-01 5.298687760465139718e+01
5.418256807804173736e-01 5.636017671089178549e+01
5.531022006216277376e-01 5.994826898460023301e+01
5.646134083047763541e-01 6.376479216317765975e+01
5.763641881721900395e-01 6.782433802288772995e+01
5.883595262195214781e-01 7.214306179043585132e+01
6.006045122113689017e-01 7.673678086975681367e+01
6.131043418409223289e-01 8.162300562399666148e+01
6.258643189345570734e-01 8.682071484172642784e+01
6.388898577023131020e-01 9.234983706176201679e+01
6.521864850352057097e-01 9.823107792744359301e+01
6.657598428503537225e-01 1.044869501183749918e+02
6.796156904849094404e-01 1.111419201451230094e+02
6.937599071398169448e-01 1.182207577075465537e+02
7.081984943744236149e-01 1.257504597248018001e+02
7.229375786530161108e-01 1.337605106286201533e+02
7.379834139443505192e-01 1.422807968926265687e+02
7.533423843752851123e-01 1.513438407151895717e+02
7.690210069396433701e-01 1.609849326985347489e+02
7.850259342634492432e-01 1.712401934131082726e+02
8.013639574277185984e-01 1.821489473677573869e+02
8.180420088499924525e-01 1.937532168934423851e+02
8.350671652258471189e-01 2.060967664049341010e+02
8.524466505316175002e-01 2.192271845231931593e+02
8.701878390896189419e-01 2.331944303633619313e+02
8.882982586971583938e-01 2.480516609276791087e+02
9.067855938206671462e-01 2.638561385226130938e+02
9.256576888563147198e-01 2.806675898709772241e+02
9.449225514584753682e-01 2.985507777688630426e+02
9.645883559374751615e-01 3.175735980294896308e+02
9.846634467280448444e-01 3.378088979109696766e+02
1.005156341929967390e+00 3.593339415869109530e+02
1.026075736922404058e+00 3.822308285173405693e+02
1.047430508053451392e+00 4.065872173823102571e+02
1.069229716406479680e+00 4.324958619652741163e+02
1.091482611644857048e+00 4.600560178882326454e+02
1.114198635936694659e+00 4.893726434777584018e+02
1.137387427961266795e+00 5.205579836147136348e+02
1.161058826998822235e+00 5.537309272623219840e+02
1.185222877105502892e+00 5.890183086738888960e+02
1.209889831375160485e+00 6.265548786854454875e+02
1.235070156289862053e+00 6.664838909138950385e+02
1.260774536160947035e+00 7.089581260143643249e+02
1.287013877662505523e+00 7.541394280940091903e+02
1.313799314459207501e+00 8.022007919859852336e+02
1.341142211930455019e+00 8.533254646510094972e+02
1.369054171992841074e+00 9.077087657225662269e+02
1.397547038022987298e+00 9.655586495263726192e+02
1.426632899882822825e+00 1.027095761468464843e+03
1.456324099049463694e+00 1.092555293946476695e+03
1.486633233851841318e+00 1.162187386680911231e+03
1.517573164816328868e+00 1.236257783713052277e+03
1.549157020123613560e+00 1.315049440094700230e+03
1.581398201179137208e+00 1.398863572716956241e+03
1.614310388299477594e+00 1.488020047545452144e+03
1.647907546517062949e+00 1.582859429082484894e+03
1.682203931505708239e+00 1.683743991563024110e+03
1.717214095629459480e+00 1.791059271384921431e+03
1.752952894117343119e+00 1.905214976730475200e+03
1.789435491366608399e+00 inf
1.826677367377168348e+00 inf
1.864694324319941865e+00 inf
1.903502493241907789e+00 inf
1.943118340910698461e+00 inf
1.983558676801640885e+00 inf
2.024840660230225353e+00 inf
2.066981807632997992e+00 inf
2.109999999999999876e+00 inf
