# k [Mpc^-1], sensitivity [mK^2], z=10.0, 129.1 MHz
3.500000000000000333e-02 5.187089723723682377e-01
3.572842282756675397e-02 5.505517285809483630e-01
3.647200564986839699e-02 5.843492632432767397e-01
3.723106397794004319e-02 6.202215772405007543e-01
3.800591988925806214e-02 6.582960381256558469e-01
3.879690216440116746e-02 6.987078323524603674e-01
3.960434642655615706e-02 7.416004452657636303e-01
4.042859528392659524e-02 7.871261705578639356e-01
4.126999847510574859e-02 8.354466509995920331e-01
4.212891301747467149e-02 8.867334523660372891e-01
4.300570335868902916e-02 9.411686725947211452e-01
4.390074153131857948e-02 9.989455883390531143e-01
4.481440731070487210e-02 1.060269341212720429e+00
4.574708837610465956e-02 1.125357666161594494e+00
4.669918047518661214e-02 1.194441664549259707e+00
4.767108759195193973e-02 1.267766624701114564e+00
4.866322211814942678e-02 1.345592892820401953e+00
4.967600502825834929e-02 1.428196797368480597e+00
5.070986605811275694e-02 1.515871630191368169e+00
5.176524388724366293e-02 1.608928687876183039e+00
5.284258632501594166e-02 1.707698377034855053e+00
5.394235050063903719e-02 1.812531387439525909e+00
5.506500305713256382e-02 1.923799937174973218e+00
5.621102034932823344e-02 2.041899094229013389e+00
5.738088864599311806e-02 2.167248179213378201e+00
5.857510433615904094e-02 2.300292254195445807e+00
5.979417413974657397e-02 2.441503702927143138e+00
6.103861532257209149e-02 2.591383908081650755e+00
6.230895591583001519e-02 2.750465031453167786e+00
6.360573494014265528e-02 2.919311903440406475e+00
6.492950263427293978e-02 3.098524028522611218e+00
6.628082068859754428e-02 3.288737713848735478e+00
6.766026248343849636e-02 3.490628328497425770e+00
6.906841333235554103e-02 3.709264232608605383e+00
7.050587073050135212e-02 3.942498170726873141e+00
7.197324460814619185e-02 4.190397569831166180e+00
7.347115758947816988e-02 4.453884575933615864e+00
7.500024525679045706e-02 4.733939318444816635e+00
7.656115642016625422e-02 5.031603556098043661e+00
7.815455339277647961e-02 5.347984552124664503e+00
7.978111227190747001e-02 5.684259193095852147e+00
8.144152322583671222e-02 6.041678366751849438e+00
8.313649078667982584e-02 6.421571615103832897e+00
8.486673414933156023e-02 6.825352080116930509e+00
8.663298747662909194e-02 7.254521760371790862e+00
8.843600021086570062e-02 7.710677098258369888e+00
9.027653739178835568e-02 8.195514918485695688e+00
9.215537998121303698e-02 8.710838739997653235e+00
9.407332519439604024e-02 9.258565484774223364e+00
9.603118683830201563e-02 9.840732608473880205e+00
9.802979565691193053e-02 1.045950567944194098e+01
1.000699996837176586e-01 1.111718643427753506e+01
1.021526646015524509e-01 1.181693513141044782e+01
1.042786741099108044e-01 1.256494967863566359e+01
1.064489302999123421e-01 1.336031370833145182e+01
1.086643540370700461e-01 1.420602445296947991e+01
1.109258853520242866e-01 1.510526887048452771e+01
1.132344838394090808e-01 1.606143565393729489e+01
1.155911290650195183e-01 1.707812800139142340e+01
1.179968209814531294e-01 1.815917719412659537e+01
1.204525803524016392e-01 1.930865703435531699e+01
1.229594491857733396e-01 2.053089919685049836e+01
1.255184911758291388e-01 2.183050955233408175e+01
1.281307921545208894e-01 2.321238552413996814e+01
1.307974605522227440e-01 2.468173454355734719e+01
1.335196278680513826e-01 2.624409367340122756e+01
1.362984491499744655e-01 2.790620559844304083e+01
1.391351034849112878e-01 2.967755861121289129e+01
1.420307944990333859e-01 3.156134867619251594e+01
1.449867508684773432e-01 3.356471276191300745e+01
1.480042268406868700e-01 3.569524085767412913e+01
1.510845027666047613e-01 3.796100472914486801e+01
1.542288856439409939e-01 4.037058849923265313e+01
1.574387096717475842e-01 4.293312117008051132e+01
1.607153368165349372e-01 4.565831120940560339e+01
1.640601573901705190e-01 4.855648333221388668e+01
1.674745906398046880e-01 5.163861761724276533e+01
1.709600853500741757e-01 5.491801225034743084e+01
1.745181204578385992e-01 5.840882806999757548e+01
1.781502056797110434e-01 6.212153456972498589e+01
1.818578821526486422e-01 6.607023603816844570e+01
1.856427230878753554e-01 7.026993329084169204e+01
1.895063344384143311e-01 7.473658065708687559e+01
1.934503555805126840e-01 7.948714658935382715e+01
1.974764600092484834e-01 8.453967812505618440e+01
2.015863560486145234e-01 8.991336944588900337e+01
2.057817875763805759e-01 9.563094602576111924e+01
2.100645347640413829e-01 1.017145415749517099e+02
2.144364148321648011e-01 1.081851471490788157e+02
2.188992828214597897e-01 1.150673825240941710e+02
2.234550323798925042e-01 1.223874336714710012e+02
2.281055965661834550e-01 1.301731523922713905e+02
2.328529486700275375e-01 1.384541622894695081e+02
2.376991030493841028e-01 1.472620531713977243e+02
2.426461159851931171e-01 1.566349152823303825e+02
2.476960865538796186e-01 1.666043366714927743e+02
2.528511575180167337e-01 1.772082868479025137e+02
2.581135162355253088e-01 1.884871519850522077e+02
2.634853955877961562e-01 2.004838887355719805e+02
2.689690749271278492e-01 2.132441878358094698e+02
2.745668810438831597e-01 2.268191049896873608e+02
2.802811891537738131e-01 2.412604525947487843e+02
2.861144239056928607e-01 2.566212664884182573e+02
2.920690604105219967e-01 2.729600881779708743e+02
2.981476252913505820e-01 2.903391864504268369e+02
3.043526977555517377e-01 3.088247946847599223e+02
3.106869106891708698e-01 3.284911725129040860e+02
3.171529517740905302e-01 3.494108349714934434e+02
3.237535646284456226e-01 3.716627471646301046e+02
3.304915499707733462e-01 3.953317522086261988e+02
3.373697668083914247e-01 4.205080963767248932e+02
3.443911336505087739e-01 4.472910197773670120e+02
3.515586297465838617e-01 4.757812569259868383e+02
3.588752963504552862e-01 5.060861820001285309e+02
3.663442380107827523e-01 5.383213816918188286e+02
3.739686238883428437e-01 5.726101410895861363e+02
3.817516891007428637e-01 6.090873129274748408e+02
3.896967360951185122e-01 6.478882020204547416e+02
3.978071360494027653e-01 6.891608368918364249e+02
4.060863303027552607e-01 7.330626759745523486e+02
4.145378318157649788e-01 7.797651722900849336e+02
4.231652266610403390e-01 8.294437608259913759e+02
4.319721755448220901e-01 8.822873562724669227e+02
4.409624153602658136e-01 9.384976002026573951e+02
4.501397607730483474e-01 9.982935054117357367e+02
4.595081058399779206e-01 1.061899447945512293e+03
4.690714256612865118e-01 1.129558022198994649e+03
4.788337780673142530e-01 1.201529101009235319e+03
4.887993053402931998e-01 1.278088934140953597e+03
4.989722359719687139e-01 1.359527057814476620e+03
5.093568864577977529e-01 1.446154391920263151e+03
5.199576631284887895e-01 1.538306119898803672e+03
5.307790640196620169e-01 1.636329932501834037e+03
5.418256807804173736e-01 1.740600010209668881e+03
5.531022006216277376e-01 1.851518500456337961e+03
5.646134083047763541e-01 1.969505760220991988e+03
5.763641881721900395e-01 2.095011709895222793e+03
5.883595262195214781e-01 2.228519877513629581e+03
6.006045122113689017e-01 2.370536366550048115e+03
6.131043418409223289e-01 2.521603860082053416e+03
6.258643189345570734e-01 2.682302397163740807e+03
6.388898577023131020e-01 2.853242043179711345e+03
6.521864850352057097e-01 3.035077922825161295e+03
6.657598428503537225e-01 3.228504342264054230e+03
6.796156904849094404e-01 3.434258116265619265e+03
6.937599071398169448e-01 3.653129110609769668e+03
7.081984943744236149e-01 3.885949118261416970e+03
7.229375786530161108e-01 4.133610275255731722e+03
7.379834139443505192e-01 4.397057037270696128e+03
7.533423843752851123e-01 4.677295935472069687e+03
7.690210069396433701e-01 4.975398144785080149e+03
7.850259342634492432e-01 5.292500760822328630e+03
8.013639574277185984e-01 5.629817123228286619e+03
8.180420088499924525e-01 5.988633166023585545e+03
8.350671652258471189e-01 6.370322116802803066e+03
8.524466505316175002e-01 6.776339209613353887e+03
8.701878390896189419e-01 7.208237803284311667e+03
8.882982586971583938e-01 7.667665418481546112e+03
9.067855938206671462e-01 8.156378597963473112e+03
9.256576888563147198e-01 8.676243029330844365e+03
9.449225514584753682e-01 9.229244639623299008e+03
9.645883559374751615e-01 9.817496465399633962e+03
9.846634467280448444e-01 1.044324361786724330e+04
1.005156341929967390e+00 1.110887923725712608e+04
1.026075736922404058e+00 1.181694306275433155e+04
1.047430508053451392e+00 1.257014087578890212e+04
1.069229716406479680e+00 1.337135020190812975e+04
1.091482611644857048e+00 1.422363002941428022e+04
1.114198635936694659e+00 1.513023716919204708e+04
1.137387427961266795e+00 1.609463441482029157e+04
1.161058826998822235e+00 1.712050465883658035e+04
1.185222877105502892e+00 1.821176713763488442e+04
1.209889831375160485e+00 1.937259089581877561e+04
1.235070156289862053e+00 2.060740884561013081e+04
1.260774536160947035e+00 2.192093783301670919e+04
1.287013877662505523e+00 2.331819582329826881e+04
1.313799314459207501e+00 2.480452029724100066e+04
1.341142211930455019e+00 2.638558796065185379e+04
1.369054171992841074e+00 inf
1.397547038022987298e+00 inf
1.426632899882822825e+00 inf
1.456324099049463694e+00 inf
1.486633233851841318e+00 inf
1.517573164816328868e+00 inf
1.549157020123613560e+00 inf
1.581398201179137208e+00 inf
1.614310388299477594e+00 inf
1.647907546517062949e+00 inf
1.682203931505708239e+00 inf
1.717214095629459480e+00 inf
1.752952894117343119e+00 inf
1.789435491366608399e+00 inf
1.826677367377168348e+00 inf
1.864694324319941865e+00 inf
1.903502493241907789e+00 inf
1.943118340910698461e+00 inf
1.983558676801640885e+00 inf
2.024840660230225353e+00 inf
2.066981807632997992e+00 inf
2.109999999999999876e+00 inf
