# k [Mpc^-1], sensitivity [mK^2], z=8.0, 157.8 MHz
3.500000000000000333e-02 inf
3.572842282756675397e-02 inf
3.647200564986839699e-02 inf
3.723106397794004319e-02 inf
3.800591988925806214e-02 4.305795309413702060e-02
3.879690216440116746e-02 4.483257275771002082e-02
3.960434642655615706e-02 4.668033279893770565e-02
4.042859528392659524e-02 4.860424767491926257e-02
4.126999847510574859e-02 5.060745608263226419e-02
4.212891301747467149e-02 5.269322607943861814e-02
4.300570335868902916e-02 5.486496041463170131e-02
4.390074153131857948e-02 5.712620208072055616e-02
4.481440731070487210e-02 5.948064009350887554e-02
4.574708837610465956e-02 6.193211551039824042e-02
4.669918047518661214e-02 6.448462769673327100e-02
4.767108759195193973e-02 6.714234085041297095e-02
4.866322211814942678e-02 6.990959079541068932e-02
4.967600502825834929e-02 7.279089205528813111e-02
5.070986605811275694e-02 7.579094521824081276e-02
5.176524388724366293e-02 7.891464460569241890e-02
5.284258632501594166e-02 8.216708625694707502e-02
5.394235050063903719e-02 8.555357624292678209e-02
5.506500305713256382e-02 8.907963932255716366e-02
5.621102034932823344e-02 9.275102795592272964e-02
5.738088864599311806e-02 9.657373168889712978e-02
5.857510433615904094e-02 1.005539869245571372e-01
5.979417413974657397e-02 1.046982870973232199e-01
6.103861532257209149e-02 1.090133932664230781e-01
6.230895591583001519e-02 1.135063451459622230e-01
6.360573494014265528e-02 1.181844725895949827e-01
6.492950263427293978e-02 1.230554075485319615e-01
6.628082068859754428e-02 1.281270965223944014e-01
6.766026248343849636e-02 1.334078135232245887e-01
6.906841333235554103e-02 1.389061735738058023e-01
7.050587073050135212e-02 1.446311467623089542e-01
7.197324460814619185e-02 1.505920728761994676e-01
7.347115758947816988e-02 1.567986766392732156e-01
7.500024525679045706e-02 1.632610835766844792e-01
7.656115642016625422e-02 1.698280349894352448e-01
7.815455339277647961e-02 1.766490074746776551e-01
7.978111227190747001e-02 1.837439374702178330e-01
8.144152322583671222e-02 1.911238282043502823e-01
8.313649078667982584e-02 1.988001248389854037e-01
8.486673414933156023e-02 2.067847322194678594e-01
8.663298747662909194e-02 2.150900333373014783e-01
8.843600021086570062e-02 2.237289085344082162e-01
9.027653739178835568e-02 2.327147554787095396e-01
9.215537998121303698e-02 2.420615099420051208e-01
9.407332519439604024e-02 2.517836674123745122e-01
9.603118683830201563e-02 2.618963055746194590e-01
9.802979565691193053e-02 2.724151076936114357e-01
1.000699996837176586e-01 2.833563869368064814e-01
1.021526646015524509e-01 2.947371116736492436e-01
1.042786741099108044e-01 3.065749317911043437e-01
1.064489302999123421e-01 3.188882060661220041e-01
1.086643540370700461e-01 3.316960306374930889e-01
1.109258853520242866e-01 3.450182686212466265e-01
1.132344838394090808e-01 3.581820675460416492e-01
1.155911290650195183e-01 3.697958499498902318e-01
1.179968209814531294e-01 3.817862004567932344e-01
1.204525803524016392e-01 3.941653290024379475e-01
1.229594491857733396e-01 4.069458414204339958e-01
1.255184911758291388e-01 4.201407522790032156e-01
1.281307921545208894e-01 4.337634981338897577e-01
1.307974605522227440e-01 4.478279512109875071e-01
1.335196278680513826e-01 4.623484335326134564e-01
1.362984491499744655e-01 4.773397315018166887e-01
1.391351034849112878e-01 4.928171109595724797e-01
1.420307944990333859e-01 5.087963327301935346e-01
1.449867508684773432e-01 5.252936686707900815e-01
1.480042268406868700e-01 5.423259182411226398e-01
1.510845027666047613e-01 5.585421491691334728e-01
1.542288856439409939e-01 5.718538920589951724e-01
1.574387096717475842e-01 5.854828939042096003e-01
1.607153368165349372e-01 5.994367159419176083e-01
1.640601573901705190e-01 6.137230996163314245e-01
1.674745906398046880e-01 6.283499708736117739e-01
1.709600853500741757e-01 6.433254445591057857e-01
1.745181204578385992e-01 6.586578289193835145e-01
1.781502056797110434e-01 6.743556302115727430e-01
1.818578821526486422e-01 6.904275574225464673e-01
1.856427230878753554e-01 7.068825271005844124e-01
1.895063344384143311e-01 7.215636898375881181e-01
1.934503555805126840e-01 7.339605074944873797e-01
1.974764600092484834e-01 7.465703085514423520e-01
2.015863560486145234e-01 7.593967521675981658e-01
2.057817875763805759e-01 7.724435603682465734e-01
2.100645347640413829e-01 7.857145191248968707e-01
2.144364148321648011e-01 7.992134794539039744e-01
2.188992828214597897e-01 8.129443585339697353e-01
2.234550323798925042e-01 8.269111408428451160e-01
2.281055965661834550e-01 8.389269239416891066e-01
2.328529486700275375e-01 8.496906610488075273e-01
2.376991030493841028e-01 8.605925008120747233e-01
2.426461159851931171e-01 8.716342151387240778e-01
2.476960865538796186e-01 8.828175986702017086e-01
2.528511575180167337e-01 8.941444690738556966e-01
2.581135162355253088e-01 9.056166673383659882e-01
2.634853955877961562e-01 9.169443101760043069e-01
2.689690749271278492e-01 9.263478913613957255e-01
2.745668810438831597e-01 9.358479095257058455e-01
2.802811891537738131e-01 9.454453536635232247e-01
2.861144239056928607e-01 9.551412229119178310e-01
2.920690604105219967e-01 9.649365266544560615e-01
2.981476252913505820e-01 9.748322846262819086e-01
3.043526977555517377e-01 9.838925476423407979e-01
3.106869106891708698e-01 9.925109328765053807e-01
3.171529517740905302e-01 1.001204810667476686e+00
3.237535646284456226e-01 1.009974842290653596e+00
3.304915499707733462e-01 1.018821694813861978e+00
3.373697668083914247e-01 1.027746041148094314e+00
3.443911336505087739e-01 1.035844260452160714e+00
3.515586297465838617e-01 1.043931713631905067e+00
3.588752963504552862e-01 1.052082310376210028e+00
3.663442380107827523e-01 1.060296543684497994e+00
3.739686238883428437e-01 1.068574910405331257e+00
3.817516891007428637e-01 1.076357977801728039e+00
3.896967360951185122e-01 1.084064929468253169e+00
3.978071360494027653e-01 1.091827064545144665e+00
4.060863303027552607e-01 1.099644778157337965e+00
4.145378318157649788e-01 1.107432631999026640e+00
4.231652266610403390e-01 1.114888009824860582e+00
4.319721755448220901e-01 1.122393578205785447e+00
4.409624153602658136e-01 1.129949675031024503e+00
4.501397607730483474e-01 1.137556640464513658e+00
4.595081058399779206e-01 1.144926294384461807e+00
4.690714256612865118e-01 1.152331008550680602e+00
4.788337780673142530e-01 1.159783612080740989e+00
4.887993053402931998e-01 1.167268766171180028e+00
4.989722359719687139e-01 1.174600120715066920e+00
5.093568864577977529e-01 1.181977521860221980e+00
5.199576631284887895e-01 1.189401258815067752e+00
5.307790640196620169e-01 1.196813433872309540e+00
5.418256807804173736e-01 1.204206970886076311e+00
5.531022006216277376e-01 1.211646182846352948e+00
5.646134083047763541e-01 1.219123937887141018e+00
5.763641881721900395e-01 1.226595685708743222e+00
5.883595262195214781e-01 1.234113226262137930e+00
6.006045122113689017e-01 1.241676840201107135e+00
6.131043418409223289e-01 1.249263119972699343e+00
6.258643189345570734e-01 1.256895556402214176e+00
6.388898577023131020e-01 1.264574668127486312e+00
6.521864850352057097e-01 1.272301569583987213e+00
6.657598428503537225e-01 1.280075684548415582e+00
6.796156904849094404e-01 1.287902497950667913e+00
6.937599071398169448e-01 1.295791026510805022e+00
7.081984943744236149e-01 1.303727873078666555e+00
7.229375786530161108e-01 1.311735864143123820e+00
7.379834139443505192e-01 1.319805298715898134e+00
7.533423843752851123e-01 1.327932002615503704e+00
7.690210069396433701e-01 1.336149363328592132e+00
7.850259342634492432e-01 1.344417573796754972e+00
8.013639574277185984e-01 1.352783503639740426e+00
8.180420088499924525e-01 1.361213921788573478e+00
8.350671652258471189e-01 1.369732764753167187e+00
8.524466505316175002e-01 1.378336703634798655e+00
8.701878390896189419e-01 1.387022460502388421e+00
8.882982586971583938e-01 1.395809756663513701e+00
9.067855938206671462e-01 1.404677164011090884e+00
9.256576888563147198e-01 1.413656239592496533e+00
9.449225514584753682e-01 1.422719964398617698e+00
9.645883559374751615e-01 1.431898528862459496e+00
9.846634467280448444e-01 1.441173068077865160e+00
1.005156341929967390e+00 1.450558384469584183e+00
1.026075736922404058e+00 1.460057971429623791e+00
1.047430508053451392e+00 1.469656999202969327e+00
1.069229716406479680e+00 1.479395578821632418e+00
1.091482611644857048e+00 1.489226584476728954e+00
1.114198635936694659e+00 1.499207178972792542e+00
1.137387427961266795e+00 1.509301511112436378e+00
1.161058826998822235e+00 1.519516002475904015e+00
1.185222877105502892e+00 1.529889681719776462e+00
1.209889831375160485e+00 1.540381876934041605e+00
1.235070156289862053e+00 1.551015259248975653e+00
1.260774536160947035e+00 1.561813047457356829e+00
1.287013877662505523e+00 1.572746060736915918e+00
1.313799314459207501e+00 1.583821890749478989e+00
1.341142211930455019e+00 1.595086797408407087e+00
1.369054171992841074e+00 1.606503561642600442e+00
1.397547038022987298e+00 1.618078554375092182e+00
1.426632899882822825e+00 1.629818213368646962e+00
1.456324099049463694e+00 1.641758522134075360e+00
1.486633233851841318e+00 1.653872172840066046e+00
1.517573164816328868e+00 inf
1.549157020123613560e+00 inf
1.581398201179137208e+00 inf
1.614310388299477594e+00 inf
1.647907546517062949e+00 inf
1.682203931505708239e+00 inf
1.717214095629459480e+00 inf
1.752952894117343119e+00 inf
1.789435491366608399e+00 inf
1.826677367377168348e+00 inf
1.864694324319941865e+00 inf
1.903502493241907789e+00 inf
1.943118340910698461e+00 inf
1.983558676801640885e+00 inf
2.024840660230225353e+00 inf
2.066981807632997992e+00 inf
2.109999999999999876e+00 inf
