# k [Mpc^-1], sensitivity [mK^2], z=6.0, 202.9 MHz
3.500000000000000333e-02 inf
3.572842282756675397e-02 inf
3.647200564986839699e-02 inf
3.723106397794004319e-02 inf
3.800591988925806214e-02 inf
3.879690216440116746e-02 inf
3.960434642655615706e-02 inf
4.042859528392659524e-02 inf
4.126999847510574859e-02 inf
4.212891301747467149e-02 inf
4.300570335868902916e-02 inf
4.390074153131857948e-02 inf
4.481440731070487210e-02 inf
4.574708837610465956e-02 inf
4.669918047518661214e-02 inf
4.767108759195193973e-02 inf
4.866322211814942678e-02 inf
4.967600502825834929e-02 inf
5.070986605811275694e-02 inf
5.176524388724366293e-02 inf
5.284258632501594166e-02 inf
5.394235050063903719e-02 inf
5.506500305713256382e-02 inf
5.621102034932823344e-02 inf
5.738088864599311806e-02 inf
5.857510433615904094e-02 inf
5.979417413974657397e-02 inf
6.103861532257209149e-02 inf
6.230895591583001519e-02 inf
6.360573494014265528e-02 inf
6.492950263427293978e-02 inf
6.628082068859754428e-02 inf
6.766026248343849636e-02 inf
6.906841333235554103e-02 inf
7.050587073050135212e-02 inf
7.197324460814619185e-02 inf
7.347115758947816988e-02 inf
7.500024525679045706e-02 inf
7.656115642016625422e-02 inf
7.815455339277647961e-02 inf
7.978111227190747001e-02 inf
8.144152322583671222e-02 inf
8.313649078667982584e-02 inf
8.486673414933156023e-02 inf
8.663298747662909194e-02 1.111360109871632362e+00
8.843600021086570062e-02 1.121971714368583006e+00
9.027653739178835568e-02 1.132684641694200467e+00
9.215537998121303698e-02 1.143499859309684119e+00
9.407332519439604024e-02 1.154418343913846234e+00
9.603118683830201563e-02 1.165441081531316758e+00
9.802979565691193053e-02 1.176569067601590080e+00
1.000699996837176586e-01 1.187803307068918457e+00
1.021526646015524509e-01 1.199144814473067644e+00
1.042786741099108044e-01 1.210594614040938932e+00
1.064489302999123421e-01 1.222153739779062720e+00
1.086643540370700461e-01 1.233823235566978482e+00
1.109258853520242866e-01 1.245604155251505585e+00
1.132344838394090808e-01 1.257497562741913155e+00
1.155911290650195183e-01 1.269504532105999894e+00
1.179968209814531294e-01 1.281626147667090487e+00
1.204525803524016392e-01 1.293863504101958606e+00
1.229594491857733396e-01 1.306217706539685830e+00
1.255184911758291388e-01 1.318689870661461372e+00
1.281307921545208894e-01 1.336324065511870440e+00
1.307974605522227440e-01 1.409003659953834475e+00
1.335196278680513826e-01 1.485636130486692741e+00
1.362984491499744655e-01 1.566436464955519803e+00
1.391351034849112878e-01 1.651631343900143323e+00
1.420307944990333859e-01 1.741459776493937905e+00
1.449867508684773432e-01 1.836173771069864458e+00
1.480042268406868700e-01 1.936039042114887199e+00
1.510845027666047613e-01 2.041335755716179978e+00
1.542288856439409939e-01 2.152359315550449903e+00
1.574387096717475842e-01 2.269421191621408429e+00
1.607153368165349372e-01 2.392849794070369018e+00
1.640601573901705190e-01 2.522991394511393537e+00
1.674745906398046880e-01 2.660211097475745134e+00
1.709600853500741757e-01 2.807481236632342725e+00
1.745181204578385992e-01 2.982851330955841984e+00
1.781502056797110434e-01 3.169175966874045347e+00
1.818578821526486422e-01 3.367139422866772591e+00
1.856427230878753554e-01 3.577468721058929102e+00
1.895063344384143311e-01 3.800936297214145831e+00
1.934503555805126840e-01 4.038362837510327985e+00
1.974764600092484834e-01 4.290620292515165524e+00
2.015863560486145234e-01 4.558635079430463755e+00
2.057817875763805759e-01 4.843391484365552557e+00
2.100645347640413829e-01 5.145935277134648267e+00
2.144364148321648011e-01 5.468732863332292915e+00
2.188992828214597897e-01 5.815344965910279385e+00
2.234550323798925042e-01 6.183925585264623770e+00
2.281055965661834550e-01 6.575867101308674911e+00
2.328529486700275375e-01 6.992650143965683185e+00
2.376991030493841028e-01 7.435849186515978815e+00
2.426461159851931171e-01 7.907138493454375805e+00
2.476960865538796186e-01 8.408298445326945370e+00
2.528511575180167337e-01 8.941222264440344958e+00
2.581135162355253088e-01 9.508321566165195193e+00
2.634853955877961562e-01 1.011193607130512895e+01
2.689690749271278492e-01 1.075386969178840246e+01
2.745668810438831597e-01 1.143655503085463820e+01
2.802811891537738131e-01 1.216257912011345255e+01
2.861144239056928607e-01 1.293469322308373926e+01
2.920690604105219967e-01 1.375582326108870390e+01
2.981476252913505820e-01 1.462908090101550762e+01
3.043526977555517377e-01 1.555867546763419362e+01
3.106869106891708698e-01 1.654738769743602234e+01
3.171529517740905302e-01 1.759892994611661265e+01
3.237535646284456226e-01 1.871729489339944763e+01
3.304915499707733462e-01 1.990672894312999830e+01
3.373697668083914247e-01 2.117174834676536577e+01
3.443911336505087739e-01 2.251758836444632905e+01
3.515586297465838617e-01 2.394949770856240079e+01
3.588752963504552862e-01 2.547246317896433609e+01
3.663442380107827523e-01 2.709227509901889519e+01
3.739686238883428437e-01 2.881509200284418171e+01
3.817516891007428637e-01 3.064746405009167773e+01
3.896967360951185122e-01 3.259706180043125556e+01
3.978071360494027653e-01 3.467092706823708426e+01
4.060863303027552607e-01 3.687673420170369809e+01
4.145378318157649788e-01 3.922287750502457726e+01
4.231652266610403390e-01 4.171828533837711461e+01
4.319721755448220901e-01 4.437304666438848955e+01
4.409624153602658136e-01 4.719710347993920152e+01
4.501397607730483474e-01 5.020089320762857454e+01
4.595081058399779206e-01 5.339585468237252996e+01
4.690714256612865118e-01 5.679416398472193350e+01
4.788337780673142530e-01 6.040969631357724268e+01
4.887993053402931998e-01 6.425539443947653240e+01
4.989722359719687139e-01 6.834591078129228947e+01
5.093568864577977529e-01 7.269683053497149672e+01
5.199576631284887895e-01 7.732546944426617586e+01
5.307790640196620169e-01 8.224902945365778351e+01
5.418256807804173736e-01 8.748608827967851198e+01
5.531022006216277376e-01 9.305660739488925515e+01
5.646134083047763541e-01 9.898267115113409886e+01
5.763641881721900395e-01 1.052862209408517629e+02
5.883595262195214781e-01 1.119912020062596554e+02
6.006045122113689017e-01 1.191234548253768395e+02
6.131043418409223289e-01 1.267106078028063507e+02
6.258643189345570734e-01 1.347809980267315382e+02
6.388898577023131020e-01 1.433654036081384220e+02
6.521864850352057097e-01 1.524974682191443947e+02
6.657598428503537225e-01 1.622112728404839004e+02
6.796156904849094404e-01 1.725438287192930034e+02
6.937599071398169448e-01 1.835353216929518112e+02
7.081984943744236149e-01 1.952271819282246383e+02
7.229375786530161108e-01 2.076638557203661151e+02
7.379834139443505192e-01 2.208936194841656970e+02
7.533423843752851123e-01 2.349663435276213193e+02
7.690210069396433701e-01 2.499357066807068009e+02
7.850259342634492432e-01 2.658596073598810108e+02
8.013639574277185984e-01 2.827980514038586080e+02
8.180420088499924525e-01 3.008161176346101229e+02
8.350671652258471189e-01 3.199826919797899905e+02
8.524466505316175002e-01 3.403704694141451341e+02
8.701878390896189419e-01 3.620581991311386219e+02
8.882982586971583938e-01 3.851278410941016546e+02
9.067855938206671462e-01 4.096680112767979267e+02
9.256576888563147198e-01 4.357722478813452653e+02
9.449225514584753682e-01 4.635401883856103495e+02
9.645883559374751615e-01 4.930781599174236476e+02
9.846634467280448444e-01 5.244985500739574036e+02
1.005156341929967390e+00 5.579219102832535100e+02
1.026075736922404058e+00 5.934752770480487243e+02
1.047430508053451392e+00 6.312950998242217793e+02
1.069229716406479680e+00 6.715251690151238790e+02
1.091482611644857048e+00 7.143197639974719095e+02
1.114198635936694659e+00 7.598417773768097732e+02
1.137387427961266795e+00 8.082655339805689891e+02
1.161058826998822235e+00 8.597756596011813599e+02
1.185222877105502892e+00 9.145690546829822551e+02
1.209889831375160485e+00 9.728550345626395028e+02
1.235070156289862053e+00 1.034855956757097374e+03
1.260774536160947035e+00 1.100809154822979735e+03
1.287013877662505523e+00 1.170965995212173311e+03
1.313799314459207501e+00 1.245594753356469937e+03
1.341142211930455019e+00 1.324980465386437572e+03
1.369054171992841074e+00 1.409426122817736541e+03
1.397547038022987298e+00 1.499254598774199849e+03
1.426632899882822825e+00 1.594808841463059480e+03
1.456324099049463694e+00 1.696453714352356656e+03
1.486633233851841318e+00 1.804577654237741399e+03
1.517573164816328868e+00 1.919593675372973166e+03
1.549157020123613560e+00 2.041940920883432909e+03
1.581398201179137208e+00 2.172086739402255716e+03
1.614310388299477594e+00 2.310528418897839856e+03
1.647907546517062949e+00 2.457794696645295971e+03
1.682203931505708239e+00 2.614447992413422980e+03
1.717214095629459480e+00 inf
1.752952894117343119e+00 inf
1.789435491366608399e+00 inf
1.826677367377168348e+00 inf
1.864694324319941865e+00 inf
1.903502493241907789e+00 inf
1.943118340910698461e+00 inf
1.983558676801640885e+00 inf
2.024840660230225353e+00 inf
2.066981807632997992e+00 inf
2.109999999999999876e+00 inf
