# k [Mpc^-1], sensitivity [mK^2], z=6.5, 189.4 MHz
3.500000000000000333e-02 inf
3.572842282756675397e-02 inf
3.647200564986839699e-02 inf
3.723106397794004319e-02 inf
3.800591988925806214e-02 inf
3.879690216440116746e-02 inf
3.960434642655615706e-02 inf
4.042859528392659524e-02 inf
4.126999847510574859e-02 inf
4.212891301747467149e-02 inf
4.300570335868902916e-02 inf
4.390074153131857948e-02 inf
4.481440731070487210e-02 inf
4.574708837610465956e-02 inf
4.669918047518661214e-02 inf
4.767108759195193973e-02 inf
4.866322211814942678e-02 inf
4.967600502825834929e-02 inf
5.070986605811275694e-02 inf
5.176524388724366293e-02 inf
5.284258632501594166e-02 inf
5.394235050063903719e-02 inf
5.506500305713256382e-02 inf
5.621102034932823344e-02 inf
5.738088864599311806e-02 inf
5.857510433615904094e-02 inf
5.979417413974657397e-02 inf
6.103861532257209149e-02 inf
6.230895591583001519e-02 inf
6.360573494014265528e-02 inf
6.492950263427293978e-02 inf
6.628082068859754428e-02 inf
6.766026248343849636e-02 inf
6.906841333235554103e-02 inf
7.050587073050135212e-02 inf
7.197324460814619185e-02 inf
7.347115758947816988e-02 inf
7.500024525679045706e-02 inf
7.656115642016625422e-02 inf
7.815455339277647961e-02 inf
7.978111227190747001e-02 inf
8.144152322583671222e-02 inf
8.313649078667982584e-02 3.444835139635194388e+00
8.486673414933156023e-02 3.334045696199747777e+00
8.663298747662909194e-02 3.226819355287119162e+00
8.843600021086570062e-02 3.123041523853117507e+00
9.027653739178835568e-02 3.022601294283780771e+00
9.215537998121303698e-02 2.925391325868156756e+00
9.407332519439604024e-02 2.831307730083033825e+00
9.603118683830201563e-02 2.740249959567027105e+00
9.802979565691193053e-02 2.652120700665369757e+00
1.000699996837176586e-01 2.566825769430586046e+00
1.021526646015524509e-01 2.484274010967888913e+00
1.042786741099108044e-01 2.404377202017714321e+00
1.064489302999123421e-01 2.327049956671328523e+00
1.086643540370700461e-01 2.252209635118697317e+00
1.109258853520242866e-01 2.179776255331129953e+00
1.132344838394090808e-01 2.109672407584292309e+00
1.155911290650195183e-01 2.041823171730254405e+00
1.179968209814531294e-01 1.976156037130149423e+00
1.204525803524016392e-01 1.912600825161882900e+00
1.229594491857733396e-01 1.851089614220071677e+00
1.255184911758291388e-01 1.915200365217448741e+00
1.281307921545208894e-01 2.018256690396939668e+00
1.307974605522227440e-01 2.126858443800227594e+00
1.335196278680513826e-01 2.241304023164003123e+00
1.362984491499744655e-01 2.361907882912676282e+00
1.391351034849112878e-01 2.489001398163660728e+00
1.420307944990333859e-01 2.622933775224502551e+00
1.449867508684773432e-01 2.764073011083574283e+00
1.480042268406868700e-01 2.912806904530667929e+00
1.510845027666047613e-01 3.069544121685646942e+00
1.542288856439409939e-01 3.234715318862877442e+00
1.574387096717475842e-01 3.408774325856627652e+00
1.607153368165349372e-01 3.592199392898685950e+00
1.640601573901705190e-01 3.785494504714367547e+00
1.674745906398046880e-01 4.015465823170354831e+00
1.709600853500741757e-01 4.265633248322461490e+00
1.745181204578385992e-01 4.531386347307499562e+00
1.781502056797110434e-01 4.813696122759728802e+00
1.818578821526486422e-01 5.113594071721649925e+00
1.856427230878753554e-01 5.432175954504470994e+00
1.895063344384143311e-01 5.770605798352232085e+00
1.934503555805126840e-01 6.130120150538102664e+00
1.974764600092484834e-01 6.512032596432700160e+00
2.015863560486145234e-01 6.917738559052479808e+00
2.057817875763805759e-01 7.348720397624632916e+00
2.100645347640413829e-01 7.814656267680462953e+00
2.144364148321648011e-01 8.310265433670142698e+00
2.188992828214597897e-01 8.837306365434196564e+00
2.234550323798925042e-01 9.397772480301220810e+00
2.281055965661834550e-01 9.993783619061815671e+00
2.328529486700275375e-01 1.062759406380383176e+01
2.376991030493841028e-01 1.130160106424251687e+01
2.426461159851931171e-01 1.201835390479449828e+01
2.476960865538796186e-01 1.278071011292238168e+01
2.528511575180167337e-01 1.359243380624581832e+01
2.581135162355253088e-01 1.445571139199626920e+01
2.634853955877961562e-01 1.537381714175931791e+01
2.689690749271278492e-01 1.635023328143613597e+01
2.745668810438831597e-01 1.738866319876037991e+01
2.802811891537738131e-01 1.849304548964606454e+01
2.861144239056928607e-01 1.966756889664175034e+01
2.920690604105219967e-01 2.091742416069333643e+01
2.981476252913505820e-01 2.224712767373669209e+01
3.043526977555517377e-01 2.366135934947430641e+01
3.106869106891708698e-01 2.516549257394174433e+01
3.171529517740905302e-01 2.676524231492169292e+01
3.237535646284456226e-01 2.846668683601555827e+01
3.304915499707733462e-01 3.027647509288193106e+01
3.373697668083914247e-01 3.220229539802240737e+01
3.443911336505087739e-01 3.425061291713225842e+01
3.515586297465838617e-01 3.642921942984443717e+01
3.588752963504552862e-01 3.874640233383794197e+01
3.663442380107827523e-01 4.121097617001716173e+01
3.739686238883428437e-01 4.383281944809424147e+01
3.817516891007428637e-01 4.662211993030086887e+01
3.896967360951185122e-01 4.958891748611570449e+01
3.978071360494027653e-01 5.274450713783590317e+01
4.060863303027552607e-01 5.610090266624875710e+01
4.145378318157649788e-01 5.967125442317759365e+01
4.231652266610403390e-01 6.346961619921752629e+01
4.319721755448220901e-01 6.750976193507428036e+01
4.409624153602658136e-01 7.180708234039393290e+01
4.501397607730483474e-01 7.637794781736894834e+01
4.595081058399779206e-01 8.124057617658877462e+01
4.690714256612865118e-01 8.641313955026274130e+01
4.788337780673142530e-01 9.191503849876728793e+01
4.887993053402931998e-01 9.776724172040769645e+01
4.989722359719687139e-01 1.039925957284325477e+02
5.093568864577977529e-01 1.106149677871622288e+02
5.199576631284887895e-01 1.176590603672138826e+02
5.307790640196620169e-01 1.251517291324688443e+02
5.418256807804173736e-01 1.331222157077874613e+02
5.531022006216277376e-01 1.416007995781855300e+02
5.646134083047763541e-01 1.506193863629367513e+02
5.763641881721900395e-01 1.602123689691552499e+02
5.883595262195214781e-01 1.704174900789779201e+02
6.006045122113689017e-01 1.812726517839605833e+02
6.131043418409223289e-01 1.928192597459370745e+02
6.258643189345570734e-01 2.051020954275756765e+02
6.388898577023131020e-01 2.181677857031206997e+02
6.521864850352057097e-01 2.320658042004741901e+02
6.657598428503537225e-01 2.468497552062478917e+02
6.796156904849094404e-01 2.625761086363437471e+02
6.937599071398169448e-01 2.793043597268270446e+02
7.081984943744236149e-01 2.970989860646088232e+02
7.229375786530161108e-01 3.160278292422626691e+02
7.379834139443505192e-01 3.361626715005272104e+02
7.533423843752851123e-01 3.575812652517555534e+02
7.690210069396433701e-01 3.803647888018189178e+02
7.850259342634492432e-01 4.046001715580134146e+02
8.013639574277185984e-01 4.303807079389777641e+02
8.180420088499924525e-01 4.578039427239755810e+02
8.350671652258471189e-01 4.869753245883308637e+02
8.524466505316175002e-01 5.180058964149783378e+02
8.701878390896189419e-01 5.510141192847014509e+02
8.882982586971583938e-01 5.861264923176390766e+02
9.067855938206671462e-01 6.234763999901699663e+02
9.256576888563147198e-01 6.632074643409861210e+02
9.449225514584753682e-01 7.054703927278317224e+02
9.645883559374751615e-01 7.504275649063057472e+02
9.846634467280448444e-01 7.982498249116783882e+02
1.005156341929967390e+00 8.491205953787635963e+02
1.026075736922404058e+00 9.032334563464377197e+02
1.047430508053451392e+00 9.607958067732698737e+02
1.069229716406479680e+00 1.022026742081389443e+03
1.091482611644857048e+00 1.087160983072220233e+03
1.114198635936694659e+00 1.156446450925565614e+03
1.137387427961266795e+00 1.230148560404281625e+03
1.161058826998822235e+00 1.308548207931729621e+03
1.185222877105502892e+00 1.391945181690632580e+03
1.209889831375160485e+00 1.480657981327360858e+03
1.235070156289862053e+00 1.575025138860164816e+03
1.260774536160947035e+00 1.675407782998597213e+03
1.287013877662505523e+00 1.782188670631131345e+03
1.313799314459207501e+00 1.895775864262440336e+03
1.341142211930455019e+00 2.016603496803661983e+03
1.369054171992841074e+00 2.145132680628014441e+03
1.397547038022987298e+00 2.281854477792043781e+03
1.426632899882822825e+00 2.427291417853243274e+03
1.456324099049463694e+00 2.581998644319972755e+03
1.486633233851841318e+00 2.746567121693368335e+03
1.517573164816328868e+00 2.921625673422126056e+03
1.549157020123613560e+00 3.107842909720186071e+03
1.581398201179137208e+00 3.305929986488278701e+03
1.614310388299477594e+00 3.516643560231739229e+03
1.647907546517062949e+00 inf
1.682203931505708239e+00 inf
1.717214095629459480e+00 inf
1.752952894117343119e+00 inf
1.789435491366608399e+00 inf
1.826677367377168348e+00 inf
1.864694324319941865e+00 inf
1.903502493241907789e+00 inf
1.943118340910698461e+00 inf
1.983558676801640885e+00 inf
2.024840660230225353e+00 inf
2.066981807632997992e+00 inf
2.109999999999999876e+00 inf
