# k [Mpc^-1], sensitivity [mK^2], z=11.0, 118.4 MHz
3.500000000000000333e-02 inf
3.572842282756675397e-02 inf
3.647200564986839699e-02 inf
3.723106397794004319e-02 inf
3.800591988925806214e-02 inf
3.879690216440116746e-02 inf
3.960434642655615706e-02 inf
4.042859528392659524e-02 inf
4.126999847510574859e-02 inf
4.212891301747467149e-02 inf
4.300570335868902916e-02 inf
4.390074153131857948e-02 inf
4.481440731070487210e-02 inf
4.574708837610465956e-02 inf
4.669918047518661214e-02 inf
4.767108759195193973e-02 inf
4.866322211814942678e-02 inf
4.967600502825834929e-02 inf
5.070986605811275694e-02 inf
5.176524388724366293e-02 inf
5.284258632501594166e-02 inf
5.394235050063903719e-02 inf
5.506500305713256382e-02 inf
5.621102034932823344e-02 inf
5.738088864599311806e-02 inf
5.857510433615904094e-02 inf
5.979417413974657397e-02 inf
6.103861532257209149e-02 inf
6.230895591583001519e-02 inf
6.360573494014265528e-02 inf
6.492950263427293978e-02 inf
6.628082068859754428e-02 inf
6.766026248343849636e-02 inf
6.906841333235554103e-02 inf
7.050587073050135212e-02 inf
7.197324460814619185e-02 inf
7.347115758947816988e-02 inf
7.500024525679045706e-02 inf
7.656115642016625422e-02 inf
7.815455339277647961e-02 inf
7.978111227190747001e-02 inf
8.144152322583671222e-02 inf
8.313649078667982584e-02 inf
8.486673414933156023e-02 inf
8.663298747662909194e-02 inf
8.843600021086570062e-02 inf
9.027653739178835568e-02 inf
9.215537998121303698e-02 inf
9.407332519439604024e-02 inf
9.603118683830201563e-02 inf
9.802979565691193053e-02 2.693931519587374623e+01
1.000699996837176586e-01 2.805260092514936332e+01
1.021526646015524509e-01 2.921189395290292268e+01
1.042786741099108044e-01 3.041909556238779544e+01
1.064489302999123421e-01 3.167618560869542321e+01
1.086643540370700461e-01 3.298522576579070176e+01
1.109258853520242866e-01 3.434836290773309742e+01
1.132344838394090808e-01 3.576783262962921128e+01
1.155911290650195183e-01 3.724596291409107351e+01
1.179968209814531294e-01 3.878517794921329198e+01
1.204525803524016392e-01 4.038800210433090143e+01
1.229594491857733396e-01 4.205706407007796344e+01
1.255184911758291388e-01 4.379510116953693455e+01
1.281307921545208894e-01 4.560496384754940635e+01
1.307974605522227440e-01 4.773205956766588542e+01
1.335196278680513826e-01 5.058739779303832051e+01
1.362984491499744655e-01 5.361354273521951797e+01
1.391351034849112878e-01 5.682071207498988485e+01
1.420307944990333859e-01 6.021973471616885831e+01
1.449867508684773432e-01 6.382208734905926661e+01
1.480042268406868700e-01 6.763993320112206220e+01
1.510845027666047613e-01 7.168616310572130601e+01
1.542288856439409939e-01 7.597443902760728918e+01
1.574387096717475842e-01 8.051924019209981509e+01
1.607153368165349372e-01 8.533591197372538772e+01
1.640601573901705190e-01 9.057903471999891565e+01
1.674745906398046880e-01 9.631957779683517629e+01
1.709600853500741757e-01 1.024239339228928145e+02
1.745181204578385992e-01 1.089151601387708297e+02
1.781502056797110434e-01 1.158177747496449399e+02
1.818578821526486422e-01 1.231578499344697661e+02
1.856427230878753554e-01 1.309631102243904195e+02
1.895063344384143311e-01 1.392630372223272275e+02
1.934503555805126840e-01 1.480889809592757160e+02
1.974764600092484834e-01 1.574970949892316412e+02
2.015863560486145234e-01 1.675187521266419992e+02
2.057817875763805759e-01 1.781780947514365891e+02
2.100645347640413829e-01 1.895156992648277878e+02
2.144364148321648011e-01 2.015747239745758179e+02
2.188992828214597897e-01 2.144010733836201439e+02
2.234550323798925042e-01 2.280435729325183161e+02
2.281055965661834550e-01 2.425549400524358248e+02
2.328529486700275375e-01 2.579957697345278120e+02
2.376991030493841028e-01 2.744195487691242761e+02
2.426461159851931171e-01 2.918888508293690620e+02
2.476960865538796186e-01 3.104702329722495051e+02
2.528511575180167337e-01 3.302344892172369555e+02
2.581135162355253088e-01 3.512569202675115889e+02
2.634853955877961562e-01 3.736218733111730899e+02
2.689690749271278492e-01 3.974133875725678422e+02
2.745668810438831597e-01 4.227198991916749264e+02
2.802811891537738131e-01 4.496378802538215496e+02
2.861144239056928607e-01 4.782699459991061985e+02
2.920690604105219967e-01 5.087252460065475361e+02
2.981476252913505820e-01 5.411261053641235321e+02
3.043526977555517377e-01 5.755911546265369907e+02
3.106869106891708698e-01 6.122513292190444645e+02
3.171529517740905302e-01 6.512464396255422798e+02
3.237535646284456226e-01 6.927252010476368014e+02
3.304915499707733462e-01 7.368512020431871861e+02
3.373697668083914247e-01 7.837893760715636517e+02
3.443911336505087739e-01 8.337175597179052602e+02
3.515586297465838617e-01 8.868262196482152149e+02
3.588752963504552862e-01 9.433191069413560399e+02
3.663442380107827523e-01 1.003416349397035560e+03
3.739686238883428437e-01 1.067342284099272320e+03
3.817516891007428637e-01 1.135340830464665260e+03
3.896967360951185122e-01 1.207671447597502492e+03
3.978071360494027653e-01 1.284616570004417099e+03
4.060863303027552607e-01 1.366464471040225590e+03
4.145378318157649788e-01 1.453527219105402764e+03
4.231652266610403390e-01 1.546137511427726622e+03
4.319721755448220901e-01 1.644654721137373372e+03
4.409624153602658136e-01 1.749449277161461168e+03
4.501397607730483474e-01 1.860921161156665676e+03
4.595081058399779206e-01 1.979498924093341202e+03
4.690714256612865118e-01 2.105636137229674659e+03
4.788337780673142530e-01 2.239811039270079164e+03
4.887993053402931998e-01 2.382536584652410056e+03
4.989722359719687139e-01 2.534362890453292039e+03
5.093568864577977529e-01 2.695864274186514194e+03
5.199576631284887895e-01 2.867657276790093874e+03
5.307790640196620169e-01 3.050404403488509615e+03
5.418256807804173736e-01 3.244797535285195863e+03
5.531022006216277376e-01 3.451579047018365145e+03
5.646134083047763541e-01 3.671544612340134336e+03
5.763641881721900395e-01 3.905528355796672258e+03
5.883595262195214781e-01 4.154425387177864650e+03
6.006045122113689017e-01 4.419189492295347009e+03
6.131043418409223289e-01 4.700827177950599435e+03
6.258643189345570734e-01 5.000418073302270386e+03
6.388898577023131020e-01 5.319104845374849901e+03
6.521864850352057097e-01 5.658103166845679880e+03
6.657598428503537225e-01 6.018712359924942575e+03
6.796156904849094404e-01 6.402304341811440281e+03
6.937599071398169448e-01 6.810349122320218157e+03
7.081984943744236149e-01 7.244401760485072373e+03
7.229375786530161108e-01 7.706121891504832092e+03
7.379834139443505192e-01 8.197272929226091946e+03
7.533423843752851123e-01 8.719729969287203858e+03
7.690210069396433701e-01 9.275490402999177604e+03
7.850259342634492432e-01 9.866674732726716684e+03
8.013639574277185984e-01 1.049554367920482582e+04
8.180420088499924525e-01 1.116449672176705826e+04
8.350671652258471189e-01 1.187609139890105507e+04
8.524466505316175002e-01 1.263304390999033058e+04
8.701878390896189419e-01 1.343824671869933627e+04
8.882982586971583938e-01 1.429477526263094114e+04
9.067855938206671462e-01 1.520590021913866076e+04
9.256576888563147198e-01 1.617510422526469483e+04
9.449225514584753682e-01 1.720608603634312749e+04
9.645883559374751615e-01 1.830278739702889288e+04
9.846634467280448444e-01 1.946939465079526781e+04
1.005156341929967390e+00 2.071036433311440851e+04
1.026075736922404058e+00 2.203043870353278908e+04
1.047430508053451392e+00 2.343465739185975326e+04
1.069229716406479680e+00 2.492838544587300566e+04
1.091482611644857048e+00 2.651732955652271266e+04
1.114198635936694659e+00 2.820755720079879757e+04
1.137387427961266795e+00 3.000552497078715169e+04
1.161058826998822235e+00 3.191810301505065581e+04
1.185222877105502892e+00 3.395259460757119086e+04
1.209889831375160485e+00 3.611677124982162786e+04
1.235070156289862053e+00 3.841889982730190968e+04
1.260774536160947035e+00 4.086777569567187311e+04
1.287013877662505523e+00 4.347275133568749879e+04
1.313799314459207501e+00 inf
1.341142211930455019e+00 inf
1.369054171992841074e+00 inf
1.397547038022987298e+00 inf
1.426632899882822825e+00 inf
1.456324099049463694e+00 inf
1.486633233851841318e+00 inf
1.517573164816328868e+00 inf
1.549157020123613560e+00 inf
1.581398201179137208e+00 inf
1.614310388299477594e+00 inf
1.647907546517062949e+00 inf
1.682203931505708239e+00 inf
1.717214095629459480e+00 inf
1.752952894117343119e+00 inf
1.789435491366608399e+00 inf
1.826677367377168348e+00 inf
1.864694324319941865e+00 inf
1.903502493241907789e+00 inf
1.943118340910698461e+00 inf
1.983558676801640885e+00 inf
2.024840660230225353e+00 inf
2.066981807632997992e+00 inf
2.109999999999999876e+00 inf
