# k [Mpc^-1], sensitivity [mK^2], z=10.0, 129.1 MHz
3.500000000000000333e-02 2.817779829517997117e-02
3.572842282756675397e-02 2.907985365697729127e-02
3.647200564986839699e-02 3.001078650122459071e-02
3.723106397794004319e-02 3.097152128226016154e-02
3.800591988925806214e-02 3.196301204896290910e-02
3.879690216440116746e-02 3.298624339216162105e-02
3.960434642655615706e-02 3.404223142237408628e-02
4.042859528392659524e-02 3.513202477884617286e-02
4.126999847510574859e-02 3.625670567089360474e-02
4.212891301747467149e-02 3.741739095257975989e-02
4.300570335868902916e-02 3.861523323179767708e-02
4.390074153131857948e-02 3.985142201485659952e-02
4.481440731070487210e-02 4.112718488771023584e-02
4.574708837610465956e-02 4.244378873500000843e-02
4.669918047518661214e-02 4.380254099812303653e-02
4.767108759195193973e-02 4.520479097357493065e-02
4.866322211814942678e-02 4.665193115285626996e-02
4.967600502825834929e-02 4.814539860527370513e-02
5.070986605811275694e-02 4.968667640500815802e-02
5.176524388724366293e-02 5.127729510386841438e-02
5.284258632501594166e-02 5.291883425119139894e-02
5.394235050063903719e-02 5.461292396239914027e-02
5.506500305713256382e-02 5.636124653777008914e-02
5.621102034932823344e-02 5.816553813303191461e-02
5.738088864599311806e-02 6.002759048343520032e-02
5.857510433615904094e-02 6.194925268301942900e-02
5.979417413974657397e-02 6.393243302083934099e-02
6.103861532257209149e-02 6.597910087597336215e-02
6.230895591583001519e-02 6.809128867319809431e-02
6.360573494014265528e-02 7.027109390126856647e-02
6.492950263427293978e-02 7.252068119581049632e-02
6.628082068859754428e-02 7.484228448889201912e-02
6.766026248343849636e-02 7.723820922740907979e-02
6.906841333235554103e-02 8.009556786623994729e-02
7.050587073050135212e-02 8.313677714109621308e-02
7.197324460814619185e-02 8.629346039409974134e-02
7.347115758947816988e-02 8.957000214417820683e-02
7.500024525679045706e-02 9.297095338937920450e-02
7.656115642016625422e-02 9.650103792804184955e-02
7.815455339277647961e-02 1.001651589199814701e-01
7.978111227190747001e-02 1.039684056968022685e-01
8.144152322583671222e-02 1.079160608307938307e-01
8.313649078667982584e-02 1.120136074722342251e-01
8.486673414933156023e-02 1.162667369652864158e-01
8.663298747662909194e-02 1.206813567530705539e-01
8.843600021086570062e-02 1.252635985828881027e-01
9.027653739178835568e-02 1.300198270229978581e-01
9.215537998121303698e-02 1.349566483027708763e-01
9.407332519439604024e-02 1.400809194885040965e-01
9.603118683830201563e-02 1.453997580076376583e-01
9.802979565691193053e-02 1.509205515346046800e-01
1.000699996837176586e-01 1.566509682520436930e-01
1.021526646015524509e-01 1.625714632764471423e-01
1.042786741099108044e-01 1.685570180515007233e-01
1.064489302999123421e-01 1.747629489321949892e-01
1.086643540370700461e-01 1.811973697241440473e-01
1.109258853520242866e-01 1.878686929669892147e-01
1.132344838394090808e-01 1.947856409331858996e-01
1.155911290650195183e-01 2.019572570317439419e-01
1.179968209814531294e-01 2.093929176318304608e-01
1.204525803524016392e-01 2.171023443216939242e-01
1.229594491857733396e-01 2.250956166189379271e-01
1.255184911758291388e-01 2.333831851487607745e-01
1.281307921545208894e-01 2.419758853073916138e-01
1.307974605522227440e-01 2.508849514285877991e-01
1.335196278680513826e-01 2.601220314717126447e-01
1.362984491499744655e-01 2.694444931411526523e-01
1.391351034849112878e-01 2.779507232414984985e-01
1.420307944990333859e-01 2.867254908416334014e-01
1.449867508684773432e-01 2.957772735383233931e-01
1.480042268406868700e-01 3.051148165618949304e-01
1.510845027666047613e-01 3.147471412252929035e-01
1.542288856439409939e-01 3.246835536398745559e-01
1.574387096717475842e-01 3.349336537063544728e-01
1.607153368165349372e-01 3.455073443895902985e-01
1.640601573901705190e-01 3.564148412861688486e-01
1.674745906398046880e-01 3.676666824940356681e-01
1.709600853500741757e-01 3.788203108271412378e-01
1.745181204578385992e-01 3.894580823374294010e-01
1.781502056797110434e-01 4.003945764332570434e-01
1.818578821526486422e-01 4.116381816368840374e-01
1.856427230878753554e-01 4.231975220312850228e-01
1.895063344384143311e-01 4.350814638750032382e-01
1.934503555805126840e-01 4.472991224027582646e-01
1.974764600092484834e-01 4.598598688170239535e-01
2.015863560486145234e-01 4.727733374759387486e-01
2.057817875763805759e-01 4.854571413146770431e-01
2.100645347640413829e-01 4.978784981435701029e-01
2.144364148321648011e-01 5.106176793329266772e-01
2.188992828214597897e-01 5.236828170317134878e-01
2.234550323798925042e-01 5.370822514656060642e-01
2.281055965661834550e-01 5.508245362610320051e-01
2.328529486700275375e-01 5.649184439054411033e-01
2.376991030493841028e-01 5.793348077128209761e-01
2.426461159851931171e-01 5.920287264016546036e-01
2.476960865538796186e-01 6.050007840345555943e-01
2.528511575180167337e-01 6.182570749685230016e-01
2.581135162355253088e-01 6.318038270952082147e-01
2.634853955877961562e-01 6.456474047668193661e-01
2.689690749271278492e-01 6.597943117861352347e-01
2.745668810438831597e-01 6.729729297499140728e-01
2.802811891537738131e-01 6.852870161739260668e-01
2.861144239056928607e-01 6.978264262591948874e-01
2.920690604105219967e-01 7.105952829873674048e-01
2.981476252913505820e-01 7.235977847825784126e-01
3.043526977555517377e-01 7.368382068919008265e-01
3.106869106891708698e-01 7.489218101520057624e-01
3.171529517740905302e-01 7.608869257787368445e-01
3.237535646284456226e-01 7.730432015373006616e-01
3.304915499707733462e-01 7.853936914889485532e-01
3.373697668083914247e-01 7.979414984880037753e-01
3.443911336505087739e-01 8.098151602938470361e-01
3.515586297465838617e-01 8.214903287428106937e-01
3.588752963504552862e-01 8.333338190076589047e-01
3.663442380107827523e-01 8.453480577971652643e-01
3.739686238883428437e-01 8.574501776596266112e-01
3.817516891007428637e-01 8.686693008549400963e-01
3.896967360951185122e-01 8.800352182647173116e-01
3.978071360494027653e-01 8.915498505864167811e-01
4.060863303027552607e-01 9.032151436484501250e-01
4.145378318157649788e-01 9.142230440174985429e-01
4.231652266610403390e-01 9.252222136182007839e-01
4.319721755448220901e-01 9.363537160590085229e-01
4.409624153602658136e-01 9.476191434583464135e-01
4.501397607730483474e-01 9.583755569055294465e-01
4.595081058399779206e-01 9.692308965767471030e-01
4.690714256612865118e-01 9.802091926386281573e-01
4.788337780673142530e-01 9.910908455717281074e-01
4.887993053402931998e-01 1.001709545281787239e+00
4.989722359719687139e-01 1.012442015373276050e+00
5.093568864577977529e-01 1.023280978951034426e+00
5.199576631284887895e-01 1.033780653063198551e+00
5.307790640196620169e-01 1.044388062156007768e+00
5.418256807804173736e-01 1.055104311675776785e+00
5.531022006216277376e-01 1.065618496053747810e+00
5.646134083047763541e-01 1.076196646915540622e+00
5.763641881721900395e-01 1.086879804659317328e+00
5.883595262195214781e-01 1.097404678711882520e+00
6.006045122113689017e-01 1.108015092260054679e+00
6.131043418409223289e-01 1.118689707889186202e+00
6.258643189345570734e-01 1.129274263491095276e+00
6.388898577023131020e-01 1.139958965555870618e+00
6.521864850352057097e-01 1.150640496639215637e+00
6.657598428503537225e-01 1.161333358485772571e+00
6.796156904849094404e-01 1.172117144330556471e+00
6.937599071398169448e-01 1.182846693569395535e+00
7.081984943744236149e-01 1.193674461000354015e+00
7.229375786530161108e-01 1.204508656956925661e+00
7.379834139443505192e-01 1.215397917808304307e+00
7.533423843752851123e-01 1.226337895904456632e+00
7.690210069396433701e-01 1.237311268203221903e+00
7.850259342634492432e-01 1.248357944087621796e+00
8.013639574277185984e-01 1.259434403002154035e+00
8.180420088499924525e-01 1.270593591292389135e+00
8.350671652258471189e-01 1.281789334201118846e+00
8.524466505316175002e-01 1.293069634451048833e+00
8.701878390896189419e-01 1.304398595169284913e+00
8.882982586971583938e-01 1.315809662273776937e+00
9.067855938206671462e-01 1.327282977245126006e+00
9.256576888563147198e-01 1.338833765191209446e+00
9.449225514584753682e-01 1.350460711561982441e+00
9.645883559374751615e-01 1.362159711319129940e+00
9.846634467280448444e-01 1.373948092845058033e+00
1.005156341929967390e+00 1.385804074058414770e+00
1.026075736922404058e+00 1.397751293535147266e+00
1.047430508053451392e+00 1.409782345713723961e+00
1.069229716406479680e+00 1.421896628181428035e+00
1.091482611644857048e+00 1.434103916581179750e+00
1.114198635936694659e+00 1.446398984291122680e+00
1.137387427961266795e+00 1.458786147633734043e+00
1.161058826998822235e+00 1.471270578105266624e+00
1.185222877105502892e+00 1.483851750818562909e+00
1.209889831375160485e+00 1.496530935324725808e+00
1.235070156289862053e+00 1.509313197157272413e+00
1.260774536160947035e+00 1.522199933518536330e+00
1.287013877662505523e+00 1.535192618803299824e+00
1.313799314459207501e+00 1.548293979156173839e+00
1.341142211930455019e+00 1.561506716963401598e+00
1.369054171992841074e+00 inf
1.397547038022987298e+00 inf
1.426632899882822825e+00 inf
1.456324099049463694e+00 inf
1.486633233851841318e+00 inf
1.517573164816328868e+00 inf
1.549157020123613560e+00 inf
1.581398201179137208e+00 inf
1.614310388299477594e+00 inf
1.647907546517062949e+00 inf
1.682203931505708239e+00 inf
1.717214095629459480e+00 inf
1.752952894117343119e+00 inf
1.789435491366608399e+00 inf
1.826677367377168348e+00 inf
1.864694324319941865e+00 inf
1.903502493241907789e+00 inf
1.943118340910698461e+00 inf
1.983558676801640885e+00 inf
2.024840660230225353e+00 inf
2.066981807632997992e+00 inf
2.109999999999999876e+00 inf
