# k [Mpc^-1], sensitivity [mK^2], z=14.0, 94.7 MHz
3.500000000000000333e-02 2.239616731351916357e-02
3.572842282756675397e-02 2.300863053070270614e-02
3.647200564986839699e-02 2.363784264903313892e-02
3.723106397794004319e-02 2.428426169714258120e-02
3.800591988925806214e-02 2.494835822927472108e-02
3.879690216440116746e-02 2.563061566781982270e-02
3.960434642655615706e-02 2.633153065521736183e-02
4.042859528392659524e-02 2.705161341548171366e-02
4.126999847510574859e-02 2.779138812561484512e-02
4.212891301747467149e-02 2.855139329717542099e-02
4.300570335868902916e-02 2.933218216828306982e-02
4.390074153131857948e-02 3.013432310634243591e-02
4.481440731070487210e-02 3.095840002178045988e-02
4.574708837610465956e-02 3.180501279309824042e-02
4.669918047518661214e-02 3.267477770354638295e-02
4.767108759195193973e-02 3.356832788974238591e-02
4.866322211814942678e-02 3.448631380255581802e-02
4.967600502825834929e-02 3.542940368059781242e-02
5.070986605811275694e-02 3.639828403665832518e-02
5.176524388724366293e-02 3.739366015744643307e-02
5.284258632501594166e-02 3.841625661699661631e-02
5.394235050063903719e-02 3.946681780411506746e-02
5.506500305713256382e-02 4.054610846425022591e-02
5.621102034932823344e-02 4.165491425618129961e-02
5.738088864599311806e-02 4.279404232393090729e-02
5.857510433615904094e-02 4.405036869462581467e-02
5.979417413974657397e-02 4.550316899479582566e-02
6.103861532257209149e-02 4.700388328013137967e-02
6.230895591583001519e-02 4.855409177468275606e-02
6.360573494014265528e-02 5.015542681897595251e-02
6.492950263427293978e-02 5.180957458883671957e-02
6.628082068859754428e-02 5.351827687090242314e-02
6.766026248343849636e-02 5.528333289669025430e-02
6.906841333235554103e-02 5.710660123715496916e-02
7.050587073050135212e-02 5.899000175972873156e-02
7.197324460814619185e-02 6.093551764990600556e-02
7.347115758947816988e-02 6.294519749950046317e-02
7.500024525679045706e-02 6.502115746377397365e-02
7.656115642016625422e-02 6.716558348970859404e-02
7.815455339277647961e-02 6.938073361776743442e-02
7.978111227190747001e-02 7.166894035956943021e-02
8.144152322583671222e-02 7.403261315398008968e-02
8.313649078667982584e-02 7.647424090420576470e-02
8.486673414933156023e-02 7.899639459856186430e-02
8.663298747662909194e-02 8.160173001767587198e-02
8.843600021086570062e-02 8.371202632860914872e-02
9.027653739178835568e-02 8.558919784675723952e-02
9.215537998121303698e-02 8.750846335143386279e-02
9.407332519439604024e-02 8.947076676474977064e-02
9.603118683830201563e-02 9.147707317547230932e-02
9.802979565691193053e-02 9.352836931366957651e-02
1.000699996837176586e-01 9.562566403599864762e-02
1.021526646015524509e-01 9.776998882187508400e-02
1.042786741099108044e-01 9.996239828076977640e-02
1.064489302999123421e-01 1.022039706708805784e-01
1.086643540370700461e-01 1.044958084294351774e-01
1.109258853520242866e-01 1.068390387148853704e-01
1.132344838394090808e-01 1.092348139612595720e-01
1.155911290650195183e-01 1.116843124449464625e-01
1.179968209814531294e-01 1.146893608101392931e-01
1.204525803524016392e-01 1.179888580092894323e-01
1.229594491857733396e-01 1.213832784139601273e-01
1.255184911758291388e-01 1.248753528690051962e-01
1.281307921545208894e-01 1.284678907829294725e-01
1.307974605522227440e-01 1.321637823880863760e-01
1.335196278680513826e-01 1.359660010658979568e-01
1.362984491499744655e-01 1.398776057389699290e-01
1.391351034849112878e-01 1.439017433320252393e-01
1.420307944990333859e-01 1.480416513036360571e-01
1.449867508684773432e-01 1.523006602507913643e-01
1.480042268406868700e-01 1.562565793628763189e-01
1.510845027666047613e-01 1.602524533282559949e-01
1.542288856439409939e-01 1.643505118468385484e-01
1.574387096717475842e-01 1.685533680348041963e-01
1.607153368165349372e-01 1.728637018322900787e-01
1.640601573901705190e-01 1.772842617122468156e-01
1.674745906398046880e-01 1.818178664329952177e-01
1.709600853500741757e-01 1.864674068355998138e-01
1.745181204578385992e-01 1.912077949217488859e-01
1.781502056797110434e-01 1.948441825398769534e-01
1.818578821526486422e-01 1.985497269353983518e-01
1.856427230878753554e-01 2.023257433311005382e-01
1.895063344384143311e-01 2.061735719626627550e-01
1.934503555805126840e-01 2.100945785543505140e-01
1.974764600092484834e-01 2.140901548037577595e-01
2.015863560486145234e-01 2.181617188757670189e-01
2.057817875763805759e-01 2.228060149151736280e-01
2.100645347640413829e-01 2.279822240005237866e-01
2.144364148321648011e-01 2.332786863048252890e-01
2.188992828214597897e-01 2.386981955399297139e-01
2.234550323798925042e-01 2.442436103209484621e-01
2.281055965661834550e-01 2.499178556740793977e-01
2.328529486700275375e-01 2.556885096254330469e-01
2.376991030493841028e-01 2.609902757328201317e-01
2.426461159851931171e-01 2.664019753053386563e-01
2.476960865538796186e-01 2.719258878412749714e-01
2.528511575180167337e-01 2.775643401048905612e-01
2.581135162355253088e-01 2.833197071064938455e-01
2.634853955877961562e-01 2.890121981705749410e-01
2.689690749271278492e-01 2.944563951845072247e-01
2.745668810438831597e-01 3.000031459360122388e-01
2.802811891537738131e-01 3.056543822561871293e-01
2.861144239056928607e-01 3.114120723665274593e-01
2.920690604105219967e-01 3.173466636416580888e-01
2.981476252913505820e-01 3.236365393066520935e-01
3.043526977555517377e-01 3.300510815915093099e-01
3.106869106891708698e-01 3.365927614140881152e-01
3.171529517740905302e-01 3.432640986663436089e-01
3.237535646284456226e-01 3.498022872148469631e-01
3.304915499707733462e-01 3.562822884510069010e-01
3.373697668083914247e-01 3.628823301144463165e-01
3.443911336505087739e-01 3.696046359245221957e-01
3.515586297465838617e-01 3.763864074231975665e-01
3.588752963504552862e-01 3.831810067026445443e-01
3.663442380107827523e-01 3.900982633853819492e-01
3.739686238883428437e-01 3.971403917062690803e-01
3.817516891007428637e-01 4.042757802154871571e-01
3.896967360951185122e-01 4.115029999549941198e-01
3.978071360494027653e-01 4.188594203731450527e-01
4.060863303027552607e-01 4.263473511845967123e-01
4.145378318157649788e-01 4.337427485327984278e-01
4.231652266610403390e-01 4.412376352315184325e-01
4.319721755448220901e-01 4.488620303239039822e-01
4.409624153602658136e-01 4.565630084540835965e-01
4.501397607730483474e-01 4.643482102169422809e-01
4.595081058399779206e-01 4.722661633533599690e-01
4.690714256612865118e-01 4.802341949277624811e-01
4.788337780673142530e-01 4.882104675393360016e-01
4.887993053402931998e-01 4.963192191068979686e-01
4.989722359719687139e-01 5.044735978206714710e-01
5.093568864577977529e-01 5.126570340105818246e-01
5.199576631284887895e-01 5.209732197203154058e-01
5.307790640196620169e-01 5.293021894066591848e-01
5.418256807804173736e-01 5.377081195359558752e-01
5.531022006216277376e-01 5.462370178879549787e-01
5.646134083047763541e-01 5.547432410617053611e-01
5.763641881721900395e-01 5.633819265738038151e-01
5.883595262195214781e-01 5.720571807091451300e-01
6.006045122113689017e-01 5.807919873090354734e-01
6.131043418409223289e-01 5.896243949226107617e-01
6.258643189345570734e-01 5.984499810005426967e-01
6.388898577023131020e-01 6.074076697701031868e-01
6.521864850352057097e-01 6.163287025640703520e-01
6.657598428503537225e-01 6.253709102485091043e-01
6.796156904849094404e-01 6.344020193293727905e-01
6.937599071398169448e-01 6.435243638225661700e-01
7.081984943744236149e-01 6.526467556598763986e-01
7.229375786530161108e-01 6.618472742185985691e-01
7.379834139443505192e-01 6.710459086221469693e-01
7.533423843752851123e-01 6.803255776975615232e-01
7.690210069396433701e-01 6.895886738196267407e-01
7.850259342634492432e-01 6.989484595119928034e-01
8.013639574277185984e-01 7.082675162131624180e-01
8.180420088499924525e-01 7.176723903539707905e-01
8.350671652258471189e-01 7.270777761368721892e-01
8.524466505316175002e-01 7.365229742837389182e-01
8.701878390896189419e-01 7.460173609838909314e-01
8.882982586971583938e-01 7.554995284929774124e-01
9.067855938206671462e-01 7.650419528129768221e-01
9.256576888563147198e-01 7.746013295521319009e-01
9.449225514584753682e-01 7.841731387588235513e-01
9.645883559374751615e-01 7.937926104627651691e-01
9.846634467280448444e-01 8.034284947229015650e-01
1.005156341929967390e+00 8.130739040745177393e-01
1.026075736922404058e+00 8.227585515652753312e-01
1.047430508053451392e+00 8.324775193578581867e-01
1.069229716406479680e+00 8.421924250291731306e-01
1.091482611644857048e+00 8.519366616573720297e-01
1.114198635936694659e+00 8.617113944009107129e-01
1.137387427961266795e+00 8.715138544878450189e-01
1.161058826998822235e+00 8.813337150002031883e-01
1.185222877105502892e+00 inf
1.209889831375160485e+00 inf
1.235070156289862053e+00 inf
1.260774536160947035e+00 inf
1.287013877662505523e+00 inf
1.313799314459207501e+00 inf
1.341142211930455019e+00 inf
1.369054171992841074e+00 inf
1.397547038022987298e+00 inf
1.426632899882822825e+00 inf
1.456324099049463694e+00 inf
1.486633233851841318e+00 inf
1.517573164816328868e+00 inf
1.549157020123613560e+00 inf
1.581398201179137208e+00 inf
1.614310388299477594e+00 inf
1.647907546517062949e+00 inf
1.682203931505708239e+00 inf
1.717214095629459480e+00 inf
1.752952894117343119e+00 inf
1.789435491366608399e+00 inf
1.826677367377168348e+00 inf
1.864694324319941865e+00 inf
1.903502493241907789e+00 inf
1.943118340910698461e+00 inf
1.983558676801640885e+00 inf
2.024840660230225353e+00 inf
2.066981807632997992e+00 inf
2.109999999999999876e+00 inf
