# k [Mpc^-1], sensitivity [mK^2], z=9.0, 142.0 MHz
3.500000000000000333e-02 inf
3.572842282756675397e-02 inf
3.647200564986839699e-02 inf
3.723106397794004319e-02 inf
3.800591988925806214e-02 inf
3.879690216440116746e-02 inf
3.960434642655615706e-02 inf
4.042859528392659524e-02 inf
4.126999847510574859e-02 inf
4.212891301747467149e-02 inf
4.300570335868902916e-02 inf
4.390074153131857948e-02 inf
4.481440731070487210e-02 inf
4.574708837610465956e-02 inf
4.669918047518661214e-02 inf
4.767108759195193973e-02 inf
4.866322211814942678e-02 inf
4.967600502825834929e-02 inf
5.070986605811275694e-02 inf
5.176524388724366293e-02 inf
5.284258632501594166e-02 inf
5.394235050063903719e-02 inf
5.506500305713256382e-02 inf
5.621102034932823344e-02 inf
5.738088864599311806e-02 inf
5.857510433615904094e-02 inf
5.979417413974657397e-02 inf
6.103861532257209149e-02 inf
6.230895591583001519e-02 inf
6.360573494014265528e-02 inf
6.492950263427293978e-02 inf
6.628082068859754428e-02 inf
6.766026248343849636e-02 inf
6.906841333235554103e-02 inf
7.050587073050135212e-02 inf
7.197324460814619185e-02 inf
7.347115758947816988e-02 inf
7.500024525679045706e-02 inf
7.656115642016625422e-02 inf
7.815455339277647961e-02 inf
7.978111227190747001e-02 inf
8.144152322583671222e-02 inf
8.313649078667982584e-02 inf
8.486673414933156023e-02 inf
8.663298747662909194e-02 inf
8.843600021086570062e-02 inf
9.027653739178835568e-02 inf
9.215537998121303698e-02 inf
9.407332519439604024e-02 inf
9.603118683830201563e-02 inf
9.802979565691193053e-02 inf
1.000699996837176586e-01 inf
1.021526646015524509e-01 inf
1.042786741099108044e-01 inf
1.064489302999123421e-01 inf
1.086643540370700461e-01 7.025755463495775288e-01
1.109258853520242866e-01 6.969680863573606278e-01
1.132344838394090808e-01 6.914053811359689439e-01
1.155911290650195183e-01 6.858870734845460282e-01
1.179968209814531294e-01 6.804128090531595952e-01
1.204525803524016392e-01 6.749822363200472797e-01
1.229594491857733396e-01 6.695950065690440267e-01
1.255184911758291388e-01 6.642507738671903361e-01
1.281307921545208894e-01 6.589491950425181432e-01
1.307974605522227440e-01 6.536899296620148903e-01
1.335196278680513826e-01 6.484726400097630128e-01
1.362984491499744655e-01 6.432969910652539536e-01
1.391351034849112878e-01 6.381626504818754819e-01
1.420307944990333859e-01 6.330692885655703206e-01
1.449867508684773432e-01 6.296550551075105195e-01
1.480042268406868700e-01 6.265088625381435294e-01
1.510845027666047613e-01 6.233783905249815627e-01
1.542288856439409939e-01 6.202635605172421851e-01
1.574387096717475842e-01 6.171642943566374440e-01
1.607153368165349372e-01 6.140805142754119927e-01
1.640601573901705190e-01 6.110121428943922073e-01
1.674745906398046880e-01 6.079591032210442947e-01
1.709600853500741757e-01 6.049213186475423942e-01
1.745181204578385992e-01 6.018987129488466703e-01
1.781502056797110434e-01 5.992798379368179384e-01
1.818578821526486422e-01 6.076620580703878671e-01
1.856427230878753554e-01 6.161615216183357058e-01
1.895063344384143311e-01 6.247798684825011106e-01
1.934503555805126840e-01 6.335187615022848107e-01
1.974764600092484834e-01 6.423798867754808573e-01
2.015863560486145234e-01 6.513649539835945079e-01
2.057817875763805759e-01 6.604756967217120245e-01
2.100645347640413829e-01 6.697138728329831148e-01
2.144364148321648011e-01 6.796861184060778438e-01
2.188992828214597897e-01 6.925521716116458393e-01
2.234550323798925042e-01 7.056617715376864997e-01
2.281055965661834550e-01 7.190195283784918123e-01
2.328529486700275375e-01 7.326301395965852947e-01
2.376991030493841028e-01 7.464983915746561394e-01
2.426461159851931171e-01 7.606291612987662321e-01
2.476960865538796186e-01 7.750274180734171292e-01
2.528511575180167337e-01 7.880020128077632746e-01
2.581135162355253088e-01 8.004540909838321339e-01
2.634853955877961562e-01 8.131029380112273497e-01
2.689690749271278492e-01 8.259516632489094512e-01
2.745668810438831597e-01 8.390034251902063200e-01
2.802811891537738131e-01 8.522614322392401132e-01
2.861144239056928607e-01 8.652793151485687062e-01
2.920690604105219967e-01 8.768500334555348052e-01
2.981476252913505820e-01 8.885754781263411894e-01
3.043526977555517377e-01 9.004577181982794665e-01
3.106869106891708698e-01 9.124988503762938574e-01
3.171529517740905302e-01 9.247009994029600222e-01
3.237535646284456226e-01 9.362171340581555423e-01
3.304915499707733462e-01 9.470138143343079795e-01
3.373697668083914247e-01 9.579350045139269909e-01
3.443911336505087739e-01 9.689821404750479372e-01
3.515586297465838617e-01 9.801566746545954389e-01
3.588752963504552862e-01 9.910046553172477957e-01
3.663442380107827523e-01 1.001234170540507229e+00
3.739686238883428437e-01 1.011569278589331100e+00
3.817516891007428637e-01 1.022011069431775221e+00
3.896967360951185122e-01 1.032560644286945495e+00
3.978071360494027653e-01 1.042614189222232923e+00
4.060863303027552607e-01 1.052569459674966179e+00
4.145378318157649788e-01 1.062619786775509612e+00
4.231652266610403390e-01 1.072766078160309888e+00
4.319721755448220901e-01 1.082707695444989016e+00
4.409624153602658136e-01 1.092474509713117214e+00
4.501397607730483474e-01 1.102329427780035287e+00
4.595081058399779206e-01 1.112273244406363659e+00
4.690714256612865118e-01 1.121992077505802765e+00
4.788337780673142530e-01 1.131622545514704647e+00
4.887993053402931998e-01 1.141335675349772316e+00
4.989722359719687139e-01 1.151114988962687269e+00
5.093568864577977529e-01 1.160642297891466113e+00
5.199576631284887895e-01 1.170248460467616880e+00
5.307790640196620169e-01 1.179934129330594494e+00
5.418256807804173736e-01 1.189530716022008772e+00
5.531022006216277376e-01 1.199132119545332831e+00
5.646134083047763541e-01 1.208811021655600282e+00
5.763641881721900395e-01 1.218471975924505957e+00
5.883595262195214781e-01 1.228136040530303896e+00
6.006045122113689017e-01 1.237876753714444833e+00
6.131043418409223289e-01 1.247616272281928618e+00
6.258643189345570734e-01 1.257384643408973268e+00
6.388898577023131020e-01 1.267229497246764591e+00
6.521864850352057097e-01 1.277071838611810506e+00
6.657598428503537225e-01 1.286976296131305153e+00
6.796156904849094404e-01 1.296942125524366274e+00
6.937599071398169448e-01 1.306931098299962457e+00
7.081984943744236149e-01 1.316997005562570378e+00
7.229375786530161108e-01 1.327105220085983195e+00
7.379834139443505192e-01 1.337278121362722949e+00
7.533423843752851123e-01 1.347518192979616725e+00
7.690210069396433701e-01 1.357817714313717561e+00
7.850259342634492432e-01 1.368194378460531713e+00
8.013639574277185984e-01 1.378636977047371648e+00
8.180420088499924525e-01 1.389159277661176750e+00
8.350671652258471189e-01 1.399759206917045917e+00
8.524466505316175002e-01 1.410439871564208358e+00
8.701878390896189419e-01 1.421208194906913747e+00
8.882982586971583938e-01 1.432059560014526944e+00
9.067855938206671462e-01 1.443006562407900040e+00
9.256576888563147198e-01 1.454038670254346854e+00
9.449225514584753682e-01 1.465174919642862505e+00
9.645883559374751615e-01 1.476400536571274236e+00
9.846634467280448444e-01 1.487732699437270156e+00
1.005156341929967390e+00 1.499163122807266157e+00
1.026075736922404058e+00 1.510698513412897404e+00
1.047430508053451392e+00 1.522344624197600638e+00
1.069229716406479680e+00 1.534091916397261501e+00
1.091482611644857048e+00 1.545962778660142867e+00
1.114198635936694659e+00 1.557942897732899290e+00
1.137387427961266795e+00 1.570036656529477659e+00
1.161058826998822235e+00 1.582262487713179011e+00
1.185222877105502892e+00 1.594605913393558172e+00
1.209889831375160485e+00 1.607071653319715576e+00
1.235070156289862053e+00 1.619681293808914679e+00
1.260774536160947035e+00 1.632419567232620272e+00
1.287013877662505523e+00 1.645290373911318493e+00
1.313799314459207501e+00 1.658305024851070675e+00
1.341142211930455019e+00 1.671470227839908063e+00
1.369054171992841074e+00 1.684779448503957777e+00
1.397547038022987298e+00 1.698236516883210756e+00
1.426632899882822825e+00 inf
1.456324099049463694e+00 inf
1.486633233851841318e+00 inf
1.517573164816328868e+00 inf
1.549157020123613560e+00 inf
1.581398201179137208e+00 inf
1.614310388299477594e+00 inf
1.647907546517062949e+00 inf
1.682203931505708239e+00 inf
1.717214095629459480e+00 inf
1.752952894117343119e+00 inf
1.789435491366608399e+00 inf
1.826677367377168348e+00 inf
1.864694324319941865e+00 inf
1.903502493241907789e+00 inf
1.943118340910698461e+00 inf
1.983558676801640885e+00 inf
2.024840660230225353e+00 inf
2.066981807632997992e+00 inf
2.109999999999999876e+00 inf
