# k [Mpc^-1], sensitivity [mK^2], z=12.0, 109.3 MHz
3.500000000000000333e-02 inf
3.572842282756675397e-02 inf
3.647200564986839699e-02 inf
3.723106397794004319e-02 inf
3.800591988925806214e-02 inf
3.879690216440116746e-02 inf
3.960434642655615706e-02 inf
4.042859528392659524e-02 inf
4.126999847510574859e-02 inf
4.212891301747467149e-02 inf
4.300570335868902916e-02 inf
4.390074153131857948e-02 inf
4.481440731070487210e-02 inf
4.574708837610465956e-02 inf
4.669918047518661214e-02 inf
4.767108759195193973e-02 inf
4.866322211814942678e-02 inf
4.967600502825834929e-02 inf
5.070986605811275694e-02 inf
5.176524388724366293e-02 inf
5.284258632501594166e-02 inf
5.394235050063903719e-02 inf
5.506500305713256382e-02 inf
5.621102034932823344e-02 inf
5.738088864599311806e-02 inf
5.857510433615904094e-02 inf
5.979417413974657397e-02 inf
6.103861532257209149e-02 inf
6.230895591583001519e-02 inf
6.360573494014265528e-02 inf
6.492950263427293978e-02 inf
6.628082068859754428e-02 inf
6.766026248343849636e-02 inf
6.906841333235554103e-02 inf
7.050587073050135212e-02 inf
7.197324460814619185e-02 inf
7.347115758947816988e-02 inf
7.500024525679045706e-02 inf
7.656115642016625422e-02 inf
7.815455339277647961e-02 inf
7.978111227190747001e-02 inf
8.144152322583671222e-02 inf
8.313649078667982584e-02 inf
8.486673414933156023e-02 inf
8.663298747662909194e-02 inf
8.843600021086570062e-02 inf
9.027653739178835568e-02 inf
9.215537998121303698e-02 inf
9.407332519439604024e-02 4.265034644573022504e-01
9.603118683830201563e-02 4.133802565561008890e-01
9.802979565691193053e-02 4.006608404173822024e-01
1.000699996837176586e-01 3.883327916561420401e-01
1.021526646015524509e-01 3.763840681768568786e-01
1.042786741099108044e-01 3.648029984107064028e-01
1.064489302999123421e-01 3.535782699147327346e-01
1.086643540370700461e-01 3.426989183217922785e-01
1.109258853520242866e-01 3.321543166305111483e-01
1.132344838394090808e-01 3.219341648247804333e-01
1.155911290650195183e-01 3.120284798126526371e-01
1.179968209814531294e-01 3.024275856748109836e-01
1.204525803524016392e-01 2.931221042130859322e-01
1.229594491857733396e-01 2.841029457897876753e-01
1.255184911758291388e-01 2.763577996940723147e-01
1.281307921545208894e-01 2.720797074907828628e-01
1.307974605522227440e-01 2.678678412920429408e-01
1.335196278680513826e-01 2.637211759016973023e-01
1.362984491499744655e-01 2.596387019938997676e-01
1.391351034849112878e-01 2.556194258674364672e-01
1.420307944990333859e-01 2.516623692038525983e-01
1.449867508684773432e-01 2.477665688293229085e-01
1.480042268406868700e-01 2.439310764802091747e-01
1.510845027666047613e-01 2.401549585722463354e-01
1.542288856439409939e-01 2.364372959733018476e-01
1.574387096717475842e-01 2.351121347814349172e-01
1.607153368165349372e-01 2.373539091817556956e-01
1.640601573901705190e-01 2.396170587121463080e-01
1.674745906398046880e-01 2.419017871826712740e-01
1.709600853500741757e-01 2.442083003467071523e-01
1.745181204578385992e-01 2.465368059194715245e-01
1.781502056797110434e-01 2.488875135967290320e-01
1.818578821526486422e-01 2.512606350736758531e-01
1.856427230878753554e-01 2.536563840640039813e-01
1.895063344384143311e-01 2.583098017673141622e-01
1.934503555805126840e-01 2.649516879576654382e-01
1.974764600092484834e-01 2.717643561000129826e-01
2.015863560486145234e-01 2.787521974883794829e-01
2.057817875763805759e-01 2.859197163295573163e-01
2.100645347640413829e-01 2.932715326464196415e-01
2.144364148321648011e-01 3.008123852558844957e-01
2.188992828214597897e-01 3.084947424072041477e-01
2.234550323798925042e-01 3.155747937921883906e-01
2.281055965661834550e-01 3.228173345837110908e-01
2.328529486700275375e-01 3.302260939647686522e-01
2.376991030493841028e-01 3.378048867042801606e-01
2.426461159851931171e-01 3.455576151213113900e-01
2.476960865538796186e-01 3.534882710943784145e-01
2.528511575180167337e-01 3.617928431493643293e-01
2.581135162355253088e-01 3.704345907252116210e-01
2.634853955877961562e-01 3.792827542171798849e-01
2.689690749271278492e-01 3.883422640551451033e-01
2.745668810438831597e-01 3.976181684367366964e-01
2.802811891537738131e-01 4.071156361403266422e-01
2.861144239056928607e-01 4.163967765926039344e-01
2.920690604105219967e-01 4.258171802142404760e-01
2.981476252913505820e-01 4.354507074943279044e-01
3.043526977555517377e-01 4.453021800621312365e-01
3.106869106891708698e-01 4.553765286296374004e-01
3.171529517740905302e-01 4.650357852898179822e-01
3.237535646284456226e-01 4.746781613442829229e-01
3.304915499707733462e-01 4.845204691436086342e-01
3.373697668083914247e-01 4.945668542119250888e-01
3.443911336505087739e-01 5.047692490945510091e-01
3.515586297465838617e-01 5.147919852978275479e-01
3.588752963504552862e-01 5.250137337055532649e-01
3.663442380107827523e-01 5.354384459190393297e-01
3.739686238883428437e-01 5.460701520028891087e-01
3.817516891007428637e-01 5.563785358223254374e-01
3.896967360951185122e-01 5.668184429757543441e-01
3.978071360494027653e-01 5.774542449280566370e-01
4.060863303027552607e-01 5.882824533583832505e-01
4.145378318157649788e-01 5.986118217250004925e-01
4.231652266610403390e-01 6.091225584976347474e-01
4.319721755448220901e-01 6.198178482368060793e-01
4.409624153602658136e-01 6.304815947844359947e-01
4.501397607730483474e-01 6.410112349984288249e-01
4.595081058399779206e-01 6.517167301841663152e-01
4.690714256612865118e-01 6.625632141156694299e-01
4.788337780673142530e-01 6.730200840626653358e-01
4.887993053402931998e-01 6.836419890233152996e-01
4.989722359719687139e-01 6.944315336542584705e-01
5.093568864577977529e-01 7.048915799932826687e-01
5.199576631284887895e-01 7.154709866897221993e-01
5.307790640196620169e-01 7.262091750331917117e-01
5.418256807804173736e-01 7.366460717510999734e-01
5.531022006216277376e-01 7.472266886814228348e-01
5.646134083047763541e-01 7.578727537346194865e-01
5.763641881721900395e-01 7.683442142719426604e-01
5.883595262195214781e-01 7.789603580496172741e-01
6.006045122113689017e-01 7.895050849117857261e-01
6.131043418409223289e-01 8.000371216472486058e-01
6.258643189345570734e-01 8.106772067920265945e-01
6.388898577023131020e-01 8.211525476274262880e-01
6.521864850352057097e-01 8.317632478447084532e-01
6.657598428503537225e-01 8.422877400663620895e-01
6.796156904849094404e-01 8.528610549113223582e-01
6.937599071398169448e-01 8.634366140541668289e-01
7.081984943744236149e-01 8.739943015616934430e-01
7.229375786530161108e-01 8.846032554606926279e-01
7.379834139443505192e-01 8.951672039484971366e-01
7.533423843752851123e-01 9.058021636804489685e-01
7.690210069396433701e-01 9.163922074526725803e-01
7.850259342634492432e-01 9.270525998727711103e-01
8.013639574277185984e-01 9.376861772898898995e-01
8.180420088499924525e-01 9.483756726670597992e-01
8.350671652258471189e-01 9.590682017870884035e-01
8.524466505316175002e-01 9.697931659095356816e-01
8.701878390896189419e-01 9.805583118728083969e-01
8.882982586971583938e-01 9.913259948824569845e-01
9.067855938206671462e-01 1.002166764354244677e+00
9.256576888563147198e-01 1.012991936412024119e+00
9.449225514584753682e-01 1.023879748757095198e+00
9.645883559374751615e-01 1.034806501154901470e+00
9.846634467280448444e-01 1.045748619133651580e+00
1.005156341929967390e+00 1.056751977662912845e+00
1.026075736922404058e+00 1.067787427219815344e+00
1.047430508053451392e+00 1.078852695883915302e+00
1.069229716406479680e+00 1.089974722057082568e+00
1.091482611644857048e+00 1.101142914187499322e+00
1.114198635936694659e+00 1.112335443370546351e+00
1.137387427961266795e+00 1.123583580799274673e+00
1.161058826998822235e+00 1.134885152463851021e+00
1.185222877105502892e+00 1.146233587754950545e+00
1.209889831375160485e+00 1.157618464341985565e+00
1.235070156289862053e+00 1.169058433939332176e+00
1.260774536160947035e+00 inf
1.287013877662505523e+00 inf
1.313799314459207501e+00 inf
1.341142211930455019e+00 inf
1.369054171992841074e+00 inf
1.397547038022987298e+00 inf
1.426632899882822825e+00 inf
1.456324099049463694e+00 inf
1.486633233851841318e+00 inf
1.517573164816328868e+00 inf
1.549157020123613560e+00 inf
1.581398201179137208e+00 inf
1.614310388299477594e+00 inf
1.647907546517062949e+00 inf
1.682203931505708239e+00 inf
1.717214095629459480e+00 inf
1.752952894117343119e+00 inf
1.789435491366608399e+00 inf
1.826677367377168348e+00 inf
1.864694324319941865e+00 inf
1.903502493241907789e+00 inf
1.943118340910698461e+00 inf
1.983558676801640885e+00 inf
2.024840660230225353e+00 inf
2.066981807632997992e+00 inf
2.109999999999999876e+00 inf
