# k [Mpc^-1], sensitivity [mK^2], z=8.0, 157.8 MHz
3.500000000000000333e-02 inf
3.572842282756675397e-02 inf
3.647200564986839699e-02 inf
3.723106397794004319e-02 inf
3.800591988925806214e-02 2.312594133578432520e-01
3.879690216440116746e-02 2.334157009457656640e-01
3.960434642655615706e-02 2.355920939905614131e-01
4.042859528392659524e-02 2.377887799576680894e-01
4.126999847510574859e-02 2.400059480604710971e-01
4.212891301747467149e-02 2.422437892766015899e-01
4.300570335868902916e-02 2.445024963643868399e-01
4.390074153131857948e-02 2.467822638794535117e-01
4.481440731070487210e-02 2.490832881914855079e-01
4.574708837610465956e-02 2.514057675011390769e-01
4.669918047518661214e-02 2.537499018571143239e-01
4.767108759195193973e-02 2.561158931733872324e-01
4.866322211814942678e-02 2.585039452466011412e-01
4.967600502825834929e-02 2.609142637736213688e-01
5.070986605811275694e-02 2.633470563692525412e-01
5.176524388724366293e-02 2.658025325841222863e-01
5.284258632501594166e-02 2.682809039227307957e-01
5.394235050063903719e-02 2.707823838616686962e-01
5.506500305713256382e-02 2.733071878680053413e-01
5.621102034932823344e-02 2.758555334178484086e-01
5.738088864599311806e-02 2.784276400150756392e-01
5.857510433615904094e-02 2.810237292102429896e-01
5.979417413974657397e-02 2.836440246196673676e-01
6.103861532257209149e-02 2.862887519446880580e-01
6.230895591583001519e-02 2.889581389911080600e-01
6.360573494014265528e-02 2.916524156888162245e-01
6.492950263427293978e-02 2.943718141115920228e-01
6.628082068859754428e-02 2.971165684970960563e-01
6.766026248343849636e-02 2.998869152670459171e-01
6.906841333235554103e-02 3.026830930475805093e-01
7.050587073050135212e-02 3.055053426898146629e-01
7.197324460814619185e-02 3.083539072905849276e-01
7.347115758947816988e-02 3.112290322133884346e-01
7.500024525679045706e-02 3.141309651095183231e-01
7.656115642016625422e-02 3.202524353988638883e-01
7.815455339277647961e-02 3.266901373335632797e-01
7.978111227190747001e-02 3.332572497008435830e-01
8.144152322583671222e-02 3.399563739041605026e-01
8.313649078667982584e-02 3.467901636402806465e-01
8.486673414933156023e-02 3.537613259504788221e-01
8.663298747662909194e-02 3.608726222928683169e-01
8.843600021086570062e-02 3.681268696362846593e-01
9.027653739178835568e-02 3.755269415761613994e-01
9.215537998121303698e-02 3.830757694728351703e-01
9.407332519439604024e-02 3.907763436127328904e-01
9.603118683830201563e-02 3.986317143929026252e-01
9.802979565691193053e-02 4.066449935293547924e-01
1.000699996837176586e-01 4.148193552896934366e-01
1.021526646015524509e-01 4.231580377505252955e-01
1.042786741099108044e-01 4.316643440801471443e-01
1.064489302999123421e-01 4.403416438470153516e-01
1.086643540370700461e-01 4.491933743545195035e-01
1.109258853520242866e-01 4.582230420025880657e-01
1.132344838394090808e-01 4.665217549112313788e-01
1.155911290650195183e-01 4.723227883380101688e-01
1.179968209814531294e-01 4.781959555687634311e-01
1.204525803524016392e-01 4.841421535618936622e-01
1.229594491857733396e-01 4.901622904291649263e-01
1.255184911758291388e-01 4.962572855743905276e-01
1.281307921545208894e-01 5.024280698338454698e-01
1.307974605522227440e-01 5.086755856184258517e-01
1.335196278680513826e-01 5.150007870575746827e-01
1.362984491499744655e-01 5.214046401449977663e-01
1.391351034849112878e-01 5.278881228861921349e-01
1.420307944990333859e-01 5.344522254478080159e-01
1.449867508684773432e-01 5.410979503088682030e-01
1.480042268406868700e-01 5.478263124138690321e-01
1.510845027666047613e-01 5.528055492427000894e-01
1.542288856439409939e-01 5.533883089493126795e-01
1.574387096717475842e-01 5.539716829928764685e-01
1.607153368165349372e-01 5.545556720210164103e-01
1.640601573901705190e-01 5.551402766820406898e-01
1.674745906398046880e-01 5.557254976249406120e-01
1.709600853500741757e-01 5.563113354993916015e-01
1.745181204578385992e-01 5.568977909557542016e-01
1.781502056797110434e-01 5.574848646450744072e-01
1.818578821526486422e-01 5.580725572190846639e-01
1.856427230878753554e-01 5.586608693302040907e-01
1.895063344384143311e-01 5.581582887869197540e-01
1.934503555805126840e-01 5.563775908722060626e-01
1.974764600092484834e-01 5.546025739356791329e-01
2.015863560486145234e-01 5.528332198532583952e-01
2.057817875763805759e-01 5.510695105586840281e-01
2.100645347640413829e-01 5.493114280433336605e-01
2.144364148321648011e-01 5.475589543560376304e-01
2.188992828214597897e-01 5.458120716028964647e-01
2.234550323798925042e-01 5.440707619470974699e-01
2.281055965661834550e-01 5.403744278203846951e-01
2.328529486700275375e-01 5.354544437091435238e-01
2.376991030493841028e-01 5.305792549146469694e-01
2.426461159851931171e-01 5.257484535859024977e-01
2.476960865538796186e-01 5.209616355853068370e-01
2.528511575180167337e-01 5.162184004548356908e-01
2.581135162355253088e-01 5.115183513825425354e-01
2.634853955877961562e-01 5.068594598168942866e-01
2.689690749271278492e-01 5.022316549222006765e-01
2.745668810438831597e-01 4.976461035116406251e-01
2.802811891537738131e-01 4.931024197960632849e-01
2.861144239056928607e-01 4.886002215087079659e-01
2.920690604105219967e-01 4.841391298730438608e-01
2.981476252913505820e-01 4.797187695709029809e-01
3.043526977555517377e-01 4.741912199670234029e-01
3.106869106891708698e-01 4.680970559618347626e-01
3.171529517740905302e-01 4.620812123332332377e-01
3.237535646284456226e-01 4.561426825311188371e-01
3.304915499707733462e-01 4.502804729412731022e-01
3.373697668083914247e-01 4.444936027191106476e-01
3.443911336505087739e-01 4.462670884799327387e-01
3.515586297465838617e-01 4.486685693582237455e-01
3.588752963504552862e-01 4.510829732383620505e-01
3.663442380107827523e-01 4.535103696624281922e-01
3.739686238883428437e-01 4.559508285467269162e-01
3.817516891007428637e-01 4.655119062360904003e-01
3.896967360951185122e-01 4.769989820037937034e-01
3.978071360494027653e-01 4.887695154187138291e-01
4.060863303027552607e-01 5.008305011450615574e-01
4.145378318157649788e-01 5.124125422089381710e-01
4.231652266610403390e-01 5.207136517453750946e-01
4.319721755448220901e-01 5.291492396832164768e-01
4.409624153602658136e-01 5.377214845794815457e-01
4.501397607730483474e-01 5.464326002839241525e-01
4.595081058399779206e-01 5.542762328896737589e-01
4.690714256612865118e-01 5.621878043661627800e-01
4.788337780673142530e-01 5.702123032234658329e-01
4.887993053402931998e-01 5.781180751755264913e-01
4.989722359719687139e-01 5.831067029678549396e-01
5.093568864577977529e-01 5.881383780342942513e-01
5.199576631284887895e-01 5.932134718332661150e-01
5.307790640196620169e-01 5.988180006861333338e-01
5.418256807804173736e-01 6.050187674411818817e-01
5.531022006216277376e-01 6.112837432018156658e-01
5.646134083047763541e-01 6.179284824206910942e-01
5.763641881721900395e-01 6.268755927098152991e-01
5.883595262195214781e-01 6.359522500012267932e-01
6.006045122113689017e-01 6.451603300319248557e-01
6.131043418409223289e-01 6.484142391256493276e-01
6.258643189345570734e-01 6.516351794471333392e-01
6.388898577023131020e-01 6.549738284370344443e-01
6.521864850352057097e-01 6.603256451547810935e-01
6.657598428503537225e-01 6.657211917758261155e-01
6.796156904849094404e-01 6.708488613614250751e-01
6.937599071398169448e-01 6.751833889222332852e-01
7.081984943744236149e-01 6.795459229838457516e-01
7.229375786530161108e-01 6.832593784893925548e-01
7.379834139443505192e-01 6.866252645010175737e-01
7.533423843752851123e-01 6.909516599527535385e-01
7.690210069396433701e-01 7.003534582059278701e-01
7.850259342634492432e-01 7.098831869866869537e-01
8.013639574277185984e-01 7.170676515540389540e-01
8.180420088499924525e-01 7.236629552034201662e-01
8.350671652258471189e-01 7.290237786313981116e-01
8.524466505316175002e-01 7.332779352321993072e-01
8.701878390896189419e-01 7.380248938373369372e-01
8.882982586971583938e-01 7.435920443328122298e-01
9.067855938206671462e-01 7.487363501659606291e-01
9.256576888563147198e-01 7.528643196263234971e-01
9.449225514584753682e-01 7.581241725437969370e-01
9.645883559374751615e-01 7.657359017661226064e-01
9.846634467280448444e-01 7.698862910984083374e-01
1.005156341929967390e+00 7.692110214621150632e-01
1.026075736922404058e+00 7.745627207119076818e-01
1.047430508053451392e+00 7.842023894908966009e-01
1.069229716406479680e+00 7.892548535246404207e-01
1.091482611644857048e+00 7.934360450960302735e-01
1.114198635936694659e+00 7.983996004401470170e-01
1.137387427961266795e+00 8.034217841237564217e-01
1.161058826998822235e+00 8.085062686287693978e-01
1.185222877105502892e+00 8.160286827446149305e-01
1.209889831375160485e+00 8.236615776088527241e-01
1.235070156289862053e+00 8.308168578145183059e-01
1.260774536160947035e+00 8.423490243880306094e-01
1.287013877662505523e+00 8.511374026153545325e-01
1.313799314459207501e+00 8.544133196985699286e-01
1.341142211930455019e+00 8.620587242382335980e-01
1.369054171992841074e+00 8.688068627235527863e-01
1.397547038022987298e+00 8.757065293725785349e-01
1.426632899882822825e+00 8.843872306545018658e-01
1.456324099049463694e+00 8.859067249219759743e-01
1.486633233851841318e+00 8.929916543880364044e-01
1.517573164816328868e+00 1.012340065664174116e+00
1.549157020123613560e+00 inf
1.581398201179137208e+00 inf
1.614310388299477594e+00 inf
1.647907546517062949e+00 inf
1.682203931505708239e+00 inf
1.717214095629459480e+00 inf
1.752952894117343119e+00 inf
1.789435491366608399e+00 inf
1.826677367377168348e+00 inf
1.864694324319941865e+00 inf
1.903502493241907789e+00 inf
1.943118340910698461e+00 inf
1.983558676801640885e+00 inf
2.024840660230225353e+00 inf
2.066981807632997992e+00 inf
2.109999999999999876e+00 inf
