# k [Mpc^-1], sensitivity [mK^2], z=5.5, 218.5 MHz
3.500000000000000333e-02 inf
3.572842282756675397e-02 inf
3.647200564986839699e-02 inf
3.723106397794004319e-02 inf
3.800591988925806214e-02 inf
3.879690216440116746e-02 inf
3.960434642655615706e-02 inf
4.042859528392659524e-02 inf
4.126999847510574859e-02 inf
4.212891301747467149e-02 inf
4.300570335868902916e-02 inf
4.390074153131857948e-02 inf
4.481440731070487210e-02 1.903872848409901564e-01
4.574708837610465956e-02 1.928162035584462808e-01
4.669918047518661214e-02 1.952761098817234753e-01
4.767108759195193973e-02 1.977673991438182732e-01
4.866322211814942678e-02 2.002904717212974917e-01
4.967600502825834929e-02 2.028457330986435936e-01
5.070986605811275694e-02 2.054335939334198669e-01
5.176524388724366293e-02 2.080544701222677706e-01
5.284258632501594166e-02 2.107087828677457753e-01
5.394235050063903719e-02 2.133969587460209372e-01
5.506500305713256382e-02 2.161194297754246152e-01
5.621102034932823344e-02 2.188766334858818774e-01
5.738088864599311806e-02 2.216690129892276706e-01
5.857510433615904094e-02 2.244970170504191898e-01
5.979417413974657397e-02 2.273611001596575476e-01
6.103861532257209149e-02 2.302617226054287092e-01
6.230895591583001519e-02 2.331993505484770135e-01
6.360573494014265528e-02 2.361744560967224682e-01
6.492950263427293978e-02 2.391875173811325306e-01
6.628082068859754428e-02 2.422390186325638628e-01
6.766026248343849636e-02 2.453294502595826099e-01
6.906841333235554103e-02 2.484593089272787991e-01
7.050587073050135212e-02 2.516290976370851862e-01
7.197324460814619185e-02 2.548393258076154244e-01
7.347115758947816988e-02 2.580905093565324382e-01
7.500024525679045706e-02 2.613831707834624041e-01
7.656115642016625422e-02 2.647178392539656921e-01
7.815455339277647961e-02 2.680950506845792836e-01
7.978111227190747001e-02 2.715153478289447642e-01
8.144152322583671222e-02 2.749792803650335515e-01
8.313649078667982584e-02 2.784874049834873411e-01
8.486673414933156023e-02 2.820402854770828194e-01
8.663298747662909194e-02 2.856384928313402405e-01
8.843600021086570062e-02 2.892826053162860234e-01
9.027653739178835568e-02 2.891742346719929913e-01
9.215537998121303698e-02 2.888152578437653828e-01
9.407332519439604024e-02 2.884567266443240907e-01
9.603118683830201563e-02 2.880986405204717382e-01
9.802979565691193053e-02 2.877409989196976214e-01
1.000699996837176586e-01 2.873838012901772099e-01
1.021526646015524509e-01 2.870270470807707586e-01
1.042786741099108044e-01 2.866707357410227530e-01
1.064489302999123421e-01 2.863148667211611320e-01
1.086643540370700461e-01 2.859594394720961219e-01
1.109258853520242866e-01 2.856044534454195705e-01
1.132344838394090808e-01 2.852499080934044473e-01
1.155911290650195183e-01 2.848958028690032895e-01
1.179968209814531294e-01 2.845421372258477577e-01
1.204525803524016392e-01 2.841889106182481362e-01
1.229594491857733396e-01 2.838361225011916678e-01
1.255184911758291388e-01 2.834837723303423318e-01
1.281307921545208894e-01 2.831318595620400669e-01
1.307974605522227440e-01 2.827803836532993276e-01
1.335196278680513826e-01 2.815878559558525618e-01
1.362984491499744655e-01 2.779465463977373041e-01
1.391351034849112878e-01 2.743523238677646470e-01
1.420307944990333859e-01 2.708045794673546447e-01
1.449867508684773432e-01 2.673027121718046240e-01
1.480042268406868700e-01 2.638461287284691870e-01
1.510845027666047613e-01 2.604342435562573277e-01
1.542288856439409939e-01 2.570664786464289531e-01
1.574387096717475842e-01 2.537422634646739339e-01
1.607153368165349372e-01 2.504610348544579757e-01
1.640601573901705190e-01 2.472222369416177123e-01
1.674745906398046880e-01 2.440253210401901462e-01
1.709600853500741757e-01 2.408697455594595305e-01
1.745181204578385992e-01 2.377549759122061512e-01
1.781502056797110434e-01 2.342578618266355495e-01
1.818578821526486422e-01 2.297822225341939473e-01
1.856427230878753554e-01 2.253920930595226246e-01
1.895063344384143311e-01 2.210858396854121499e-01
1.934503555805126840e-01 2.168618599078166731e-01
1.974764600092484834e-01 2.127185818395071204e-01
2.015863560486145234e-01 2.086544636251185525e-01
2.057817875763805759e-01 2.046679928673729443e-01
2.100645347640413829e-01 2.007576860642643624e-01
2.144364148321648011e-01 1.969220880569973464e-01
2.188992828214597897e-01 1.931597714884726036e-01
2.234550323798925042e-01 1.892370662911604107e-01
2.281055965661834550e-01 1.851209901857198969e-01
2.328529486700275375e-01 1.810944424313462031e-01
2.376991030493841028e-01 1.771554757060173346e-01
2.426461159851931171e-01 1.733021850437135580e-01
2.476960865538796186e-01 1.695327069131366826e-01
2.528511575180167337e-01 1.658452183164673133e-01
2.581135162355253088e-01 1.622379359077257277e-01
2.634853955877961562e-01 1.587091151303082759e-01
2.689690749271278492e-01 1.546570262514987970e-01
2.745668810438831597e-01 1.503247036540311388e-01
2.802811891537738131e-01 1.461137400374222239e-01
2.861144239056928607e-01 1.420207358389885821e-01
2.920690604105219967e-01 1.380423867261348914e-01
2.981476252913505820e-01 1.341754809287255545e-01
3.043526977555517377e-01 1.304168966461832779e-01
3.106869106891708698e-01 1.267768775701500206e-01
3.171529517740905302e-01 1.233336728339721050e-01
3.237535646284456226e-01 1.199839840376285410e-01
3.304915499707733462e-01 1.167252713289545496e-01
3.373697668083914247e-01 1.135550638370629861e-01
3.443911336505087739e-01 1.104709577988431113e-01
3.515586297465838617e-01 1.074706147363425068e-01
3.588752963504552862e-01 1.045519418120235272e-01
3.663442380107827523e-01 1.017126348686214626e-01
3.739686238883428437e-01 9.895043470849991529e-02
3.817516891007428637e-01 9.626324735022373513e-02
3.896967360951185122e-01 9.364903567840877907e-02
3.978071360494027653e-01 9.110581789941545050e-02
4.060863303027552607e-01 8.809459582680634337e-02
4.145378318157649788e-01 8.513714612523079484e-02
4.231652266610403390e-01 8.227898184128223935e-02
4.319721755448220901e-01 7.951676983487451777e-02
4.409624153602658136e-01 7.684728886375181978e-02
4.501397607730483474e-01 7.431157481593038405e-02
4.595081058399779206e-01 7.186995486834517333e-02
4.690714256612865118e-01 6.950855806208378063e-02
4.788337780673142530e-01 6.722474854367903319e-02
4.887993053402931998e-01 6.497689831791285398e-02
4.989722359719687139e-01 6.262859422854044622e-02
5.093568864577977529e-01 6.036515925786890141e-02
5.199576631284887895e-01 5.818352618502967838e-02
5.307790640196620169e-01 5.608073864035630074e-02
5.418256807804173736e-01 5.496943960420083708e-02
5.531022006216277376e-01 5.392521266122386747e-02
5.646134083047763541e-01 5.290082237505639579e-02
5.763641881721900395e-01 5.197466451091141415e-02
5.883595262195214781e-01 5.215938015061654526e-02
6.006045122113689017e-01 5.234475226146723809e-02
6.131043418409223289e-01 5.253078317653269574e-02
6.258643189345570734e-01 5.236731463823492833e-02
6.388898577023131020e-01 5.181192949666527103e-02
6.521864850352057097e-01 5.126243453024797309e-02
6.657598428503537225e-01 5.066088086801741330e-02
6.796156904849094404e-01 4.964719183302606503e-02
6.937599071398169448e-01 4.865378601147384713e-02
7.081984943744236149e-01 4.768025755034946411e-02
7.229375786530161108e-01 4.665789046618212116e-02
7.379834139443505192e-01 4.565652458331179858e-02
7.533423843752851123e-01 4.465858041841370973e-02
7.690210069396433701e-01 4.329324798146271663e-02
7.850259342634492432e-01 4.196965741462775623e-02
8.013639574277185984e-01 4.062229281187871438e-02
8.180420088499924525e-01 3.914916390140600611e-02
8.350671652258471189e-01 3.772945661331487260e-02
8.524466505316175002e-01 3.599683389459129579e-02
8.701878390896189419e-01 3.415270644435710462e-02
8.882982586971583938e-01 3.240279778503078051e-02
9.067855938206671462e-01 3.074120819310472222e-02
9.256576888563147198e-01 2.916482358842428443e-02
9.449225514584753682e-01 2.725688327796737739e-02
9.645883559374751615e-01 2.536905726281533935e-02
9.846634467280448444e-01 2.330405384050933393e-02
1.005156341929967390e+00 2.115573932294778289e-02
1.026075736922404058e+00 1.900825070626694160e-02
1.047430508053451392e+00 1.677908104553434837e-02
1.069229716406479680e+00 1.459002779866518280e-02
1.091482611644857048e+00 1.225307749569409625e-02
1.114198635936694659e+00 9.881307768872920824e-03
1.137387427961266795e+00 7.311489005952498052e-03
1.161058826998822235e+00 7.165376598485677428e-11
1.185222877105502892e+00 6.328842787128626093e-30
1.209889831375160485e+00 4.892593583108424138e-38
1.235070156289862053e+00 2.334506497419741942e-38
1.260774536160947035e+00 2.044524416105993423e-38
1.287013877662505523e+00 2.048079801297586105e-38
1.313799314459207501e+00 2.048079801297586105e-38
1.341142211930455019e+00 2.046565011275067175e-38
1.369054171992841074e+00 2.043339985048581788e-38
1.397547038022987298e+00 2.046843890961973488e-38
1.426632899882822825e+00 2.049026786368729879e-38
1.456324099049463694e+00 2.046726711697008491e-38
1.486633233851841318e+00 2.054400120801892203e-38
1.517573164816328868e+00 2.061192377217502953e-38
1.549157020123613560e+00 2.063684834247208246e-38
1.581398201179137208e+00 2.075242153892802416e-38
1.614310388299477594e+00 2.083927145338852669e-38
1.647907546517062949e+00 2.084767204237304146e-38
1.682203931505708239e+00 2.070883642569401100e-38
1.717214095629459480e+00 2.067997784337303950e-38
1.752952894117343119e+00 2.080044918389138725e-38
1.789435491366608399e+00 2.206727845384934266e-38
1.826677367377168348e+00 2.741711491975033719e-38
1.864694324319941865e+00 inf
1.903502493241907789e+00 inf
1.943118340910698461e+00 inf
1.983558676801640885e+00 inf
2.024840660230225353e+00 inf
2.066981807632997992e+00 inf
2.109999999999999876e+00 inf
