# k [Mpc^-1], sensitivity [mK^2], z=10.0, 129.1 MHz
3.500000000000000333e-02 2.156047796013437767e-01
3.572842282756675397e-02 2.162489423075263928e-01
3.647200564986839699e-02 2.168950295795410155e-01
3.723106397794004319e-02 2.175430471674156541e-01
3.800591988925806214e-02 2.181930008383578534e-01
3.879690216440116746e-02 2.188448963768056810e-01
3.960434642655615706e-02 2.194987395844794076e-01
4.042859528392659524e-02 2.201545362804332162e-01
4.126999847510574859e-02 2.208122923011067995e-01
4.212891301747467149e-02 2.214720135003773460e-01
4.300570335868902916e-02 2.221337057496118317e-01
4.390074153131857948e-02 2.227973749377189783e-01
4.481440731070487210e-02 2.234630269712017947e-01
4.574708837610465956e-02 2.241306677742103959e-01
4.669918047518661214e-02 2.248003032885941554e-01
4.767108759195193973e-02 2.254719394739551908e-01
4.866322211814942678e-02 2.261455823077009875e-01
4.967600502825834929e-02 2.268212377850977735e-01
5.070986605811275694e-02 2.274989119193237819e-01
5.176524388724366293e-02 2.281786107415229858e-01
5.284258632501594166e-02 2.288603403008584170e-01
5.394235050063903719e-02 2.295441066645664274e-01
5.506500305713256382e-02 2.302299159180102583e-01
5.621102034932823344e-02 2.309177741647344406e-01
5.738088864599311806e-02 2.316076875265191959e-01
5.857510433615904094e-02 2.322996621434346431e-01
5.979417413974657397e-02 2.329937041738956438e-01
6.103861532257209149e-02 2.336898197947166744e-01
6.230895591583001519e-02 2.343880152011664775e-01
6.360573494014265528e-02 2.350882966070236557e-01
6.492950263427293978e-02 2.357906702446315450e-01
6.628082068859754428e-02 2.364951423649539197e-01
6.766026248343849636e-02 2.372017192376305039e-01
6.906841333235554103e-02 2.406467693101687622e-01
7.050587073050135212e-02 2.446877614814417790e-01
7.197324460814619185e-02 2.487966108600860315e-01
7.347115758947816988e-02 2.529744569188835390e-01
7.500024525679045706e-02 2.572224582648880431e-01
7.656115642016625422e-02 2.615417929607314340e-01
7.815455339277647961e-02 2.659336588513256383e-01
7.978111227190747001e-02 2.703992738960516728e-01
8.144152322583671222e-02 2.749398765065254047e-01
8.313649078667982584e-02 2.795567258900367724e-01
8.486673414933156023e-02 2.842511023987539520e-01
8.663298747662909194e-02 2.890243078847939406e-01
8.843600021086570062e-02 2.938776660612533731e-01
9.027653739178835568e-02 2.988125228693032098e-01
9.215537998121303698e-02 3.038302468514476051e-01
9.407332519439604024e-02 3.089322295310495958e-01
9.603118683830201563e-02 3.141198857982310799e-01
9.802979565691193053e-02 3.193946543022525564e-01
1.000699996837176586e-01 3.247579978504816500e-01
1.021526646015524509e-01 3.299680532493324825e-01
1.042786741099108044e-01 3.338895391766205645e-01
1.064489302999123421e-01 3.378576297728349553e-01
1.086643540370700461e-01 3.418728789084230502e-01
1.109258853520242866e-01 3.459358470362733362e-01
1.132344838394090808e-01 3.500471012699435946e-01
1.155911290650195183e-01 3.542072154628191361e-01
1.179968209814531294e-01 3.584167702882123940e-01
1.204525803524016392e-01 3.626763533204134249e-01
1.229594491857733396e-01 3.669865591167045249e-01
1.255184911758291388e-01 3.713479893003490129e-01
1.281307921545208894e-01 3.757612526445663348e-01
1.307974605522227440e-01 3.802269651575057585e-01
1.335196278680513826e-01 3.847457501682290948e-01
1.362984491499744655e-01 3.892166198925462450e-01
1.391351034849112878e-01 3.932904116061814448e-01
1.420307944990333859e-01 3.974068422465168449e-01
1.449867508684773432e-01 4.015663581000092353e-01
1.480042268406868700e-01 4.057694101242370621e-01
1.510845027666047613e-01 4.100164539967909305e-01
1.542288856439409939e-01 4.143079501646764751e-01
1.574387096717475842e-01 4.186443638942340395e-01
1.607153368165349372e-01 4.230261653215813267e-01
1.640601573901705190e-01 4.274538295035828495e-01
1.674745906398046880e-01 4.319278364693544536e-01
1.709600853500741757e-01 4.361856346826096242e-01
1.745181204578385992e-01 4.399993093437024050e-01
1.781502056797110434e-01 4.438463278686554658e-01
1.818578821526486422e-01 4.477269817907945093e-01
1.856427230878753554e-01 4.516415651923904040e-01
1.895063344384143311e-01 4.555903747269451909e-01
1.934503555805126840e-01 4.595737096416729339e-01
1.974764600092484834e-01 4.635918718001773020e-01
2.015863560486145234e-01 4.676451657053270483e-01
2.057817875763805759e-01 4.725219678601462192e-01
2.100645347640413829e-01 4.782410563004738657e-01
2.144364148321648011e-01 4.840293647449770420e-01
2.188992828214597897e-01 4.898877309860815155e-01
2.234550323798925042e-01 4.958170029562898873e-01
2.281055965661834550e-01 5.018180388509099199e-01
2.328529486700275375e-01 5.078917072522688425e-01
2.376991030493841028e-01 5.139257660768236091e-01
2.426461159851931171e-01 5.139435236751582758e-01
2.476960865538796186e-01 5.139612818870685773e-01
2.528511575180167337e-01 5.139790407125756078e-01
2.581135162355253088e-01 5.139968001517007945e-01
2.634853955877961562e-01 5.140145602044650097e-01
2.689690749271278492e-01 5.140323208708895697e-01
2.745668810438831597e-01 5.184287265562055325e-01
2.802811891537738131e-01 5.267197490366178902e-01
2.861144239056928607e-01 5.351433665108056292e-01
2.920690604105219967e-01 5.437016995172687661e-01
2.981476252913505820e-01 5.523969025074281225e-01
3.043526977555517377e-01 5.612311643879812628e-01
3.106869106891708698e-01 5.773952846138448169e-01
3.171529517740905302e-01 5.956863063272473946e-01
3.237535646284456226e-01 6.145567603364018305e-01
3.304915499707733462e-01 6.340250021924973556e-01
3.373697668083914247e-01 6.541099689232162673e-01
3.443911336505087739e-01 6.702966401309502498e-01
3.515586297465838617e-01 6.849276999811315658e-01
3.588752963504552862e-01 6.998781227812712613e-01
3.663442380107827523e-01 7.151548795023625615e-01
3.739686238883428437e-01 7.305900877054127829e-01
3.817516891007428637e-01 7.441786128909342324e-01
3.896967360951185122e-01 7.580198762668918233e-01
3.978071360494027653e-01 7.721185786078025304e-01
4.060863303027552607e-01 7.864795081196896964e-01
4.145378318157649788e-01 7.998445148123476400e-01
4.231652266610403390e-01 8.132128730757257618e-01
4.319721755448220901e-01 8.268046660184049657e-01
4.409624153602658136e-01 8.406236280597461086e-01
4.501397607730483474e-01 8.505067928760629004e-01
4.595081058399779206e-01 8.603566372299771281e-01
4.690714256612865118e-01 8.703205540811468355e-01
4.788337780673142530e-01 8.798108654380962790e-01
4.887993053402931998e-01 8.883826815390324372e-01
4.989722359719687139e-01 8.970380110792254280e-01
5.093568864577977529e-01 9.059693127347825392e-01
5.199576631284887895e-01 9.253142045830131668e-01
5.307790640196620169e-01 9.450721621227190505e-01
5.418256807804173736e-01 9.652520054221020995e-01
5.531022006216277376e-01 9.750170219068966526e-01
5.646134083047763541e-01 9.834707582182926622e-01
5.763641881721900395e-01 9.919977913604279829e-01
5.883595262195214781e-01 1.003194223807326813e+00
6.006045122113689017e-01 1.014678347764836674e+00
6.131043418409223289e-01 1.025843900758584448e+00
6.258643189345570734e-01 1.034870453879253249e+00
6.388898577023131020e-01 1.043976432983914737e+00
6.521864850352057097e-01 1.053469838083363364e+00
6.657598428503537225e-01 1.063311184147920585e+00
6.796156904849094404e-01 1.073180775990962399e+00
6.937599071398169448e-01 1.081978238197568443e+00
7.081984943744236149e-01 1.090847818115382006e+00
7.229375786530161108e-01 1.101904526186374245e+00
7.379834139443505192e-01 1.114062860594366988e+00
7.533423843752851123e-01 1.124509169705455225e+00
7.690210069396433701e-01 1.132539831279825826e+00
7.850259342634492432e-01 1.142432904262398852e+00
8.013639574277185984e-01 1.157419493353022855e+00
8.180420088499924525e-01 1.173330183388526571e+00
8.350671652258471189e-01 1.192393995425915509e+00
8.524466505316175002e-01 1.209173088245649952e+00
8.701878390896189419e-01 1.216867822862469417e+00
8.882982586971583938e-01 1.226764837704787059e+00
9.067855938206671462e-01 1.241470922130828880e+00
9.256576888563147198e-01 1.254888505501066565e+00
9.449225514584753682e-01 1.266868483622407338e+00
9.645883559374751615e-01 1.273419299742058142e+00
9.846634467280448444e-01 1.277964046142654242e+00
1.005156341929967390e+00 1.293052196265145337e+00
1.026075736922404058e+00 1.307814355704033149e+00
1.047430508053451392e+00 1.321870145040309641e+00
1.069229716406479680e+00 1.329721320043328658e+00
1.091482611644857048e+00 1.338307802668108781e+00
1.114198635936694659e+00 1.355263801132648549e+00
1.137387427961266795e+00 1.364017747978265582e+00
1.161058826998822235e+00 1.372808187621807008e+00
1.185222877105502892e+00 1.388835723424592494e+00
1.209889831375160485e+00 1.398824748341587210e+00
1.235070156289862053e+00 1.408069365882742563e+00
1.260774536160947035e+00 1.419666532663899305e+00
1.287013877662505523e+00 1.441463331141416893e+00
1.313799314459207501e+00 1.448506089096912586e+00
1.341142211930455019e+00 1.458273329832338705e+00
1.369054171992841074e+00 1.693896189258552676e+00
1.397547038022987298e+00 inf
1.426632899882822825e+00 inf
1.456324099049463694e+00 inf
1.486633233851841318e+00 inf
1.517573164816328868e+00 inf
1.549157020123613560e+00 inf
1.581398201179137208e+00 inf
1.614310388299477594e+00 inf
1.647907546517062949e+00 inf
1.682203931505708239e+00 inf
1.717214095629459480e+00 inf
1.752952894117343119e+00 inf
1.789435491366608399e+00 inf
1.826677367377168348e+00 inf
1.864694324319941865e+00 inf
1.903502493241907789e+00 inf
1.943118340910698461e+00 inf
1.983558676801640885e+00 inf
2.024840660230225353e+00 inf
2.066981807632997992e+00 inf
2.109999999999999876e+00 inf
