# k [Mpc^-1], sensitivity [mK^2], z=6.5, 189.4 MHz
3.500000000000000333e-02 inf
3.572842282756675397e-02 inf
3.647200564986839699e-02 inf
3.723106397794004319e-02 inf
3.800591988925806214e-02 inf
3.879690216440116746e-02 inf
3.960434642655615706e-02 inf
4.042859528392659524e-02 inf
4.126999847510574859e-02 inf
4.212891301747467149e-02 inf
4.300570335868902916e-02 inf
4.390074153131857948e-02 inf
4.481440731070487210e-02 inf
4.574708837610465956e-02 inf
4.669918047518661214e-02 inf
4.767108759195193973e-02 inf
4.866322211814942678e-02 inf
4.967600502825834929e-02 inf
5.070986605811275694e-02 inf
5.176524388724366293e-02 inf
5.284258632501594166e-02 inf
5.394235050063903719e-02 inf
5.506500305713256382e-02 inf
5.621102034932823344e-02 inf
5.738088864599311806e-02 inf
5.857510433615904094e-02 inf
5.979417413974657397e-02 inf
6.103861532257209149e-02 inf
6.230895591583001519e-02 inf
6.360573494014265528e-02 inf
6.492950263427293978e-02 inf
6.628082068859754428e-02 inf
6.766026248343849636e-02 inf
6.906841333235554103e-02 inf
7.050587073050135212e-02 inf
7.197324460814619185e-02 inf
7.347115758947816988e-02 inf
7.500024525679045706e-02 inf
7.656115642016625422e-02 inf
7.815455339277647961e-02 inf
7.978111227190747001e-02 inf
8.144152322583671222e-02 inf
8.313649078667982584e-02 inf
8.486673414933156023e-02 inf
8.663298747662909194e-02 inf
8.843600021086570062e-02 inf
9.027653739178835568e-02 inf
9.215537998121303698e-02 inf
9.407332519439604024e-02 inf
9.603118683830201563e-02 inf
9.802979565691193053e-02 inf
1.000699996837176586e-01 inf
1.021526646015524509e-01 inf
1.042786741099108044e-01 inf
1.064489302999123421e-01 inf
1.086643540370700461e-01 inf
1.109258853520242866e-01 inf
1.132344838394090808e-01 inf
1.155911290650195183e-01 inf
1.179968209814531294e-01 inf
1.204525803524016392e-01 inf
1.229594491857733396e-01 inf
1.255184911758291388e-01 1.176346764050129577e-02
1.281307921545208894e-01 1.207435162781789022e-02
1.307974605522227440e-01 1.239345163242832823e-02
1.335196278680513826e-01 1.272098478658426415e-02
1.362984491499744655e-01 1.305717396089125376e-02
1.391351034849112878e-01 1.340224791596147068e-02
1.420307944990333859e-01 1.375644145807437477e-02
1.449867508684773432e-01 1.411999559895108815e-02
1.480042268406868700e-01 1.449315771975134663e-02
1.510845027666047613e-01 1.487618173940450511e-02
1.542288856439409939e-01 1.526932828738916843e-02
1.574387096717475842e-01 1.567286488107910714e-02
1.607153368165349372e-01 1.608706610777593457e-02
1.640601573901705190e-01 1.651221381155267703e-02
1.674745906398046880e-01 1.704168119757956332e-02
1.709600853500741757e-01 1.760956924070475327e-02
1.745181204578385992e-01 1.819638128703041091e-02
1.781502056797110434e-01 1.880274795011053005e-02
1.818578821526486422e-01 1.942932085773428283e-02
1.856427230878753554e-01 2.007677335219341247e-02
1.895063344384143311e-01 2.074580121388492140e-02
1.934503555805126840e-01 2.143712340902671418e-02
1.974764600092484834e-01 2.215148286228971891e-02
2.015863560486145234e-01 2.288964725517682319e-02
2.057817875763805759e-01 2.365240985100653878e-02
2.100645347640413829e-01 2.471832824729145589e-02
2.144364148321648011e-01 2.583672723749652275e-02
2.188992828214597897e-01 2.700572901478243137e-02
2.234550323798925042e-01 2.822762313956790614e-02
2.281055965661834550e-01 2.950480276512131364e-02
2.328529486700275375e-01 3.083976932469548529e-02
2.376991030493841028e-01 3.223513743073542354e-02
2.426461159851931171e-01 3.369363999575442081e-02
2.476960865538796186e-01 3.522884274610230820e-02
2.528511575180167337e-01 3.690657434110709845e-02
2.581135162355253088e-01 3.866420590118205269e-02
2.634853955877961562e-01 4.050554256681407339e-02
2.689690749271278492e-01 4.243457069376481428e-02
2.745668810438831597e-01 4.445546648323182165e-02
2.802811891537738131e-01 4.657260502301102667e-02
2.861144239056928607e-01 4.879056975923354300e-02
2.920690604105219967e-01 5.112949974156899557e-02
2.981476252913505820e-01 5.358920306635010095e-02
3.043526977555517377e-01 5.616723613181943964e-02
3.106869106891708698e-01 5.886929146495385734e-02
3.171529517740905302e-01 6.170133544496036321e-02
3.237535646284456226e-01 6.466962147757363000e-02
3.304915499707733462e-01 6.782010761092609197e-02
3.373697668083914247e-01 7.132966996880719945e-02
3.443911336505087739e-01 7.502084554403259942e-02
3.515586297465838617e-01 7.890303247726791758e-02
3.588752963504552862e-01 8.298611524519139415e-02
3.663442380107827523e-01 8.728048982746336448e-02
3.739686238883428437e-01 9.156342004587426919e-02
3.817516891007428637e-01 9.575721043480246719e-02
3.896967360951185122e-01 1.001430849313081906e-01
3.978071360494027653e-01 1.047298413771915876e-01
4.060863303027552607e-01 1.095266805732545840e-01
4.145378318157649788e-01 1.145997832586988369e-01
4.231652266610403390e-01 1.200256450470703062e-01
4.319721755448220901e-01 1.257084006559129330e-01
4.409624153602658136e-01 1.316602130258933967e-01
4.501397607730483474e-01 1.378938209664372083e-01
4.595081058399779206e-01 1.447484852853601345e-01
4.690714256612865118e-01 1.520855401765938697e-01
4.788337780673142530e-01 1.597944979196666837e-01
4.887993053402931998e-01 1.678942096385312999e-01
4.989722359719687139e-01 1.768500696631849500e-01
5.093568864577977529e-01 1.867866340812036896e-01
5.199576631284887895e-01 1.972814980386086436e-01
5.307790640196620169e-01 2.083660303629514821e-01
5.418256807804173736e-01 2.196399655690185748e-01
5.531022006216277376e-01 2.312166564239981070e-01
5.646134083047763541e-01 2.434035266277337906e-01
5.763641881721900395e-01 2.562327372565052497e-01
5.883595262195214781e-01 2.675219508271741709e-01
6.006045122113689017e-01 2.793080035062283639e-01
6.131043418409223289e-01 2.916133071750574568e-01
6.258643189345570734e-01 3.048970990876738174e-01
6.388898577023131020e-01 3.190315685464966133e-01
6.521864850352057097e-01 3.338212860463145581e-01
6.657598428503537225e-01 3.517097626577720959e-01
6.796156904849094404e-01 3.729462654218743678e-01
6.937599071398169448e-01 3.954650443623384803e-01
7.081984943744236149e-01 4.156466714956814079e-01
7.229375786530161108e-01 4.339968596121597799e-01
7.379834139443505192e-01 4.531571814960964062e-01
7.533423843752851123e-01 4.790622099385861699e-01
7.690210069396433701e-01 5.080278316219214441e-01
7.850259342634492432e-01 5.382825005759694914e-01
8.013639574277185984e-01 5.680243003890007580e-01
8.180420088499924525e-01 5.994094281110233791e-01
8.350671652258471189e-01 6.314795302236514418e-01
8.524466505316175002e-01 6.647558363332083387e-01
8.701878390896189419e-01 7.014054403170776331e-01
8.882982586971583938e-01 7.437967418626489913e-01
9.067855938206671462e-01 7.886320681702128077e-01
9.256576888563147198e-01 8.341068433123729475e-01
9.449225514584753682e-01 8.822038237359226542e-01
9.645883559374751615e-01 9.351136754335072077e-01
9.846634467280448444e-01 9.914396915508546515e-01
1.005156341929967390e+00 1.050960199289701302e+00
1.026075736922404058e+00 1.114011836380542686e+00
1.047430508053451392e+00 1.180947376948373817e+00
1.069229716406479680e+00 1.251923504730558134e+00
1.091482611644857048e+00 1.327854800091005316e+00
1.114198635936694659e+00 1.409069919508266988e+00
1.137387427961266795e+00 1.500475053585546226e+00
1.161058826998822235e+00 1.595144867552297674e+00
1.185222877105502892e+00 1.690524047156223508e+00
1.209889831375160485e+00 1.796630474134334410e+00
1.235070156289862053e+00 1.912332267957706611e+00
1.260774536160947035e+00 2.022561361190886586e+00
1.287013877662505523e+00 2.148263867548767969e+00
1.313799314459207501e+00 2.295905028063795594e+00
1.341142211930455019e+00 2.438942580380263347e+00
1.369054171992841074e+00 2.590198209454653622e+00
1.397547038022987298e+00 2.753886369162693359e+00
1.426632899882822825e+00 2.928025479829760247e+00
1.456324099049463694e+00 3.111438040175657171e+00
1.486633233851841318e+00 3.305522703318165778e+00
1.517573164816328868e+00 3.517324419576639105e+00
1.549157020123613560e+00 3.745572644816672625e+00
1.581398201179137208e+00 3.990951384409718639e+00
1.614310388299477594e+00 4.247874474254884625e+00
1.647907546517062949e+00 4.644173175987598157e+00
1.682203931505708239e+00 1.228345866252259633e+01
1.717214095629459480e+00 1.966016042963052541e+02
1.752952894117343119e+00 inf
1.789435491366608399e+00 inf
1.826677367377168348e+00 inf
1.864694324319941865e+00 inf
1.903502493241907789e+00 inf
1.943118340910698461e+00 inf
1.983558676801640885e+00 inf
2.024840660230225353e+00 inf
2.066981807632997992e+00 inf
2.109999999999999876e+00 inf
