# k [Mpc^-1], sensitivity [mK^2], z=9.0, 142.0 MHz
3.500000000000000333e-02 inf
3.572842282756675397e-02 6.954105704396830500e-04
3.647200564986839699e-02 7.189532525100616198e-04
3.723106397794004319e-02 7.432929570914955731e-04
3.800591988925806214e-02 7.684566668736059680e-04
3.879690216440116746e-02 7.944722780277892193e-04
3.960434642655615706e-02 8.213686311325624993e-04
4.042859528392659524e-02 8.491755431458628944e-04
4.126999847510574859e-02 8.779238404597551398e-04
4.212891301747467149e-02 9.076453930741783509e-04
4.300570335868902916e-02 9.383731499276267872e-04
4.390074153131857948e-02 9.701411754239287408e-04
4.481440731070487210e-02 1.002984687195610045e-03
4.574708837610465956e-02 1.036940095145728836e-03
4.669918047518661214e-02 1.072045041811420414e-03
4.767108759195193973e-02 1.108338444093950360e-03
4.866322211814942678e-02 1.145860536401496418e-03
4.967600502825834929e-02 1.184652915252507478e-03
5.070986605811275694e-02 1.224758585389074507e-03
5.176524388724366293e-02 1.266222007451452657e-03
5.284258632501594166e-02 1.309089147266566605e-03
5.394235050063903719e-02 1.353407526805135586e-03
5.506500305713256382e-02 1.399226276863945991e-03
5.621102034932823344e-02 1.446596191531618553e-03
5.738088864599311806e-02 1.495569784498312210e-03
5.857510433615904094e-02 1.546201347271718412e-03
5.979417413974657397e-02 1.598547009363960637e-03
6.103861532257209149e-02 1.652664800516046549e-03
6.230895591583001519e-02 1.708614715028926919e-03
6.360573494014265528e-02 1.766458778272405120e-03
6.492950263427293978e-02 1.826261115445682558e-03
6.628082068859754428e-02 1.888088022665754045e-03
6.766026248343849636e-02 1.952008040462439907e-03
6.906841333235554103e-02 2.018092029761558211e-03
7.050587073050135212e-02 2.086413250440442325e-03
7.197324460814619185e-02 2.172150717800278279e-03
7.347115758947816988e-02 2.276155378796968377e-03
7.500024525679045706e-02 2.385139882776186448e-03
7.656115642016625422e-02 2.499342669399134097e-03
7.815455339277647961e-02 2.619013595046808165e-03
7.978111227190747001e-02 2.744414479463526749e-03
8.144152322583671222e-02 2.875819678574234074e-03
8.313649078667982584e-02 3.013516684728864258e-03
8.486673414933156023e-02 3.157806755686963073e-03
8.663298747662909194e-02 3.309005573718744233e-03
8.843600021086570062e-02 3.467443936264459365e-03
9.027653739178835568e-02 3.633468479663276920e-03
9.215537998121303698e-02 3.807442437534966449e-03
9.407332519439604024e-02 3.989746435473590959e-03
9.603118683830201563e-02 4.180779323791945432e-03
9.802979565691193053e-02 4.380959050138600978e-03
1.000699996837176586e-01 4.590723573896634754e-03
1.021526646015524509e-01 4.810531824364700469e-03
1.042786741099108044e-01 5.040864704816710139e-03
1.064489302999123421e-01 5.282226144636857287e-03
1.086643540370700461e-01 5.558667599700384612e-03
1.109258853520242866e-01 5.854532953920015860e-03
1.132344838394090808e-01 6.166146022183967290e-03
1.155911290650195183e-01 6.494344991505637127e-03
1.179968209814531294e-01 6.840012662197057954e-03
1.204525803524016392e-01 7.204078822454010322e-03
1.229594491857733396e-01 7.587522749330728733e-03
1.255184911758291388e-01 7.991375842831280676e-03
1.281307921545208894e-01 8.416724400202992701e-03
1.307974605522227440e-01 8.864712537894350874e-03
1.335196278680513826e-01 9.336545269036735512e-03
1.362984491499744655e-01 9.833491744728153905e-03
1.391351034849112878e-01 1.035688866783732176e-02
1.420307944990333859e-01 1.090814388851072715e-02
1.449867508684773432e-01 1.153823534061591133e-02
1.480042268406868700e-01 1.221275042618901602e-02
1.510845027666047613e-01 1.292669707016205587e-02
1.542288856439409939e-01 1.368238040674344715e-02
1.574387096717475842e-01 1.448224032625915376e-02
1.607153368165349372e-01 1.532885935287674715e-02
1.640601573901705190e-01 1.622497098285428235e-02
1.674745906398046880e-01 1.717346851023587515e-02
1.709600853500741757e-01 1.817741436848965830e-02
1.745181204578385992e-01 1.924005001824967420e-02
1.781502056797110434e-01 2.036823327872884851e-02
1.818578821526486422e-01 2.166488643241806095e-02
1.856427230878753554e-01 2.304408525307622899e-02
1.895063344384143311e-01 2.451108464415688998e-02
1.934503555805126840e-01 2.607147403921454901e-02
1.974764600092484834e-01 2.773119869827853426e-02
2.015863560486145234e-01 2.949658235996589772e-02
2.057817875763805759e-01 3.137435133564064893e-02
2.100645347640413829e-01 3.337166013742053072e-02
2.144364148321648011e-01 3.552612122262348293e-02
2.188992828214597897e-01 3.796249592351065572e-02
2.234550323798925042e-01 4.056595674241011279e-02
2.281055965661834550e-01 4.334796241381880938e-02
2.328529486700275375e-01 4.632075751008674080e-02
2.376991030493841028e-01 4.949742633402908626e-02
2.426461159851931171e-01 5.289195050748312504e-02
2.476960865538796186e-01 5.651927050927790103e-02
2.528511575180167337e-01 6.022845593724489299e-02
2.581135162355253088e-01 6.410481440611527637e-02
2.634853955877961562e-01 6.823065884877255183e-02
2.689690749271278492e-01 7.262204641050307163e-02
2.745668810438831597e-01 7.729606768913878379e-02
2.802811891537738131e-01 8.227091324900791258e-02
2.861144239056928607e-01 8.763812882369959034e-02
2.920690604105219967e-01 9.363361078644996671e-02
2.981476252913505820e-01 1.000392544499137393e-01
3.043526977555517377e-01 1.068831197134912925e-01
3.106869106891708698e-01 1.141951861047516559e-01
3.171529517740905302e-01 1.220074841046470543e-01
3.237535646284456226e-01 1.302497502572233790e-01
3.304915499707733462e-01 1.389368664668737818e-01
3.373697668083914247e-01 1.482033771697261748e-01
3.443911336505087739e-01 1.580879255668902472e-01
3.515586297465838617e-01 1.686317322001469887e-01
3.588752963504552862e-01 1.799002976731991776e-01
3.663442380107827523e-01 1.919587366781505267e-01
3.739686238883428437e-01 2.048254342191727917e-01
3.817516891007428637e-01 2.185545666171705426e-01
3.896967360951185122e-01 2.332039415481341194e-01
3.978071360494027653e-01 2.482027639975644406e-01
4.060863303027552607e-01 2.639503550920698216e-01
4.145378318157649788e-01 2.806970753714628786e-01
4.231652266610403390e-01 2.985063160631452606e-01
4.319721755448220901e-01 3.180654284564273238e-01
4.409624153602658136e-01 3.394866857248981518e-01
4.501397607730483474e-01 3.623506344081157127e-01
4.595081058399779206e-01 3.867544377347422180e-01
4.690714256612865118e-01 4.120977818337437926e-01
4.788337780673142530e-01 4.386927747506572106e-01
4.887993053402931998e-01 4.670040924803445792e-01
4.989722359719687139e-01 4.970913488646196976e-01
5.093568864577977529e-01 5.280632753087397546e-01
5.199576631284887895e-01 5.609649481261378412e-01
5.307790640196620169e-01 5.959166026877704692e-01
5.418256807804173736e-01 6.348843341134207119e-01
5.531022006216277376e-01 6.772426930281318924e-01
5.646134083047763541e-01 7.224271266678597980e-01
5.763641881721900395e-01 7.685111796214807445e-01
5.883595262195214781e-01 8.158173880785668519e-01
6.006045122113689017e-01 8.660355611471345361e-01
6.131043418409223289e-01 9.225370126972731732e-01
6.258643189345570734e-01 9.847851778788953014e-01
6.388898577023131020e-01 1.051233536673510160e+00
6.521864850352057097e-01 1.118460680955619013e+00
6.657598428503537225e-01 1.189284320126933192e+00
6.796156904849094404e-01 1.264332146807539470e+00
6.937599071398169448e-01 1.343154596053026451e+00
7.081984943744236149e-01 1.426891085110553847e+00
7.229375786530161108e-01 1.517403163003663735e+00
7.379834139443505192e-01 1.614258077047767026e+00
7.533423843752851123e-01 1.719265747758267127e+00
7.690210069396433701e-01 1.834763611215950441e+00
7.850259342634492432e-01 1.956946355424283857e+00
8.013639574277185984e-01 2.077671305330181184e+00
8.180420088499924525e-01 2.205843834721013863e+00
8.350671652258471189e-01 2.347363392200796817e+00
8.524466505316175002e-01 2.498277646686952291e+00
8.701878390896189419e-01 2.659448710427587237e+00
8.882982586971583938e-01 2.831096150897171260e+00
9.067855938206671462e-01 3.011660506021134776e+00
9.256576888563147198e-01 3.203486972156985857e+00
9.449225514584753682e-01 3.409445738964333561e+00
9.645883559374751615e-01 3.628248053986720123e+00
9.846634467280448444e-01 3.858897400795963772e+00
1.005156341929967390e+00 4.105385549193838024e+00
1.026075736922404058e+00 4.369506592843216630e+00
1.047430508053451392e+00 4.641697225717240194e+00
1.069229716406479680e+00 4.927857983045631052e+00
1.091482611644857048e+00 5.255641070722212760e+00
1.114198635936694659e+00 5.596528026747199291e+00
1.137387427961266795e+00 5.948554431489197825e+00
1.161058826998822235e+00 6.324694418975890464e+00
1.185222877105502892e+00 6.726197593136242325e+00
1.209889831375160485e+00 7.155208216184300696e+00
1.235070156289862053e+00 7.614920727096628816e+00
1.260774536160947035e+00 8.102122305550622627e+00
1.287013877662505523e+00 8.617349677879214909e+00
1.313799314459207501e+00 9.159345442281280114e+00
1.341142211930455019e+00 9.749766727572440672e+00
1.369054171992841074e+00 1.036900020197773387e+01
1.397547038022987298e+00 1.102503244624470291e+01
1.426632899882822825e+00 1.306555498645764857e+01
1.456324099049463694e+00 5.053472031482982629e+01
1.486633233851841318e+00 inf
1.517573164816328868e+00 inf
1.549157020123613560e+00 inf
1.581398201179137208e+00 inf
1.614310388299477594e+00 inf
1.647907546517062949e+00 inf
1.682203931505708239e+00 inf
1.717214095629459480e+00 inf
1.752952894117343119e+00 inf
1.789435491366608399e+00 inf
1.826677367377168348e+00 inf
1.864694324319941865e+00 inf
1.903502493241907789e+00 inf
1.943118340910698461e+00 inf
1.983558676801640885e+00 inf
2.024840660230225353e+00 inf
2.066981807632997992e+00 inf
2.109999999999999876e+00 inf
