# k [Mpc^-1], sensitivity [mK^2], z=6.0, 202.9 MHz
3.500000000000000333e-02 inf
3.572842282756675397e-02 inf
3.647200564986839699e-02 inf
3.723106397794004319e-02 inf
3.800591988925806214e-02 inf
3.879690216440116746e-02 inf
3.960434642655615706e-02 inf
4.042859528392659524e-02 inf
4.126999847510574859e-02 inf
4.212891301747467149e-02 inf
4.300570335868902916e-02 2.912282705850343101e-01
4.390074153131857948e-02 2.947223279119767780e-01
4.481440731070487210e-02 2.982583057453982445e-01
4.574708837610465956e-02 3.018367070332185209e-01
4.669918047518661214e-02 3.054580407575543943e-01
4.767108759195193973e-02 3.091228220071164379e-01
4.866322211814942678e-02 3.128315720504735720e-01
4.967600502825834929e-02 3.165848184101971996e-01
5.070986605811275694e-02 3.203830949378940196e-01
5.176524388724366293e-02 3.242269418901402300e-01
5.284258632501594166e-02 3.281169060053260589e-01
5.394235050063903719e-02 3.320535405814216690e-01
5.506500305713256382e-02 3.360374055546779259e-01
5.621102034932823344e-02 3.400690675792690243e-01
5.738088864599311806e-02 3.441491001078929579e-01
5.857510433615904094e-02 3.482780834733368858e-01
5.979417413974657397e-02 3.524566049710229354e-01
6.103861532257209149e-02 3.566852589425427156e-01
6.230895591583001519e-02 3.609646468601955815e-01
6.360573494014265528e-02 3.652953774125401454e-01
6.492950263427293978e-02 3.696780665909720209e-01
6.628082068859754428e-02 3.741133377773417923e-01
6.766026248343849636e-02 3.786018218326221429e-01
6.906841333235554103e-02 3.831441571866405771e-01
7.050587073050135212e-02 3.877409899288871697e-01
7.197324460814619185e-02 3.923929739004136663e-01
7.347115758947816988e-02 3.971007707868328129e-01
7.500024525679045706e-02 4.018650502124357371e-01
7.656115642016625422e-02 4.066864898354371483e-01
7.815455339277647961e-02 4.115657754443632355e-01
7.978111227190747001e-02 4.165036010555971391e-01
8.144152322583671222e-02 4.215006690120930433e-01
8.313649078667982584e-02 4.265576900832765972e-01
8.486673414933156023e-02 4.316753835661416572e-01
8.663298747662909194e-02 4.352297473024552277e-01
8.843600021086570062e-02 4.383286607814046998e-01
9.027653739178835568e-02 4.414496390774065859e-01
9.215537998121303698e-02 4.445928392958964359e-01
9.407332519439604024e-02 4.477584196609284417e-01
9.603118683830201563e-02 4.509465395231401219e-01
9.802979565691193053e-02 4.541573593677743492e-01
1.000699996837176586e-01 4.573910408227573887e-01
1.021526646015524509e-01 4.606477466668350562e-01
1.042786741099108044e-01 4.639276408377671079e-01
1.064489302999123421e-01 4.672308884405793061e-01
1.086643540370700461e-01 4.705576557558746043e-01
1.109258853520242866e-01 4.739081102482036179e-01
1.132344838394090808e-01 4.772824205744944925e-01
1.155911290650195183e-01 4.806807565925425574e-01
1.179968209814531294e-01 4.841032893695613737e-01
1.204525803524016392e-01 4.875501911907931252e-01
1.229594491857733396e-01 4.910216355681821243e-01
1.255184911758291388e-01 4.945177972491084373e-01
1.281307921545208894e-01 4.974724243491228659e-01
1.307974605522227440e-01 4.945040737295062772e-01
1.335196278680513826e-01 4.915534348562493050e-01
1.362984491499744655e-01 4.886204020457588504e-01
1.391351034849112878e-01 4.857048702450413868e-01
1.420307944990333859e-01 4.828067350279406922e-01
1.449867508684773432e-01 4.799258925913969520e-01
1.480042268406868700e-01 4.770622397517292890e-01
1.510845027666047613e-01 4.742156739409398858e-01
1.542288856439409939e-01 4.713860932030402573e-01
1.574387096717475842e-01 4.685733961903996159e-01
1.607153368165349372e-01 4.657774821601145532e-01
1.640601573901705190e-01 4.629982509704011484e-01
1.674745906398046880e-01 4.602356030770077266e-01
1.709600853500741757e-01 4.570412180065744900e-01
1.745181204578385992e-01 4.506429801133452484e-01
1.781502056797110434e-01 4.443343128026486788e-01
1.818578821526486422e-01 4.381139621527976313e-01
1.856427230878753554e-01 4.319806917960777870e-01
1.895063344384143311e-01 4.259332826730053423e-01
1.934503555805126840e-01 4.199705327900248308e-01
1.974764600092484834e-01 4.140912569805983434e-01
2.015863560486145234e-01 4.082942866696402939e-01
2.057817875763805759e-01 4.025784696412488817e-01
2.100645347640413829e-01 3.969426698096900630e-01
2.144364148321648011e-01 3.907349495423342867e-01
2.188992828214597897e-01 3.830435220186734213e-01
2.234550323798925042e-01 3.755034965065833230e-01
2.281055965661834550e-01 3.681118927310711997e-01
2.328529486700275375e-01 3.608657890824087389e-01
2.376991030493841028e-01 3.537623214613344613e-01
2.426461159851931171e-01 3.467986821469887238e-01
2.476960865538796186e-01 3.399721186871319523e-01
2.528511575180167337e-01 3.332799328102087344e-01
2.581135162355253088e-01 3.268905945359500409e-01
2.634853955877961562e-01 3.208404737637742254e-01
2.689690749271278492e-01 3.149023291755868037e-01
2.745668810438831597e-01 3.090740883060188460e-01
2.802811891537738131e-01 3.033537170470778643e-01
2.861144239056928607e-01 2.977392189382267462e-01
2.920690604105219967e-01 2.922286344696011229e-01
2.981476252913505820e-01 2.868200403981228108e-01
3.043526977555517377e-01 2.808567777728781523e-01
3.106869106891708698e-01 2.749859006553586616e-01
3.171529517740905302e-01 2.692377451556057233e-01
3.237535646284456226e-01 2.636097459677603227e-01
3.304915499707733462e-01 2.580993914097200470e-01
3.373697668083914247e-01 2.527042223022171186e-01
3.443911336505087739e-01 2.471583745231446527e-01
3.515586297465838617e-01 2.414444508756249941e-01
3.588752963504552862e-01 2.358626244047140330e-01
3.663442380107827523e-01 2.304098412257004069e-01
3.739686238883428437e-01 2.250831180550174615e-01
3.817516891007428637e-01 2.198795405780519796e-01
3.896967360951185122e-01 2.149678001953497231e-01
3.978071360494027653e-01 2.102210150082232387e-01
4.060863303027552607e-01 2.055790453776232540e-01
4.145378318157649788e-01 2.010395768316582399e-01
4.231652266610403390e-01 1.966003460051647944e-01
4.319721755448220901e-01 1.922423021182871061e-01
4.409624153602658136e-01 1.879714966551551680e-01
4.501397607730483474e-01 1.837955703060525359e-01
4.595081058399779206e-01 1.797124152610221071e-01
4.690714256612865118e-01 1.757248766029717579e-01
4.788337780673142530e-01 1.722863774353425859e-01
4.887993053402931998e-01 1.689151611519263130e-01
4.989722359719687139e-01 1.656099111938733881e-01
5.093568864577977529e-01 1.623693367641193264e-01
5.199576631284887895e-01 1.645675503007260065e-01
5.307790640196620169e-01 1.683090654210465387e-01
5.418256807804173736e-01 1.721356455214922143e-01
5.531022006216277376e-01 1.760492245915329934e-01
5.646134083047763541e-01 1.783715423470021433e-01
5.763641881721900395e-01 1.805369440514857093e-01
5.883595262195214781e-01 1.827286333827962406e-01
6.006045122113689017e-01 1.844551435871265022e-01
6.131043418409223289e-01 1.850586258751411306e-01
6.258643189345570734e-01 1.856640825774489023e-01
6.388898577023131020e-01 1.862715201537453458e-01
6.521864850352057097e-01 1.863901482169381674e-01
6.657598428503537225e-01 1.864847393739394454e-01
6.796156904849094404e-01 1.865793785350174927e-01
6.937599071398169448e-01 1.868480265352960024e-01
7.081984943744236149e-01 1.871553330388668612e-01
7.229375786530161108e-01 1.874631449654218518e-01
7.379834139443505192e-01 1.866350755067752165e-01
7.533423843752851123e-01 1.856522521928998248e-01
7.690210069396433701e-01 1.848510806774738002e-01
7.850259342634492432e-01 1.856089892967701660e-01
8.013639574277185984e-01 1.863700054200806977e-01
8.180420088499924525e-01 1.864387324884402564e-01
8.350671652258471189e-01 1.857480111166593395e-01
8.524466505316175002e-01 1.850598487411077853e-01
8.701878390896189419e-01 1.830249426335433249e-01
8.882982586971583938e-01 1.809948336742177311e-01
9.067855938206671462e-01 1.801231873251123161e-01
9.256576888563147198e-01 1.799571427907175336e-01
9.449225514584753682e-01 1.795991656895468691e-01
9.645883559374751615e-01 1.789014505478547512e-01
9.846634467280448444e-01 1.783175297000011150e-01
1.005156341929967390e+00 1.781739047088739814e-01
1.026075736922404058e+00 1.777215445140271355e-01
1.047430508053451392e+00 1.753212172108238598e-01
1.069229716406479680e+00 1.731890040190016966e-01
1.091482611644857048e+00 1.723680937155091797e-01
1.114198635936694659e+00 1.712826926665087790e-01
1.137387427961266795e+00 1.694060170670232957e-01
1.161058826998822235e+00 1.675012917776280696e-01
1.185222877105502892e+00 1.655509952154842757e-01
1.209889831375160485e+00 1.638084203377281889e-01
1.235070156289862053e+00 1.621819254626104267e-01
1.260774536160947035e+00 1.611885406855952108e-01
1.287013877662505523e+00 1.601707454232625671e-01
1.313799314459207501e+00 1.590133812206051267e-01
1.341142211930455019e+00 1.576995910507076326e-01
1.369054171992841074e+00 1.561627515329270799e-01
1.397547038022987298e+00 1.538311062659433182e-01
1.426632899882822825e+00 1.518755507134144089e-01
1.456324099049463694e+00 1.500212385700308015e-01
1.486633233851841318e+00 1.479008943285494704e-01
1.517573164816328868e+00 1.460208341196639059e-01
1.549157020123613560e+00 1.436935849376703989e-01
1.581398201179137208e+00 1.408712316228104000e-01
1.614310388299477594e+00 1.386977917615054012e-01
1.647907546517062949e+00 1.367769674399849644e-01
1.682203931505708239e+00 1.338405007329522833e-01
1.717214095629459480e+00 1.369794512500976114e-01
1.752952894117343119e+00 1.662112769493721554e-01
1.789435491366608399e+00 3.115856628988618038e-01
1.826677367377168348e+00 inf
1.864694324319941865e+00 inf
1.903502493241907789e+00 inf
1.943118340910698461e+00 inf
1.983558676801640885e+00 inf
2.024840660230225353e+00 inf
2.066981807632997992e+00 inf
2.109999999999999876e+00 inf
