# k [Mpc^-1], sensitivity [mK^2], z=11.0, 118.4 MHz
3.500000000000000333e-02 1.687093001513023383e-01
3.572842282756675397e-02 1.692940661725893525e-01
3.647200564986839699e-02 1.698808590607967794e-01
3.723106397794004319e-02 1.704696858412807770e-01
3.800591988925806214e-02 1.710605535637480801e-01
3.879690216440116746e-02 1.716534693023405167e-01
3.960434642655615706e-02 1.722484401557198008e-01
4.042859528392659524e-02 1.728454732471523536e-01
4.126999847510574859e-02 1.734445757245946518e-01
4.212891301747467149e-02 1.740457547607789368e-01
4.300570335868902916e-02 1.746490175532988132e-01
4.390074153131857948e-02 1.752543713246957346e-01
4.481440731070487210e-02 1.758618233225452410e-01
4.574708837610465956e-02 1.764713808195437772e-01
4.669918047518661214e-02 1.770830511135958185e-01
4.767108759195193973e-02 1.776968415279013558e-01
4.866322211814942678e-02 1.783127594110431868e-01
4.967600502825834929e-02 1.789308121370754290e-01
5.070986605811275694e-02 1.795510071056113377e-01
5.176524388724366293e-02 1.801733517419120967e-01
5.284258632501594166e-02 1.807978534969758300e-01
5.394235050063903719e-02 1.814245198476265863e-01
5.506500305713256382e-02 1.820533582966039066e-01
5.621102034932823344e-02 1.826843763726528902e-01
5.738088864599311806e-02 1.833175816306139572e-01
5.857510433615904094e-02 1.839529816515134975e-01
5.979417413974657397e-02 1.845905840426547428e-01
6.103861532257209149e-02 1.852303964377086387e-01
6.230895591583001519e-02 1.858724264968052431e-01
6.360573494014265528e-02 1.865166819066256809e-01
6.492950263427293978e-02 1.871631703804939317e-01
6.628082068859754428e-02 1.890629152639047850e-01
6.766026248343849636e-02 1.910633610424690154e-01
6.906841333235554103e-02 1.930849732317351797e-01
7.050587073050135212e-02 1.951279757902562584e-01
7.197324460814619185e-02 1.971925950462566079e-01
7.347115758947816988e-02 1.992790597227045435e-01
7.500024525679045706e-02 2.013876009626514585e-01
7.656115642016625422e-02 2.035184523548378976e-01
7.815455339277647961e-02 2.056718499595710514e-01
7.978111227190747001e-02 2.078480323348762260e-01
8.144152322583671222e-02 2.100472405629246198e-01
8.313649078667982584e-02 2.122697182767409596e-01
8.486673414933156023e-02 2.145157116871937442e-01
8.663298747662909194e-02 2.167854696102711198e-01
8.843600021086570062e-02 2.190792434946449707e-01
9.027653739178835568e-02 2.213972874495271914e-01
9.215537998121303698e-02 2.237398582728204188e-01
9.407332519439604024e-02 2.261072154795665812e-01
9.603118683830201563e-02 2.284996213306963175e-01
9.802979565691193053e-02 2.308444686734560380e-01
1.000699996837176586e-01 2.329989187062439238e-01
1.021526646015524509e-01 2.351734760215256625e-01
1.042786741099108044e-01 2.373683282787055204e-01
1.064489302999123421e-01 2.395836648885953102e-01
1.086643540370700461e-01 2.418196770297604825e-01
1.109258853520242866e-01 2.440765576650183177e-01
1.132344838394090808e-01 2.463545015580903275e-01
1.155911290650195183e-01 2.486537052904096157e-01
1.179968209814531294e-01 2.509743672780855861e-01
1.204525803524016392e-01 2.533166877890268842e-01
1.229594491857733396e-01 2.556808689602239615e-01
1.255184911758291388e-01 2.580671148151931216e-01
1.281307921545208894e-01 2.604756312815830754e-01
1.307974605522227440e-01 2.628152931404408865e-01
1.335196278680513826e-01 2.649496641320983059e-01
1.362984491499744655e-01 2.671013687403637760e-01
1.391351034849112878e-01 2.692705477347032694e-01
1.420307944990333859e-01 2.714573430277973376e-01
1.449867508684773432e-01 2.736618976848252394e-01
1.480042268406868700e-01 2.758843559328248429e-01
1.510845027666047613e-01 2.781248631701279672e-01
1.542288856439409939e-01 2.803835659758729948e-01
1.574387096717475842e-01 2.826606121195940902e-01
1.607153368165349372e-01 2.849561505708888554e-01
1.640601573901705190e-01 2.881330819741905191e-01
1.674745906398046880e-01 2.923886033817813535e-01
1.709600853500741757e-01 2.967069758244785249e-01
1.745181204578385992e-01 3.010891275675251499e-01
1.781502056797110434e-01 3.055360005859840689e-01
1.818578821526486422e-01 3.100485507672222640e-01
1.856427230878753554e-01 3.146277481163853862e-01
1.895063344384143311e-01 3.192745769649079079e-01
1.934503555805126840e-01 3.239900361821018149e-01
1.974764600092484834e-01 3.275387104492184509e-01
2.015863560486145234e-01 3.303127375895509865e-01
2.057817875763805759e-01 3.331102588279237775e-01
2.100645347640413829e-01 3.359314731431554124e-01
2.144364148321648011e-01 3.387765811992777820e-01
2.188992828214597897e-01 3.416457853598088290e-01
2.234550323798925042e-01 3.445392897021459788e-01
2.281055965661834550e-01 3.473569103019422122e-01
2.328529486700275375e-01 3.494660525063449930e-01
2.376991030493841028e-01 3.515880013678386873e-01
2.426461159851931171e-01 3.537228346481149921e-01
2.476960865538796186e-01 3.558706305810326320e-01
2.528511575180167337e-01 3.580314678754841773e-01
2.581135162355253088e-01 3.602054257182806807e-01
2.634853955877961562e-01 3.691796704445386990e-01
2.689690749271278492e-01 3.823678370788687331e-01
2.745668810438831597e-01 3.960271232062232416e-01
2.802811891537738131e-01 4.101743585788237278e-01
2.861144239056928607e-01 4.248269741563641122e-01
2.920690604105219967e-01 4.400030235828829572e-01
2.981476252913505820e-01 4.526072656385808357e-01
3.043526977555517377e-01 4.652979946759033258e-01
3.106869106891708698e-01 4.783445611372483253e-01
3.171529517740905302e-01 4.917569424062606664e-01
3.237535646284456226e-01 5.055453956240741897e-01
3.304915499707733462e-01 5.191983332624927616e-01
3.373697668083914247e-01 5.330908408102317253e-01
3.443911336505087739e-01 5.473550786845132743e-01
3.515586297465838617e-01 5.620009935011800462e-01
3.588752963504552862e-01 5.765272716540512654e-01
3.663442380107827523e-01 5.890241905526925059e-01
3.739686238883428437e-01 6.017919951312269422e-01
3.817516891007428637e-01 6.148365571611028590e-01
3.896967360951185122e-01 6.281638756914437183e-01
3.978071360494027653e-01 6.375409144204603473e-01
4.060863303027552607e-01 6.468539684666319012e-01
4.145378318157649788e-01 6.563030655081707465e-01
4.231652266610403390e-01 6.662396857176530185e-01
4.319721755448220901e-01 6.811522168013044443e-01
4.409624153602658136e-01 6.963985370423543264e-01
4.501397607730483474e-01 7.119861176876997044e-01
4.595081058399779206e-01 7.254089136455955655e-01
4.690714256612865118e-01 7.362187432752805849e-01
4.788337780673142530e-01 7.471896577971207654e-01
4.887993053402931998e-01 7.583370165811373909e-01
4.989722359719687139e-01 7.697457223860875164e-01
5.093568864577977529e-01 7.813260650296703913e-01
5.199576631284887895e-01 7.930806266807025606e-01
5.307790640196620169e-01 8.026634522363386148e-01
5.418256807804173736e-01 8.123342160767315079e-01
5.531022006216277376e-01 8.220749357878133212e-01
5.646134083047763541e-01 8.309386579861811617e-01
5.763641881721900395e-01 8.398979500259220465e-01
5.883595262195214781e-01 8.495866191886044527e-01
6.006045122113689017e-01 8.611169138684570123e-01
6.131043418409223289e-01 8.728036937052103816e-01
6.258643189345570734e-01 8.822596644141353917e-01
6.388898577023131020e-01 8.904946102285148379e-01
6.521864850352057097e-01 8.993471281189385769e-01
6.657598428503537225e-01 9.112617108608266348e-01
6.796156904849094404e-01 9.233341384186645184e-01
6.937599071398169448e-01 9.395416634727217220e-01
7.081984943744236149e-01 9.571330024712061402e-01
7.229375786530161108e-01 9.706035064684751523e-01
7.379834139443505192e-01 9.802521810648939793e-01
7.533423843752851123e-01 9.908533089624380619e-01
7.690210069396433701e-01 1.003042983595938242e+00
7.850259342634492432e-01 1.014418139914123884e+00
8.013639574277185984e-01 1.023694337789775366e+00
8.180420088499924525e-01 1.033618975692449204e+00
8.350671652258471189e-01 1.044837075392390791e+00
8.524466505316175002e-01 1.055727593655335861e+00
8.701878390896189419e-01 1.066100598341868544e+00
8.882982586971583938e-01 1.076833263935182972e+00
9.067855938206671462e-01 1.087857849763445683e+00
9.256576888563147198e-01 1.097120462172021194e+00
9.449225514584753682e-01 1.106175121940329742e+00
9.645883559374751615e-01 1.116265588210940018e+00
9.846634467280448444e-01 1.128131448454067209e+00
1.005156341929967390e+00 1.142036068739887389e+00
1.026075736922404058e+00 1.148187689521557919e+00
1.047430508053451392e+00 1.157281423460362113e+00
1.069229716406479680e+00 1.174381743488410734e+00
1.091482611644857048e+00 1.185774677350342143e+00
1.114198635936694659e+00 1.194713512324801385e+00
1.137387427961266795e+00 1.201473919592515482e+00
1.161058826998822235e+00 1.216463390270716483e+00
1.185222877105502892e+00 1.228282510779700187e+00
1.209889831375160485e+00 1.239976856620160772e+00
1.235070156289862053e+00 1.256493033038446505e+00
1.260774536160947035e+00 1.259436953625413302e+00
1.287013877662505523e+00 1.272679402511473601e+00
1.313799314459207501e+00 1.600859603657758035e+00
1.341142211930455019e+00 inf
1.369054171992841074e+00 inf
1.397547038022987298e+00 inf
1.426632899882822825e+00 inf
1.456324099049463694e+00 inf
1.486633233851841318e+00 inf
1.517573164816328868e+00 inf
1.549157020123613560e+00 inf
1.581398201179137208e+00 inf
1.614310388299477594e+00 inf
1.647907546517062949e+00 inf
1.682203931505708239e+00 inf
1.717214095629459480e+00 inf
1.752952894117343119e+00 inf
1.789435491366608399e+00 inf
1.826677367377168348e+00 inf
1.864694324319941865e+00 inf
1.903502493241907789e+00 inf
1.943118340910698461e+00 inf
1.983558676801640885e+00 inf
2.024840660230225353e+00 inf
2.066981807632997992e+00 inf
2.109999999999999876e+00 inf
