# k [Mpc^-1], sensitivity [mK^2], z=9.0, 142.0 MHz
3.500000000000000333e-02 inf
3.572842282756675397e-02 inf
3.647200564986839699e-02 inf
3.723106397794004319e-02 inf
3.800591988925806214e-02 inf
3.879690216440116746e-02 inf
3.960434642655615706e-02 inf
4.042859528392659524e-02 inf
4.126999847510574859e-02 inf
4.212891301747467149e-02 inf
4.300570335868902916e-02 inf
4.390074153131857948e-02 inf
4.481440731070487210e-02 inf
4.574708837610465956e-02 inf
4.669918047518661214e-02 inf
4.767108759195193973e-02 inf
4.866322211814942678e-02 inf
4.967600502825834929e-02 inf
5.070986605811275694e-02 inf
5.176524388724366293e-02 inf
5.284258632501594166e-02 inf
5.394235050063903719e-02 inf
5.506500305713256382e-02 inf
5.621102034932823344e-02 inf
5.738088864599311806e-02 inf
5.857510433615904094e-02 inf
5.979417413974657397e-02 inf
6.103861532257209149e-02 inf
6.230895591583001519e-02 inf
6.360573494014265528e-02 inf
6.492950263427293978e-02 inf
6.628082068859754428e-02 inf
6.766026248343849636e-02 inf
6.906841333235554103e-02 inf
7.050587073050135212e-02 inf
7.197324460814619185e-02 inf
7.347115758947816988e-02 inf
7.500024525679045706e-02 inf
7.656115642016625422e-02 inf
7.815455339277647961e-02 inf
7.978111227190747001e-02 inf
8.144152322583671222e-02 inf
8.313649078667982584e-02 inf
8.486673414933156023e-02 inf
8.663298747662909194e-02 inf
8.843600021086570062e-02 inf
9.027653739178835568e-02 inf
9.215537998121303698e-02 inf
9.407332519439604024e-02 inf
9.603118683830201563e-02 inf
9.802979565691193053e-02 inf
1.000699996837176586e-01 inf
1.021526646015524509e-01 inf
1.042786741099108044e-01 inf
1.064489302999123421e-01 inf
1.086643540370700461e-01 inf
1.109258853520242866e-01 inf
1.132344838394090808e-01 inf
1.155911290650195183e-01 inf
1.179968209814531294e-01 inf
1.204525803524016392e-01 inf
1.229594491857733396e-01 inf
1.255184911758291388e-01 inf
1.281307921545208894e-01 inf
1.307974605522227440e-01 inf
1.335196278680513826e-01 inf
1.362984491499744655e-01 inf
1.391351034849112878e-01 inf
1.420307944990333859e-01 inf
1.449867508684773432e-01 6.164197140406002973e+00
1.480042268406868700e-01 6.095497742836102795e+00
1.510845027666047613e-01 6.027563993592976566e+00
1.542288856439409939e-01 5.960387359598011692e+00
1.574387096717475842e-01 5.893959402872949838e+00
1.607153368165349372e-01 5.828271779480010295e+00
1.640601573901705190e-01 5.763316238473811026e+00
1.674745906398046880e-01 5.699084620864985240e+00
1.709600853500741757e-01 5.635568858595330077e+00
1.745181204578385992e-01 5.572760973524397698e+00
1.781502056797110434e-01 5.511016303542583650e+00
1.818578821526486422e-01 5.460071367490377803e+00
1.856427230878753554e-01 5.409597376608066277e+00
1.895063344384143311e-01 5.359589977384383808e+00
1.934503555805126840e-01 5.310044856552792680e+00
1.974764600092484834e-01 5.260957740719450548e+00
2.015863560486145234e-01 5.212324395994627935e+00
2.057817875763805759e-01 5.164140627627511471e+00
2.100645347640413829e-01 5.116402279644407081e+00
2.144364148321648011e-01 5.077324393893015042e+00
2.188992828214597897e-01 5.075094941195002818e+00
2.234550323798925042e-01 5.072866467449475003e+00
2.281055965661834550e-01 5.070638972226573671e+00
2.328529486700275375e-01 5.068412455096630964e+00
2.376991030493841028e-01 5.066186915630165544e+00
2.426461159851931171e-01 5.063962353397885252e+00
2.476960865538796186e-01 5.061738767970687114e+00
2.528511575180167337e-01 5.021617654828616217e+00
2.581135162355253088e-01 4.965749706500077743e+00
2.634853955877961562e-01 4.910503316375483429e+00
2.689690749271278492e-01 4.855871569316326131e+00
2.745668810438831597e-01 4.801847627118390527e+00
2.802811891537738131e-01 4.748424727655820909e+00
2.861144239056928607e-01 4.689865090376790668e+00
2.920690604105219967e-01 4.611650627933983948e+00
2.981476252913505820e-01 4.534740574470398577e+00
3.043526977555517377e-01 4.459113175917385874e+00
3.106869106891708698e-01 4.384747041006245460e+00
3.171529517740905302e-01 4.311621135217677647e+00
3.237535646284456226e-01 4.240168330088410542e+00
3.304915499707733462e-01 4.170347761111955265e+00
3.373697668083914247e-01 4.101676889853302477e+00
3.443911336505087739e-01 4.034136784859130742e+00
3.515586297465838617e-01 3.967708826410170087e+00
3.588752963504552862e-01 3.906499349398181664e+00
3.663442380107827523e-01 3.852760418239828510e+00
3.739686238883428437e-01 3.799760735309557713e+00
3.817516891007428637e-01 3.747490131295641458e+00
3.896967360951185122e-01 3.695938576778340146e+00
3.978071360494027653e-01 3.649844846393635933e+00
4.060863303027552607e-01 3.605833839431852095e+00
4.145378318157649788e-01 3.562353531394352846e+00
4.231652266610403390e-01 3.519397522942254053e+00
4.319721755448220901e-01 3.462981316995680459e+00
4.409624153602658136e-01 3.395448583937474396e+00
4.501397607730483474e-01 3.329232828828854629e+00
4.595081058399779206e-01 3.264308368851412290e+00
4.690714256612865118e-01 3.202752017745157609e+00
4.788337780673142530e-01 3.143483111676456332e+00
4.887993053402931998e-01 3.085311013355317655e+00
4.989722359719687139e-01 3.028839321250941907e+00
5.093568864577977529e-01 2.985292403900188241e+00
5.199576631284887895e-01 2.942371579190748765e+00
5.307790640196620169e-01 2.900067845521144161e+00
5.418256807804173736e-01 2.864519678915771195e+00
5.531022006216277376e-01 2.832017702708157891e+00
5.646134083047763541e-01 2.799884506811316065e+00
5.763641881721900395e-01 2.764559705391772759e+00
5.883595262195214781e-01 2.726996592402637809e+00
6.006045122113689017e-01 2.689943863564252524e+00
6.131043418409223289e-01 2.650525976397916761e+00
6.258643189345570734e-01 2.609979144508664639e+00
6.388898577023131020e-01 2.570052584063982959e+00
6.521864850352057097e-01 2.557636371364490735e+00
6.657598428503537225e-01 2.550091778308095858e+00
6.796156904849094404e-01 2.530619546377546936e+00
6.937599071398169448e-01 2.470557017455028870e+00
7.081984943744236149e-01 2.411920031690800048e+00
7.229375786530161108e-01 2.370678528487968784e+00
7.379834139443505192e-01 2.335884518033195967e+00
7.533423843752851123e-01 2.306495875344165114e+00
7.690210069396433701e-01 2.285915419138414784e+00
7.850259342634492432e-01 2.262831491773107828e+00
8.013639574277185984e-01 2.217770797276120032e+00
8.180420088499924525e-01 2.173607414928063086e+00
8.350671652258471189e-01 2.138544846321020820e+00
8.524466505316175002e-01 2.104488751213988262e+00
8.701878390896189419e-01 2.082636965194471834e+00
8.882982586971583938e-01 2.062557184372718400e+00
9.067855938206671462e-01 2.028769168295735170e+00
9.256576888563147198e-01 1.994028790622388136e+00
9.449225514584753682e-01 1.967974558642389127e+00
9.645883559374751615e-01 1.941081060819127346e+00
9.846634467280448444e-01 1.908499071042450757e+00
1.005156341929967390e+00 1.880599142895454490e+00
1.026075736922404058e+00 1.859270420007367308e+00
1.047430508053451392e+00 1.821955488231342013e+00
1.069229716406479680e+00 1.779878454914089803e+00
1.091482611644857048e+00 1.765797270022431809e+00
1.114198635936694659e+00 1.746997483305463783e+00
1.137387427961266795e+00 1.722745864048924602e+00
1.161058826998822235e+00 1.695394185739265591e+00
1.185222877105502892e+00 1.668340962937080674e+00
1.209889831375160485e+00 1.641953428009892635e+00
1.235070156289862053e+00 1.618476854640563900e+00
1.260774536160947035e+00 1.596662483139229760e+00
1.287013877662505523e+00 1.576288858278938054e+00
1.313799314459207501e+00 1.556947231877878313e+00
1.341142211930455019e+00 1.566929953503372275e+00
1.369054171992841074e+00 1.577152295488353229e+00
1.397547038022987298e+00 1.587697956774618335e+00
1.426632899882822825e+00 1.643191337314384715e+00
1.456324099049463694e+00 2.188314078551102604e+00
1.486633233851841318e+00 inf
1.517573164816328868e+00 inf
1.549157020123613560e+00 inf
1.581398201179137208e+00 inf
1.614310388299477594e+00 inf
1.647907546517062949e+00 inf
1.682203931505708239e+00 inf
1.717214095629459480e+00 inf
1.752952894117343119e+00 inf
1.789435491366608399e+00 inf
1.826677367377168348e+00 inf
1.864694324319941865e+00 inf
1.903502493241907789e+00 inf
1.943118340910698461e+00 inf
1.983558676801640885e+00 inf
2.024840660230225353e+00 inf
2.066981807632997992e+00 inf
2.109999999999999876e+00 inf
