# k [Mpc^-1], sensitivity [mK^2], z=11.0, 118.4 MHz
3.500000000000000333e-02 inf
3.572842282756675397e-02 inf
3.647200564986839699e-02 inf
3.723106397794004319e-02 inf
3.800591988925806214e-02 inf
3.879690216440116746e-02 inf
3.960434642655615706e-02 inf
4.042859528392659524e-02 inf
4.126999847510574859e-02 inf
4.212891301747467149e-02 inf
4.300570335868902916e-02 inf
4.390074153131857948e-02 inf
4.481440731070487210e-02 inf
4.574708837610465956e-02 inf
4.669918047518661214e-02 inf
4.767108759195193973e-02 inf
4.866322211814942678e-02 inf
4.967600502825834929e-02 inf
5.070986605811275694e-02 inf
5.176524388724366293e-02 inf
5.284258632501594166e-02 inf
5.394235050063903719e-02 inf
5.506500305713256382e-02 inf
5.621102034932823344e-02 inf
5.738088864599311806e-02 inf
5.857510433615904094e-02 inf
5.979417413974657397e-02 inf
6.103861532257209149e-02 inf
6.230895591583001519e-02 inf
6.360573494014265528e-02 inf
6.492950263427293978e-02 inf
6.628082068859754428e-02 inf
6.766026248343849636e-02 inf
6.906841333235554103e-02 inf
7.050587073050135212e-02 inf
7.197324460814619185e-02 inf
7.347115758947816988e-02 inf
7.500024525679045706e-02 inf
7.656115642016625422e-02 inf
7.815455339277647961e-02 inf
7.978111227190747001e-02 inf
8.144152322583671222e-02 inf
8.313649078667982584e-02 inf
8.486673414933156023e-02 inf
8.663298747662909194e-02 inf
8.843600021086570062e-02 inf
9.027653739178835568e-02 inf
9.215537998121303698e-02 inf
9.407332519439604024e-02 inf
9.603118683830201563e-02 inf
9.802979565691193053e-02 inf
1.000699996837176586e-01 inf
1.021526646015524509e-01 inf
1.042786741099108044e-01 inf
1.064489302999123421e-01 inf
1.086643540370700461e-01 inf
1.109258853520242866e-01 inf
1.132344838394090808e-01 inf
1.155911290650195183e-01 inf
1.179968209814531294e-01 inf
1.204525803524016392e-01 inf
1.229594491857733396e-01 inf
1.255184911758291388e-01 inf
1.281307921545208894e-01 inf
1.307974605522227440e-01 1.978565665518916272e-01
1.335196278680513826e-01 2.044018117814612179e-01
1.362984491499744655e-01 2.111635786856044528e-01
1.391351034849112878e-01 2.181490299654754716e-01
1.420307944990333859e-01 2.253655652698131062e-01
1.449867508684773432e-01 2.328208290333466934e-01
1.480042268406868700e-01 2.405227185745021368e-01
1.510845027666047613e-01 2.484793924609864091e-01
1.542288856439409939e-01 2.566992791521116035e-01
1.574387096717475842e-01 2.651910859270141807e-01
1.607153368165349372e-01 2.739638081082259036e-01
1.640601573901705190e-01 2.854799567956925466e-01
1.674745906398046880e-01 3.005559662474728277e-01
1.709600853500741757e-01 3.164281298795371677e-01
1.745181204578385992e-01 3.331384920724496101e-01
1.781502056797110434e-01 3.507313175429622176e-01
1.818578821526486422e-01 3.692532085985126833e-01
1.856427230878753554e-01 3.887532285838575241e-01
1.895063344384143311e-01 4.092830318468402284e-01
1.934503555805126840e-01 4.308970005675660797e-01
1.974764600092484834e-01 4.521157503614563478e-01
2.015863560486145234e-01 4.733297202608507392e-01
2.057817875763805759e-01 4.955390824210382239e-01
2.100645347640413829e-01 5.187905421855982802e-01
2.144364148321648011e-01 5.431329963850306530e-01
2.188992828214597897e-01 5.686176361647073962e-01
2.234550323798925042e-01 5.952980546376738236e-01
2.281055965661834550e-01 6.230924996437342545e-01
2.328529486700275375e-01 6.511414426105877062e-01
2.376991030493841028e-01 6.804530282862005786e-01
2.426461159851931171e-01 7.110840954117640944e-01
2.476960865538796186e-01 7.430940413640025888e-01
2.528511575180167337e-01 7.765449373339348149e-01
2.581135162355253088e-01 8.115016486904861326e-01
2.634853955877961562e-01 8.485310883202364929e-01
2.689690749271278492e-01 8.875454156656039650e-01
2.745668810438831597e-01 9.283535697300658862e-01
2.802811891537738131e-01 9.710380282728736656e-01
2.861144239056928607e-01 1.015685061270608758e+00
2.920690604105219967e-01 1.062384905278275449e+00
2.981476252913505820e-01 1.115547448830117361e+00
3.043526977555517377e-01 1.171760991192888568e+00
3.106869106891708698e-01 1.230807189708729821e+00
3.171529517740905302e-01 1.292828784730665426e+00
3.237535646284456226e-01 1.357975709439678491e+00
3.304915499707733462e-01 1.425703046101558957e+00
3.373697668083914247e-01 1.496630538108229436e+00
3.443911336505087739e-01 1.571086611425090984e+00
3.515586297465838617e-01 1.649246809916876000e+00
3.588752963504552862e-01 1.730011203827036770e+00
3.663442380107827523e-01 1.808554673045073224e+00
3.739686238883428437e-01 1.890664059375758654e+00
3.817516891007428637e-01 1.976501257435936409e+00
3.896967360951185122e-01 2.066235511947935866e+00
3.978071360494027653e-01 2.163699610677571883e+00
4.060863303027552607e-01 2.265943357937329594e+00
4.145378318157649788e-01 2.373018544738015212e+00
4.231652266610403390e-01 2.486046422974161008e+00
4.319721755448220901e-01 2.617166102194524946e+00
4.409624153602658136e-01 2.755201328172174335e+00
4.501397607730483474e-01 2.900516842395462369e+00
4.595081058399779206e-01 3.051784966376336783e+00
4.690714256612865118e-01 3.208920473686475372e+00
4.788337780673142530e-01 3.374146841895946825e+00
4.887993053402931998e-01 3.548467855429229267e+00
4.989722359719687139e-01 3.736259937008869603e+00
5.093568864577977529e-01 3.933990354608681184e+00
5.199576631284887895e-01 4.142185065031617874e+00
5.307790640196620169e-01 4.356257905955112975e+00
5.418256807804173736e-01 4.581330880461012001e+00
5.531022006216277376e-01 4.818589883264803753e+00
5.646134083047763541e-01 5.080521996149003350e+00
5.763641881721900395e-01 5.356692388991056042e+00
5.883595262195214781e-01 5.648960579247112257e+00
6.006045122113689017e-01 5.960265990682406922e+00
6.131043418409223289e-01 6.288726958052181182e+00
6.258643189345570734e-01 6.642239207818400715e+00
6.388898577023131020e-01 7.019657897214226061e+00
6.521864850352057097e-01 7.418185554522852776e+00
6.657598428503537225e-01 7.837407121101725771e+00
6.796156904849094404e-01 8.280320023060800949e+00
6.937599071398169448e-01 8.755363033779397952e+00
7.081984943744236149e-01 9.259695172442512501e+00
7.229375786530161108e-01 9.800943526472007505e+00
7.379834139443505192e-01 1.038126680916994715e+01
7.533423843752851123e-01 1.100045056280150568e+01
7.690210069396433701e-01 1.166467578017599571e+01
7.850259342634492432e-01 1.236224497906078490e+01
8.013639574277185984e-01 1.308514794732037778e+01
8.180420088499924525e-01 1.385887836261833606e+01
8.350671652258471189e-01 1.469742323454277333e+01
8.524466505316175002e-01 1.558838890432456914e+01
8.701878390896189419e-01 1.653584915334092642e+01
8.882982586971583938e-01 1.754439492832425529e+01
9.067855938206671462e-01 1.861707534472660441e+01
9.256576888563147198e-01 1.975063676354920261e+01
9.449225514584753682e-01 2.095435788793132303e+01
9.645883559374751615e-01 2.224930958642912771e+01
9.846634467280448444e-01 2.363628174766822099e+01
1.005156341929967390e+00 2.512402471676465154e+01
1.026075736922404058e+00 2.667467912884563219e+01
1.047430508053451392e+00 2.833634821979771345e+01
1.069229716406479680e+00 3.014273937811821114e+01
1.091482611644857048e+00 3.203954684783748519e+01
1.114198635936694659e+00 3.404809271199491860e+01
1.137387427961266795e+00 3.617804406691917052e+01
1.161058826998822235e+00 3.848723244448777336e+01
1.185222877105502892e+00 4.093423878985703368e+01
1.209889831375160485e+00 4.353716963972591003e+01
1.235070156289862053e+00 4.632383813947358675e+01
1.260774536160947035e+00 4.923230935869674596e+01
1.287013877662505523e+00 5.237142970812016785e+01
1.313799314459207501e+00 1.413911932521276924e+02
1.341142211930455019e+00 inf
1.369054171992841074e+00 inf
1.397547038022987298e+00 inf
1.426632899882822825e+00 inf
1.456324099049463694e+00 inf
1.486633233851841318e+00 inf
1.517573164816328868e+00 inf
1.549157020123613560e+00 inf
1.581398201179137208e+00 inf
1.614310388299477594e+00 inf
1.647907546517062949e+00 inf
1.682203931505708239e+00 inf
1.717214095629459480e+00 inf
1.752952894117343119e+00 inf
1.789435491366608399e+00 inf
1.826677367377168348e+00 inf
1.864694324319941865e+00 inf
1.903502493241907789e+00 inf
1.943118340910698461e+00 inf
1.983558676801640885e+00 inf
2.024840660230225353e+00 inf
2.066981807632997992e+00 inf
2.109999999999999876e+00 inf
