# k [Mpc^-1], sensitivity [mK^2], z=7.0, 177.6 MHz
3.500000000000000333e-02 inf
3.572842282756675397e-02 inf
3.647200564986839699e-02 inf
3.723106397794004319e-02 inf
3.800591988925806214e-02 inf
3.879690216440116746e-02 inf
3.960434642655615706e-02 inf
4.042859528392659524e-02 2.629735394971591364e-04
4.126999847510574859e-02 2.703831606261948703e-04
4.212891301747467149e-02 2.780015574570781625e-04
4.300570335868902916e-02 2.858346125164487497e-04
4.390074153131857948e-02 2.938883740787769224e-04
4.481440731070487210e-02 3.021690608365242676e-04
4.574708837610465956e-02 3.106830667018914806e-04
4.669918047518661214e-02 3.194369657438626831e-04
4.767108759195193973e-02 3.284375172643564560e-04
4.866322211814942678e-02 3.376916710174047162e-04
4.967600502825834929e-02 3.472065725753881670e-04
5.070986605811275694e-02 3.569895688464729574e-04
5.176524388724366293e-02 3.670482137475074053e-04
5.284258632501594166e-02 3.773902740367625916e-04
5.394235050063903719e-02 3.880237353110118216e-04
5.506500305713256382e-02 3.989568081715951908e-04
5.621102034932823344e-02 4.101979345642098231e-04
5.738088864599311806e-02 4.217557942973436673e-04
5.857510433615904094e-02 4.336393117443622987e-04
5.979417413974657397e-02 4.458576627344487783e-04
6.103861532257209149e-02 4.584202816376910521e-04
6.230895591583001519e-02 4.713368686498145012e-04
6.360573494014265528e-02 4.846173972821598186e-04
6.492950263427293978e-02 4.982721220627075055e-04
6.628082068859754428e-02 5.123115864540866765e-04
6.766026248343849636e-02 5.267466309946839407e-04
6.906841333235554103e-02 5.415884016691391040e-04
7.050587073050135212e-02 5.568483585146897022e-04
7.197324460814619185e-02 5.725382844700114974e-04
7.347115758947816988e-02 5.886702944733855766e-04
7.500024525679045706e-02 6.052568448172189822e-04
7.656115642016625422e-02 6.223107427661402026e-04
7.815455339277647961e-02 6.398451564460980439e-04
7.978111227190747001e-02 6.586843076510395020e-04
8.144152322583671222e-02 6.944732573178578070e-04
8.313649078667982584e-02 7.322067635854279631e-04
8.486673414933156023e-02 7.719904819817453813e-04
8.663298747662909194e-02 8.139358087217065784e-04
8.843600021086570062e-02 8.581601926215500680e-04
9.027653739178835568e-02 9.047874639608739474e-04
9.215537998121303698e-02 9.539481812130293182e-04
9.407332519439604024e-02 1.005779996614761685e-03
9.603118683830201563e-02 1.060428041598715336e-03
9.802979565691193053e-02 1.118045333168024222e-03
1.000699996837176586e-01 1.178793202350860271e-03
1.021526646015524509e-01 1.242841745934614378e-03
1.042786741099108044e-01 1.310370302744622928e-03
1.064489302999123421e-01 1.381567955801004527e-03
1.086643540370700461e-01 1.456634061759682058e-03
1.109258853520242866e-01 1.535778809120065015e-03
1.132344838394090808e-01 1.619223806762371464e-03
1.155911290650195183e-01 1.707202704462532691e-03
1.179968209814531294e-01 1.799961847122167648e-03
1.204525803524016392e-01 1.896498920501597839e-03
1.229594491857733396e-01 1.995900140127053728e-03
1.255184911758291388e-01 2.100511277014375632e-03
1.281307921545208894e-01 2.210605398616630191e-03
1.307974605522227440e-01 2.326469884674440321e-03
1.335196278680513826e-01 2.448407177366053802e-03
1.362984491499744655e-01 2.576735570775068405e-03
1.391351034849112878e-01 2.711790041736535182e-03
1.420307944990333859e-01 2.853923124230187732e-03
1.449867508684773432e-01 3.003505829603273294e-03
1.480042268406868700e-01 3.160928615025037757e-03
1.510845027666047613e-01 3.326602402700798607e-03
1.542288856439409939e-01 3.500959652506125622e-03
1.574387096717475842e-01 3.684455490840997296e-03
1.607153368165349372e-01 3.881713721260643402e-03
1.640601573901705190e-01 4.096130118743421256e-03
1.674745906398046880e-01 4.322390355007432912e-03
1.709600853500741757e-01 4.561148654816834548e-03
1.745181204578385992e-01 4.813095380715938683e-03
1.781502056797110434e-01 5.078959029192042958e-03
1.818578821526486422e-01 5.359508337101420369e-03
1.856427230878753554e-01 5.655554504449128439e-03
1.895063344384143311e-01 5.967953539949783469e-03
1.934503555805126840e-01 6.297608736151391259e-03
1.974764600092484834e-01 6.645473281278934871e-03
2.015863560486145234e-01 7.022772893831889622e-03
2.057817875763805759e-01 7.429800078137052677e-03
2.100645347640413829e-01 7.860417820084895577e-03
2.144364148321648011e-01 8.315993385625584239e-03
2.188992828214597897e-01 8.797973284964838783e-03
2.234550323798925042e-01 9.307887865417309795e-03
2.281055965661834550e-01 9.847356170453416824e-03
2.328529486700275375e-01 1.041809108036771507e-02
2.376991030493841028e-01 1.102190475089110527e-02
2.426461159851931171e-01 1.170514875532504585e-02
2.476960865538796186e-01 1.244966571737981739e-02
2.528511575180167337e-01 1.324153837891128144e-02
2.581135162355253088e-01 1.408377884358830157e-02
2.634853955877961562e-01 1.497959080275790798e-02
2.689690749271278492e-01 1.593238172155929042e-02
2.745668810438831597e-01 1.694577580014679230e-02
2.802811891537738131e-01 1.802329124731401333e-02
2.861144239056928607e-01 1.916812864167540334e-02
2.920690604105219967e-01 2.038568597611563338e-02
2.981476252913505820e-01 2.168058241289400404e-02
3.043526977555517377e-01 2.305773052292712025e-02
3.106869106891708698e-01 2.452235492307315232e-02
3.171529517740905302e-01 2.608001209725437086e-02
3.237535646284456226e-01 2.781270079031190889e-02
3.304915499707733462e-01 2.968786726111193042e-02
3.373697668083914247e-01 3.168945976006803250e-02
3.443911336505087739e-01 3.382600208538386749e-02
3.515586297465838617e-01 3.610659272021420063e-02
3.588752963504552862e-01 3.854084447934028046e-02
3.663442380107827523e-01 4.113580430672710703e-02
3.739686238883428437e-01 4.390548310036178348e-02
3.817516891007428637e-01 4.686164470985954705e-02
3.896967360951185122e-01 5.001684504628555600e-02
3.978071360494027653e-01 5.338448541175076778e-02
4.060863303027552607e-01 5.694323503112107970e-02
4.145378318157649788e-01 6.073569754286552852e-02
4.231652266610403390e-01 6.478074092563236575e-02
4.319721755448220901e-01 6.909518725642516124e-02
4.409624153602658136e-01 7.373106774861100388e-02
4.501397607730483474e-01 7.876794434956244095e-02
4.595081058399779206e-01 8.414891098837588845e-02
4.690714256612865118e-01 8.989747388994712152e-02
4.788337780673142530e-01 9.602610013248995269e-02
4.887993053402931998e-01 1.023749918434397471e-01
4.989722359719687139e-01 1.091436488671717053e-01
5.093568864577977529e-01 1.163598245385730479e-01
5.199576631284887895e-01 1.240276035682791878e-01
5.307790640196620169e-01 1.320752720599417673e-01
5.418256807804173736e-01 1.406451224392518129e-01
5.531022006216277376e-01 1.497710370566159022e-01
5.646134083047763541e-01 1.595255879834210910e-01
5.763641881721900395e-01 1.699435626708870328e-01
5.883595262195214781e-01 1.810418933937739949e-01
6.006045122113689017e-01 1.928041751299029438e-01
6.131043418409223289e-01 2.051150196342732823e-01
6.258643189345570734e-01 2.182119305830479694e-01
6.388898577023131020e-01 2.321737558632177290e-01
6.521864850352057097e-01 2.473105055044177991e-01
6.657598428503537225e-01 2.634341073798360799e-01
6.796156904849094404e-01 2.806864143182942750e-01
6.937599071398169448e-01 2.995206525743795978e-01
7.081984943744236149e-01 3.196186802858554388e-01
7.229375786530161108e-01 3.403698159991884187e-01
7.379834139443505192e-01 3.612615180839167106e-01
7.533423843752851123e-01 3.834355407372760927e-01
7.690210069396433701e-01 4.083721329911624287e-01
7.850259342634492432e-01 4.354162603104543283e-01
8.013639574277185984e-01 4.635668315625496305e-01
8.180420088499924525e-01 4.915188916044040401e-01
8.350671652258471189e-01 5.211563993689742880e-01
8.524466505316175002e-01 5.560588377432246210e-01
8.701878390896189419e-01 5.937304841915024278e-01
8.882982586971583938e-01 6.336064158645249300e-01
9.067855938206671462e-01 6.759496390620083339e-01
9.256576888563147198e-01 7.177197803930366327e-01
9.449225514584753682e-01 7.581709554455497990e-01
9.645883559374751615e-01 8.053004438855428937e-01
9.846634467280448444e-01 8.620297628049519156e-01
1.005156341929967390e+00 9.199214672954936223e-01
1.026075736922404058e+00 9.777342806941307085e-01
1.047430508053451392e+00 1.039604381918702414e+00
1.069229716406479680e+00 1.105793311011112445e+00
1.091482611644857048e+00 1.173778012868096798e+00
1.114198635936694659e+00 1.244820060366429226e+00
1.137387427961266795e+00 1.328432079957805767e+00
1.161058826998822235e+00 1.416725695337009094e+00
1.185222877105502892e+00 1.505062466809205191e+00
1.209889831375160485e+00 1.603705325592432285e+00
1.235070156289862053e+00 1.712517478197762566e+00
1.260774536160947035e+00 1.813697060798956429e+00
1.287013877662505523e+00 1.925957526471020254e+00
1.313799314459207501e+00 2.052121523555327176e+00
1.341142211930455019e+00 2.182202951883480235e+00
1.369054171992841074e+00 2.323138906858569719e+00
1.397547038022987298e+00 2.475189155779810246e+00
1.426632899882822825e+00 2.627686393947376242e+00
1.456324099049463694e+00 2.793489054518858872e+00
1.486633233851841318e+00 2.972409265655934441e+00
1.517573164816328868e+00 3.164966787038773433e+00
1.549157020123613560e+00 3.373624051867830875e+00
1.581398201179137208e+00 3.585274824104254687e+00
1.614310388299477594e+00 6.756993761188245351e+00
1.647907546517062949e+00 inf
1.682203931505708239e+00 inf
1.717214095629459480e+00 inf
1.752952894117343119e+00 inf
1.789435491366608399e+00 inf
1.826677367377168348e+00 inf
1.864694324319941865e+00 inf
1.903502493241907789e+00 inf
1.943118340910698461e+00 inf
1.983558676801640885e+00 inf
2.024840660230225353e+00 inf
2.066981807632997992e+00 inf
2.109999999999999876e+00 inf
