# k [Mpc^-1], sensitivity [mK^2], z=6.5, 189.4 MHz
3.500000000000000333e-02 inf
3.572842282756675397e-02 inf
3.647200564986839699e-02 inf
3.723106397794004319e-02 inf
3.800591988925806214e-02 inf
3.879690216440116746e-02 inf
3.960434642655615706e-02 inf
4.042859528392659524e-02 inf
4.126999847510574859e-02 3.369484814309153808e-01
4.212891301747467149e-02 3.405641633722473749e-01
4.300570335868902916e-02 3.442186439923725083e-01
4.390074153131857948e-02 3.479123396269919732e-01
4.481440731070487210e-02 3.516456710793665064e-01
4.574708837610465956e-02 3.554190636682568183e-01
4.669918047518661214e-02 3.592329472763772236e-01
4.767108759195193973e-02 3.630877563993707424e-01
4.866322211814942678e-02 3.669839301953079502e-01
4.967600502825834929e-02 3.709219125347187340e-01
5.070986605811275694e-02 3.749021520511597316e-01
5.176524388724366293e-02 3.789251021923248364e-01
5.284258632501594166e-02 3.829912212717043740e-01
5.394235050063903719e-02 3.871009725207976149e-01
5.506500305713256382e-02 3.912548241418873363e-01
5.621102034932823344e-02 3.954532493613786559e-01
5.738088864599311806e-02 3.996967264837119616e-01
5.857510433615904094e-02 4.039857389458528236e-01
5.979417413974657397e-02 4.083207753723687161e-01
6.103861532257209149e-02 4.127023296310937117e-01
6.230895591583001519e-02 4.171309008893936965e-01
6.360573494014265528e-02 4.216069936710333810e-01
6.492950263427293978e-02 4.261311179136533789e-01
6.628082068859754428e-02 4.307037890268661795e-01
6.766026248343849636e-02 4.353255279509722908e-01
6.906841333235554103e-02 4.399968612163097093e-01
7.050587073050135212e-02 4.447183210032378264e-01
7.197324460814619185e-02 4.494904452027665420e-01
7.347115758947816988e-02 4.543137774778346905e-01
7.500024525679045706e-02 4.591888673252472186e-01
7.656115642016625422e-02 4.641162701382764433e-01
7.815455339277647961e-02 4.690965472699346606e-01
7.978111227190747001e-02 4.741302660969264893e-01
8.144152322583671222e-02 4.792180000842870546e-01
8.313649078667982584e-02 4.852326153337296888e-01
8.486673414933156023e-02 4.923268694320647731e-01
8.663298747662909194e-02 4.995248437660587681e-01
8.843600021086570062e-02 5.068280547583171591e-01
9.027653739178835568e-02 5.142380410020230830e-01
9.215537998121303698e-02 5.217563635850781534e-01
9.407332519439604024e-02 5.293846064189819955e-01
9.603118683830201563e-02 5.371243765725203234e-01
9.802979565691193053e-02 5.449773046103326690e-01
1.000699996837176586e-01 5.529450449364285980e-01
1.021526646015524509e-01 5.610292761427261299e-01
1.042786741099108044e-01 5.692317013626881916e-01
1.064489302999123421e-01 5.775540486301263821e-01
1.086643540370700461e-01 5.859980712432525385e-01
1.109258853520242866e-01 5.945655481340520465e-01
1.132344838394090808e-01 6.032582842430579406e-01
1.155911290650195183e-01 6.120781108996038444e-01
1.179968209814531294e-01 6.210268862076369079e-01
1.204525803524016392e-01 6.301064954371703442e-01
1.229594491857733396e-01 6.393188514214610541e-01
1.255184911758291388e-01 6.402800308500433690e-01
1.281307921545208894e-01 6.389507628349686552e-01
1.307974605522227440e-01 6.376242544771855147e-01
1.335196278680513826e-01 6.363005000474445394e-01
1.362984491499744655e-01 6.349794938283902512e-01
1.391351034849112878e-01 6.336612301145370107e-01
1.420307944990333859e-01 6.323457032122439259e-01
1.449867508684773432e-01 6.310329074396909821e-01
1.480042268406868700e-01 6.297228371268536185e-01
1.510845027666047613e-01 6.284154866154787467e-01
1.542288856439409939e-01 6.271108502590604372e-01
1.574387096717475842e-01 6.258089224228150504e-01
1.607153368165349372e-01 6.245096974836572556e-01
1.640601573901705190e-01 6.232131698301757172e-01
1.674745906398046880e-01 6.183591751286517946e-01
1.709600853500741757e-01 6.127599120379163544e-01
1.745181204578385992e-01 6.072113504624495617e-01
1.781502056797110434e-01 6.017130312983284268e-01
1.818578821526486422e-01 5.962644995988314323e-01
1.856427230878753554e-01 5.908653045367948664e-01
1.895063344384143311e-01 5.855149993673103292e-01
1.934503555805126840e-01 5.802131413907593016e-01
1.974764600092484834e-01 5.749592919161832238e-01
2.015863560486145234e-01 5.697530162249849761e-01
2.057817875763805759e-01 5.645938835349589846e-01
2.100645347640413829e-01 5.564241955290137875e-01
2.144364148321648011e-01 5.483269828825457770e-01
2.188992828214597897e-01 5.403476027336021614e-01
2.234550323798925042e-01 5.324843403566248412e-01
2.281055965661834550e-01 5.247355059791358745e-01
2.328529486700275375e-01 5.170994344186146119e-01
2.376991030493841028e-01 5.095744847246586051e-01
2.426461159851931171e-01 5.021590398263521271e-01
2.476960865538796186e-01 4.946577581778308086e-01
2.528511575180167337e-01 4.860346312763149657e-01
2.581135162355253088e-01 4.775618271309479690e-01
2.634853955877961562e-01 4.692367252386019927e-01
2.689690749271278492e-01 4.610567507780991559e-01
2.745668810438831597e-01 4.530193738138611481e-01
2.802811891537738131e-01 4.451221085134394739e-01
2.861144239056928607e-01 4.373625123786876179e-01
2.920690604105219967e-01 4.298583367096650010e-01
2.981476252913505820e-01 4.225464643630857942e-01
3.043526977555517377e-01 4.153589666596085306e-01
3.106869106891708698e-01 4.082937279917508988e-01
3.171529517740905302e-01 4.013486687384252849e-01
3.237535646284456226e-01 3.945217446528119787e-01
3.304915499707733462e-01 3.876963592984292717e-01
3.373697668083914247e-01 3.804302814339037830e-01
3.443911336505087739e-01 3.733003820148733110e-01
3.515586297465838617e-01 3.663041088296271619e-01
3.588752963504552862e-01 3.594389574991683212e-01
3.663442380107827523e-01 3.527024705807485505e-01
3.739686238883428437e-01 3.460916708242343098e-01
3.817516891007428637e-01 3.396040992298613448e-01
3.896967360951185122e-01 3.332381387250934468e-01
3.978071360494027653e-01 3.269915096808117538e-01
4.060863303027552607e-01 3.208619752000941849e-01
4.145378318157649788e-01 3.147918042573675246e-01
4.231652266610403390e-01 3.087281383007728919e-01
4.319721755448220901e-01 3.027812734944494988e-01
4.409624153602658136e-01 2.969489599603855612e-01
4.501397607730483474e-01 2.912289911587651048e-01
4.595081058399779206e-01 2.933782344288186072e-01
4.690714256612865118e-01 2.988360475635424285e-01
4.788337780673142530e-01 3.043953942161551351e-01
4.887993053402931998e-01 3.100581632485505668e-01
4.989722359719687139e-01 3.156545425675780225e-01
5.093568864577977529e-01 3.211651667738418814e-01
5.199576631284887895e-01 3.267719941866098488e-01
5.307790640196620169e-01 3.324767042992745614e-01
5.418256807804173736e-01 3.369096264829390952e-01
5.531022006216277376e-01 3.404687160479002439e-01
5.646134083047763541e-01 3.440654035843519476e-01
5.763641881721900395e-01 3.477000862746170151e-01
5.883595262195214781e-01 3.505292332263103550e-01
6.006045122113689017e-01 3.533811988793598702e-01
6.131043418409223289e-01 3.562563686115994277e-01
6.258643189345570734e-01 3.582758568352832351e-01
6.388898577023131020e-01 3.598323792122527509e-01
6.521864850352057097e-01 3.613956638699167834e-01
6.657598428503537225e-01 3.636514550239895449e-01
6.796156904849094404e-01 3.665666705773774070e-01
6.937599071398169448e-01 3.695052559856230601e-01
7.081984943744236149e-01 3.713348020926148241e-01
7.229375786530161108e-01 3.723309595320350440e-01
7.379834139443505192e-01 3.733297893028352799e-01
7.533423843752851123e-01 3.741850984965310878e-01
7.690210069396433701e-01 3.750055422201939992e-01
7.850259342634492432e-01 3.757706931764859259e-01
8.013639574277185984e-01 3.762665313486138752e-01
8.180420088499924525e-01 3.767630237907457769e-01
8.350671652258471189e-01 3.800139592009915135e-01
8.524466505316175002e-01 3.845820353858917517e-01
8.701878390896189419e-01 3.876381722853926015e-01
8.882982586971583938e-01 3.873144367344663608e-01
9.067855938206671462e-01 3.870236696169958579e-01
9.256576888563147198e-01 3.872730020029982456e-01
9.449225514584753682e-01 3.875224950164856685e-01
9.645883559374751615e-01 3.886118804636201074e-01
9.846634467280448444e-01 3.897989517925452008e-01
1.005156341929967390e+00 3.900741782884188935e-01
1.026075736922404058e+00 3.901661131561906526e-01
1.047430508053451392e+00 3.894015751036556949e-01
1.069229716406479680e+00 3.884892263360729125e-01
1.091482611644857048e+00 3.916996871910961020e-01
1.114198635936694659e+00 3.950393786215965486e-01
1.137387427961266795e+00 3.973931533062342591e-01
1.161058826998822235e+00 3.995156485876432129e-01
1.185222877105502892e+00 4.011905535456743999e-01
1.209889831375160485e+00 4.010139504882982431e-01
1.235070156289862053e+00 3.998219545120484941e-01
1.260774536160947035e+00 4.007442077034203409e-01
1.287013877662505523e+00 4.020457372279081509e-01
1.313799314459207501e+00 4.039007501119161181e-01
1.341142211930455019e+00 4.033939544130948351e-01
1.369054171992841074e+00 4.033159241530697159e-01
1.397547038022987298e+00 4.045712867220510600e-01
1.426632899882822825e+00 4.047240448347378394e-01
1.456324099049463694e+00 4.045278676459644340e-01
1.486633233851841318e+00 4.044747971899302352e-01
1.517573164816328868e+00 4.066268796340262726e-01
1.549157020123613560e+00 4.072920527448829486e-01
1.581398201179137208e+00 4.082130365006409467e-01
1.614310388299477594e+00 4.089309027907528926e-01
1.647907546517062949e+00 4.098059092789682056e-01
1.682203931505708239e+00 4.801086329463684077e-01
1.717214095629459480e+00 1.191928028464907863e+00
1.752952894117343119e+00 inf
1.789435491366608399e+00 inf
1.826677367377168348e+00 inf
1.864694324319941865e+00 inf
1.903502493241907789e+00 inf
1.943118340910698461e+00 inf
1.983558676801640885e+00 inf
2.024840660230225353e+00 inf
2.066981807632997992e+00 inf
2.109999999999999876e+00 inf
