# k [Mpc^-1], sensitivity [mK^2], z=7.0, 177.6 MHz
3.500000000000000333e-02 inf
3.572842282756675397e-02 inf
3.647200564986839699e-02 inf
3.723106397794004319e-02 inf
3.800591988925806214e-02 inf
3.879690216440116746e-02 inf
3.960434642655615706e-02 inf
4.042859528392659524e-02 inf
4.126999847510574859e-02 inf
4.212891301747467149e-02 inf
4.300570335868902916e-02 inf
4.390074153131857948e-02 inf
4.481440731070487210e-02 inf
4.574708837610465956e-02 inf
4.669918047518661214e-02 inf
4.767108759195193973e-02 inf
4.866322211814942678e-02 inf
4.967600502825834929e-02 inf
5.070986605811275694e-02 inf
5.176524388724366293e-02 inf
5.284258632501594166e-02 inf
5.394235050063903719e-02 inf
5.506500305713256382e-02 inf
5.621102034932823344e-02 inf
5.738088864599311806e-02 inf
5.857510433615904094e-02 inf
5.979417413974657397e-02 inf
6.103861532257209149e-02 inf
6.230895591583001519e-02 inf
6.360573494014265528e-02 inf
6.492950263427293978e-02 inf
6.628082068859754428e-02 inf
6.766026248343849636e-02 inf
6.906841333235554103e-02 inf
7.050587073050135212e-02 inf
7.197324460814619185e-02 inf
7.347115758947816988e-02 inf
7.500024525679045706e-02 inf
7.656115642016625422e-02 inf
7.815455339277647961e-02 inf
7.978111227190747001e-02 inf
8.144152322583671222e-02 inf
8.313649078667982584e-02 inf
8.486673414933156023e-02 inf
8.663298747662909194e-02 inf
8.843600021086570062e-02 inf
9.027653739178835568e-02 inf
9.215537998121303698e-02 inf
9.407332519439604024e-02 inf
9.603118683830201563e-02 inf
9.802979565691193053e-02 inf
1.000699996837176586e-01 inf
1.021526646015524509e-01 inf
1.042786741099108044e-01 inf
1.064489302999123421e-01 inf
1.086643540370700461e-01 inf
1.109258853520242866e-01 inf
1.132344838394090808e-01 inf
1.155911290650195183e-01 inf
1.179968209814531294e-01 inf
1.204525803524016392e-01 1.579252917808141379e-02
1.229594491857733396e-01 1.621020773399714857e-02
1.255184911758291388e-01 1.663893299269903966e-02
1.281307921545208894e-01 1.707899711580445137e-02
1.307974605522227440e-01 1.753069999197952658e-02
1.335196278680513826e-01 1.799434944130297656e-02
1.362984491499744655e-01 1.847026142503500543e-02
1.391351034849112878e-01 1.895876026093406413e-02
1.420307944990333859e-01 1.946017884426838596e-02
1.449867508684773432e-01 1.997485887467269003e-02
1.480042268406868700e-01 2.050315108900485628e-02
1.510845027666047613e-01 2.104541550036103867e-02
1.542288856439409939e-01 2.160202164341236408e-02
1.574387096717475842e-01 2.217334882623014577e-02
1.607153368165349372e-01 2.282003271294300029e-02
1.640601573901705190e-01 2.357943871326988877e-02
1.674745906398046880e-01 2.436411625814655785e-02
1.709600853500741757e-01 2.517490633508645895e-02
1.745181204578385992e-01 2.601267791802063314e-02
1.781502056797110434e-01 2.687832889863081900e-02
1.818578821526486422e-01 2.777278704867558110e-02
1.856427230878753554e-01 2.869701101434075571e-02
1.895063344384143311e-01 2.965199134367994122e-02
1.934503555805126840e-01 3.063875154824614866e-02
1.974764600092484834e-01 3.165834920005259484e-02
2.015863560486145234e-01 3.292526436160701786e-02
2.057817875763805759e-01 3.441432315084078791e-02
2.100645347640413829e-01 3.597072524378937958e-02
2.144364148321648011e-01 3.759751626940177616e-02
2.188992828214597897e-01 3.929787959646421219e-02
2.234550323798925042e-01 4.107514256294171606e-02
2.281055965661834550e-01 4.293278298704409496e-02
2.328529486700275375e-01 4.487443597275773272e-02
2.376991030493841028e-01 4.690390102316019383e-02
2.426461159851931171e-01 4.910462025115321094e-02
2.476960865538796186e-01 5.144190199670634761e-02
2.528511575180167337e-01 5.389043368025221714e-02
2.581135162355253088e-01 5.645551057640917081e-02
2.634853955877961562e-01 5.914268000428032912e-02
2.689690749271278492e-01 6.195775332426699256e-02
2.745668810438831597e-01 6.490681850590623858e-02
2.802811891537738131e-01 6.810139831728385940e-02
2.861144239056928607e-01 7.182219200200434805e-02
2.920690604105219967e-01 7.574627528115805697e-02
2.981476252913505820e-01 7.988475510200050700e-02
3.043526977555517377e-01 8.424934525188483569e-02
3.106869106891708698e-01 8.885239951362799982e-02
3.171529517740905302e-01 9.370694663235674959e-02
3.237535646284456226e-01 9.810465177625724009e-02
3.304915499707733462e-01 1.024555384790003937e-01
3.373697668083914247e-01 1.069993845853739051e-01
3.443911336505087739e-01 1.117447477375305281e-01
3.515586297465838617e-01 1.167005651042894443e-01
3.588752963504552862e-01 1.218810321361312454e-01
3.663442380107827523e-01 1.274550542182133761e-01
3.739686238883428437e-01 1.332839947369626743e-01
3.817516891007428637e-01 1.393795119542943772e-01
3.896967360951185122e-01 1.457537973029391642e-01
3.978071360494027653e-01 1.524195997701063843e-01
4.060863303027552607e-01 1.596079308319414414e-01
4.145378318157649788e-01 1.671564226061254821e-01
4.231652266610403390e-01 1.750619124803911297e-01
4.319721755448220901e-01 1.833412843101191736e-01
4.409624153602658136e-01 1.921909788798911445e-01
4.501397607730483474e-01 2.019316139501147189e-01
4.595081058399779206e-01 2.121659244890012341e-01
4.690714256612865118e-01 2.229189309871652813e-01
4.788337780673142530e-01 2.342642523981868508e-01
4.887993053402931998e-01 2.469163409276072807e-01
4.989722359719687139e-01 2.602517404723344585e-01
5.093568864577977529e-01 2.743073551326329351e-01
5.199576631284887895e-01 2.890560257767260111e-01
5.307790640196620169e-01 3.042766204120720408e-01
5.418256807804173736e-01 3.202986738664512223e-01
5.531022006216277376e-01 3.371643879233028329e-01
5.646134083047763541e-01 3.549105960915707736e-01
5.763641881721900395e-01 3.735850750811354204e-01
5.883595262195214781e-01 3.932421569272275264e-01
6.006045122113689017e-01 4.133184227627330065e-01
6.131043418409223289e-01 4.322733154029102520e-01
6.258643189345570734e-01 4.520974844537511417e-01
6.388898577023131020e-01 4.731111822334269634e-01
6.521864850352057097e-01 4.978181717436298559e-01
6.657598428503537225e-01 5.238154189217574253e-01
6.796156904849094404e-01 5.515094823258749335e-01
6.937599071398169448e-01 5.826245928885466219e-01
7.081984943744236149e-01 6.154951585002300662e-01
7.229375786530161108e-01 6.487398418722130078e-01
7.379834139443505192e-01 6.812387607802700140e-01
7.533423843752851123e-01 7.153657278858048807e-01
7.690210069396433701e-01 7.545517928952408804e-01
7.850259342634492432e-01 7.970349465253381283e-01
8.013639574277185984e-01 8.409246720289521582e-01
8.180420088499924525e-01 8.843502500741659000e-01
8.350671652258471189e-01 9.300183367426689829e-01
8.524466505316175002e-01 9.878255388520820190e-01
8.701878390896189419e-01 1.050437087537612113e+00
8.882982586971583938e-01 1.115501646195849128e+00
9.067855938206671462e-01 1.183682883132775698e+00
9.256576888563147198e-01 1.250101933401845056e+00
9.449225514584753682e-01 1.313488181922383813e+00
9.645883559374751615e-01 1.388798507043389030e+00
9.846634467280448444e-01 1.481588433734806642e+00
1.005156341929967390e+00 1.575683090752960425e+00
1.026075736922404058e+00 1.668925711112582810e+00
1.047430508053451392e+00 1.769793917032344677e+00
1.069229716406479680e+00 1.878761701925807825e+00
1.091482611644857048e+00 1.989638576807991832e+00
1.114198635936694659e+00 2.104836836417803614e+00
1.137387427961266795e+00 2.242116859441884102e+00
1.161058826998822235e+00 2.387241435058405692e+00
1.185222877105502892e+00 2.533221352813791238e+00
1.209889831375160485e+00 2.695399198651096562e+00
1.235070156289862053e+00 2.873563828328395076e+00
1.260774536160947035e+00 3.041688284516390173e+00
1.287013877662505523e+00 3.227693364257841591e+00
1.313799314459207501e+00 3.435997435923471954e+00
1.341142211930455019e+00 3.651862026969844965e+00
1.369054171992841074e+00 3.886124013491038642e+00
1.397547038022987298e+00 4.139234931444054411e+00
1.426632899882822825e+00 4.393315758901564116e+00
1.456324099049463694e+00 4.669286476183565959e+00
1.486633233851841318e+00 4.967240657934455683e+00
1.517573164816328868e+00 5.288234448149557565e+00
1.549157020123613560e+00 5.635095979215320128e+00
1.581398201179137208e+00 5.988731868025853444e+00
1.614310388299477594e+00 1.181932250051714739e+01
1.647907546517062949e+00 inf
1.682203931505708239e+00 inf
1.717214095629459480e+00 inf
1.752952894117343119e+00 inf
1.789435491366608399e+00 inf
1.826677367377168348e+00 inf
1.864694324319941865e+00 inf
1.903502493241907789e+00 inf
1.943118340910698461e+00 inf
1.983558676801640885e+00 inf
2.024840660230225353e+00 inf
2.066981807632997992e+00 inf
2.109999999999999876e+00 inf
