# k [Mpc^-1], sensitivity [mK^2], z=8.0, 157.8 MHz
3.500000000000000333e-02 inf
3.572842282756675397e-02 inf
3.647200564986839699e-02 inf
3.723106397794004319e-02 inf
3.800591988925806214e-02 4.338657503181888404e-04
3.879690216440116746e-02 4.474531686728610517e-04
3.960434642655615706e-02 4.614661056065174575e-04
4.042859528392659524e-02 4.759178871282870264e-04
4.126999847510574859e-02 4.908222565793015583e-04
4.212891301747467149e-02 5.061933877023196268e-04
4.300570335868902916e-02 5.220458981206600431e-04
4.390074153131857948e-02 5.383948632392577269e-04
4.481440731070487210e-02 5.552558305810532035e-04
4.574708837610465956e-02 5.726448345723638821e-04
4.669918047518661214e-02 5.905784117912859892e-04
4.767108759195193973e-02 6.090736166936357339e-04
4.866322211814942678e-02 6.281480378313734816e-04
4.967600502825834929e-02 6.478198145789556108e-04
5.070986605811275694e-02 6.681076543834927380e-04
5.176524388724366293e-02 6.890308505551420324e-04
5.284258632501594166e-02 7.106093006146424040e-04
5.394235050063903719e-02 7.328635252154353181e-04
5.506500305713256382e-02 7.558146876583787506e-04
5.621102034932823344e-02 7.794846140176011880e-04
5.738088864599311806e-02 8.038958138966437661e-04
5.857510433615904094e-02 8.290715018346125117e-04
5.979417413974657397e-02 8.550356193827300839e-04
6.103861532257209149e-02 8.818128578722388968e-04
6.230895591583001519e-02 9.094286818953432449e-04
6.360573494014265528e-02 9.379093535215048301e-04
6.492950263427293978e-02 9.672819572721149404e-04
6.628082068859754428e-02 9.975744258773093162e-04
6.766026248343849636e-02 1.028815566839407208e-03
6.906841333235554103e-02 1.061035089828247374e-03
7.050587073050135212e-02 1.094263634934448167e-03
7.197324460814619185e-02 1.128532801807507558e-03
7.347115758947816988e-02 1.163875179706394493e-03
7.500024525679045706e-02 1.200324378491254406e-03
7.656115642016625422e-02 1.258721262076058960e-03
7.815455339277647961e-02 1.321284101399093159e-03
7.978111227190747001e-02 1.386956532163927461e-03
8.144152322583671222e-02 1.455893111916849256e-03
8.313649078667982584e-02 1.528256080253572423e-03
8.486673414933156023e-02 1.604215740643878240e-03
8.663298747662909194e-02 1.683950861234321736e-03
8.843600021086570062e-02 1.767649095572181072e-03
9.027653739178835568e-02 1.855507424240906891e-03
9.215537998121303698e-02 1.947732618446349016e-03
9.407332519439604024e-02 2.044541726644867521e-03
9.603118683830201563e-02 2.146162585358536018e-03
9.802979565691193053e-02 2.252834355379676641e-03
1.000699996837176586e-01 2.364808084626589084e-03
1.021526646015524509e-01 2.482347298975195061e-03
1.042786741099108044e-01 2.605728622457098749e-03
1.064489302999123421e-01 2.735242428283609240e-03
1.086643540370700461e-01 2.871193522227962446e-03
1.109258853520242866e-01 3.013901859974015864e-03
1.132344838394090808e-01 3.166149675085699628e-03
1.155911290650195183e-01 3.333452288952478033e-03
1.179968209814531294e-01 3.509595345463802866e-03
1.204525803524016392e-01 3.695045982725564220e-03
1.229594491857733396e-01 3.890296022902894977e-03
1.255184911758291388e-01 4.095863276551309565e-03
1.281307921545208894e-01 4.312292915870056566e-03
1.307974605522227440e-01 4.540158920519603118e-03
1.335196278680513826e-01 4.780065599837578921e-03
1.362984491499744655e-01 5.032649195490186689e-03
1.391351034849112878e-01 5.298579568809400064e-03
1.420307944990333859e-01 5.578561977290744968e-03
1.449867508684773432e-01 5.873338944963090932e-03
1.480042268406868700e-01 6.183692231590720741e-03
1.510845027666047613e-01 6.517710241493490479e-03
1.542288856439409939e-01 6.888301350937186748e-03
1.574387096717475842e-01 7.279963935685880745e-03
1.607153368165349372e-01 7.693896100767482447e-03
1.640601573901705190e-01 8.131364074378196610e-03
1.674745906398046880e-01 8.593706081304225072e-03
1.709600853500741757e-01 9.082336436582769817e-03
1.745181204578385992e-01 9.598749871924881424e-03
1.781502056797110434e-01 1.014452610813480413e-02
1.818578821526486422e-01 1.072133468751295012e-02
1.856427230878753554e-01 1.133094008102491709e-02
1.895063344384143311e-01 1.200872223195345763e-02
1.934503555805126840e-01 1.276890740343505741e-02
1.974764600092484834e-01 1.357721438869322582e-02
2.015863560486145234e-01 1.443668943099606257e-02
2.057817875763805759e-01 1.535057160919539240e-02
2.100645347640413829e-01 1.632230504474996291e-02
2.144364148321648011e-01 1.735555188148688380e-02
2.188992828214597897e-01 1.845420608701760223e-02
2.234550323798925042e-01 1.962240812782160143e-02
2.281055965661834550e-01 2.087494229768832241e-02
2.328529486700275375e-01 2.221453471661257936e-02
2.376991030493841028e-01 2.364009182100751394e-02
2.426461159851931171e-01 2.515713015982014994e-02
2.476960865538796186e-01 2.677152029146222592e-02
2.528511575180167337e-01 2.848950950140084065e-02
2.581135162355253088e-01 3.031774597758849984e-02
2.634853955877961562e-01 3.228353653871998685e-02
2.689690749271278492e-01 3.452801780515633856e-02
2.745668810438831597e-01 3.692854443388876584e-02
2.802811891537738131e-01 3.949596532593429438e-02
2.861144239056928607e-01 4.224188364153012853e-02
2.920690604105219967e-01 4.517870923926732563e-02
2.981476252913505820e-01 4.831971476100407198e-02
3.043526977555517377e-01 5.155112986389587953e-02
3.106869106891708698e-01 5.492279043033018032e-02
3.171529517740905302e-01 5.851497176915617521e-02
3.237535646284456226e-01 6.234209686575384324e-02
3.304915499707733462e-01 6.641953202936808076e-02
3.373697668083914247e-01 7.076364859045401745e-02
3.443911336505087739e-01 7.556114539376732053e-02
3.515586297465838617e-01 8.069870678925028518e-02
3.588752963504552862e-01 8.618558180292686111e-02
3.663442380107827523e-01 9.204552100329904674e-02
3.739686238883428437e-01 9.830388981003586324e-02
3.817516891007428637e-01 1.048351081393486817e-01
3.896967360951185122e-01 1.117619399492501969e-01
3.978071360494027653e-01 1.191464523947161763e-01
4.060863303027552607e-01 1.270188860777875794e-01
4.145378318157649788e-01 1.353689403026508697e-01
4.231652266610403390e-01 1.440647539317447545e-01
4.319721755448220901e-01 1.533191681859365496e-01
4.409624153602658136e-01 1.631680663846800938e-01
4.501397607730483474e-01 1.736496369157672359e-01
4.595081058399779206e-01 1.856017823399918609e-01
4.690714256612865118e-01 1.984138919792228783e-01
4.788337780673142530e-01 2.121104228311072037e-01
4.887993053402931998e-01 2.266195588502398495e-01
4.989722359719687139e-01 2.403066940308397070e-01
5.093568864577977529e-01 2.548204907335190339e-01
5.199576631284887895e-01 2.702108768111889936e-01
5.307790640196620169e-01 2.876451052648537621e-01
5.418256807804173736e-01 3.075230535886152583e-01
5.531022006216277376e-01 3.287746836553651075e-01
5.646134083047763541e-01 3.512744923008323528e-01
5.763641881721900395e-01 3.736714911188217525e-01
5.883595262195214781e-01 3.974965058248054461e-01
6.006045122113689017e-01 4.228405856434123145e-01
6.131043418409223289e-01 4.489009475285044015e-01
6.258643189345570734e-01 4.765597153454159685e-01
6.388898577023131020e-01 5.060509107501195425e-01
6.521864850352057097e-01 5.400288500019120308e-01
6.657598428503537225e-01 5.762881809699801350e-01
6.796156904849094404e-01 6.144120439941568312e-01
6.937599071398169448e-01 6.534496204663117203e-01
7.081984943744236149e-01 6.949675070035362667e-01
7.229375786530161108e-01 7.379284773061994818e-01
7.379834139443505192e-01 7.828601609853959031e-01
7.533423843752851123e-01 8.314370335414557056e-01
7.690210069396433701e-01 8.881563399028487016e-01
7.850259342634492432e-01 9.487449467456182672e-01
8.013639574277185984e-01 1.009839702153195740e+00
8.180420088499924525e-01 1.073846648586149088e+00
8.350671652258471189e-01 1.141130964145666393e+00
8.524466505316175002e-01 1.211902485336111113e+00
8.701878390896189419e-01 1.289313616667988383e+00
8.882982586971583938e-01 1.375688368402673945e+00
9.067855938206671462e-01 1.465958241109937665e+00
9.256576888563147198e-01 1.557626701051979978e+00
9.449225514584753682e-01 1.656394815291332590e+00
9.645883559374751615e-01 1.764437176627633885e+00
9.846634467280448444e-01 1.876665302827357884e+00
1.005156341929967390e+00 1.991868266202990734e+00
1.026075736922404058e+00 2.118794325376298193e+00
1.047430508053451392e+00 2.257257565584597003e+00
1.069229716406479680e+00 2.404957807170903017e+00
1.091482611644857048e+00 2.560949377069202448e+00
1.114198635936694659e+00 2.716081614300504654e+00
1.137387427961266795e+00 2.887118149741609852e+00
1.161058826998822235e+00 3.076597310188189827e+00
1.185222877105502892e+00 3.275895098799085581e+00
1.209889831375160485e+00 3.485452315906914400e+00
1.235070156289862053e+00 3.703739733112194177e+00
1.260774536160947035e+00 3.942857731964243051e+00
1.287013877662505523e+00 4.193819966949519973e+00
1.313799314459207501e+00 4.452792425861606063e+00
1.341142211930455019e+00 4.742072155743511708e+00
1.369054171992841074e+00 5.046636714385198452e+00
1.397547038022987298e+00 5.370420849899451454e+00
1.426632899882822825e+00 5.720109274581548497e+00
1.456324099049463694e+00 6.069102451750118199e+00
1.486633233851841318e+00 6.457994542898318535e+00
1.517573164816328868e+00 1.220350523095038753e+01
1.549157020123613560e+00 inf
1.581398201179137208e+00 inf
1.614310388299477594e+00 inf
1.647907546517062949e+00 inf
1.682203931505708239e+00 inf
1.717214095629459480e+00 inf
1.752952894117343119e+00 inf
1.789435491366608399e+00 inf
1.826677367377168348e+00 inf
1.864694324319941865e+00 inf
1.903502493241907789e+00 inf
1.943118340910698461e+00 inf
1.983558676801640885e+00 inf
2.024840660230225353e+00 inf
2.066981807632997992e+00 inf
2.109999999999999876e+00 inf
