# k [Mpc^-1], sensitivity [mK^2], z=12.0, 109.3 MHz
3.500000000000000333e-02 3.162045845267287634e-03
3.572842282756675397e-02 3.265314202375410764e-03
3.647200564986839699e-02 3.371955171425825622e-03
3.723106397794004319e-02 3.482078897593982644e-03
3.800591988925806214e-02 3.595799123255356659e-03
3.879690216440116746e-02 3.713233305465330793e-03
3.960434642655615706e-02 3.834502737275911378e-03
4.042859528392659524e-02 3.959732673014433775e-03
4.126999847510574859e-02 4.089052457653737094e-03
4.212891301747467149e-02 4.222595660407372879e-03
4.300570335868902916e-02 4.360500212687923489e-03
4.390074153131857948e-02 4.502908550570784187e-03
4.481440731070487210e-02 4.649967761910663543e-03
4.574708837610465956e-02 4.801829738262772609e-03
4.669918047518661214e-02 4.958651331765446396e-03
4.767108759195193973e-02 5.120594517146472360e-03
4.866322211814942678e-02 5.287826559020261316e-03
4.967600502825834929e-02 5.460520184648755444e-03
5.070986605811275694e-02 5.638853762344481907e-03
5.176524388724366293e-02 5.823011485700023068e-03
5.284258632501594166e-02 6.013183563834185140e-03
5.394235050063903719e-02 6.209566417851355644e-03
5.506500305713256382e-02 6.412362883716985450e-03
5.621102034932823344e-02 6.621782421758680599e-03
5.738088864599311806e-02 6.838041333009439900e-03
5.857510433615904094e-02 7.061362982616210468e-03
5.979417413974657397e-02 7.291978030544856750e-03
6.103861532257209149e-02 7.530124669819544467e-03
6.230895591583001519e-02 7.776048872542760081e-03
6.360573494014265528e-02 8.169910883466562773e-03
6.492950263427293978e-02 8.603729224069519080e-03
6.628082068859754428e-02 9.060583110020285075e-03
6.766026248343849636e-02 9.541695717703522692e-03
6.906841333235554103e-02 1.004835517358197879e-02
7.050587073050135212e-02 1.058191800301432756e-02
7.197324460814619185e-02 1.114381276220374056e-02
7.347115758947816988e-02 1.173554386300102587e-02
7.500024525679045706e-02 1.235869560080311153e-02
7.656115642016625422e-02 1.301493639633096236e-02
7.815455339277647961e-02 1.370602326264371701e-02
7.978111227190747001e-02 1.443380650934945886e-02
8.144152322583671222e-02 1.520023469660691795e-02
8.313649078667982584e-02 1.600735985218264268e-02
8.486673414933156023e-02 1.685734296553110037e-02
8.663298747662909194e-02 1.775245977360807512e-02
8.843600021086570062e-02 1.869510685390765939e-02
9.027653739178835568e-02 1.968780804103689719e-02
9.215537998121303698e-02 2.073322118400725694e-02
9.407332519439604024e-02 2.185091875808925499e-02
9.603118683830201563e-02 2.310107194324047264e-02
9.802979565691193053e-02 2.442274994634770907e-02
1.000699996837176586e-01 2.582004490559402371e-02
1.021526646015524509e-01 2.729728308202202317e-02
1.042786741099108044e-01 2.885903825436832160e-02
1.064489302999123421e-01 3.051014588025447935e-02
1.086643540370700461e-01 3.225571806757994431e-02
1.109258853520242866e-01 3.410115940247105543e-02
1.132344838394090808e-01 3.605218368279183849e-02
1.155911290650195183e-01 3.811483160902672668e-02
1.179968209814531294e-01 4.029548948730874575e-02
1.204525803524016392e-01 4.260090900250131790e-02
1.229594491857733396e-01 4.503822812255429270e-02
1.255184911758291388e-01 4.767461683215062224e-02
1.281307921545208894e-01 5.067624243233725262e-02
1.307974605522227440e-01 5.386685237770319490e-02
1.335196278680513826e-01 5.725834524837798006e-02
1.362984491499744655e-01 6.086336876701387011e-02
1.391351034849112878e-01 6.469536696529766540e-02
1.420307944990333859e-01 6.876863032009722376e-02
1.449867508684773432e-01 7.309834904621337337e-02
1.480042268406868700e-01 7.770066974447913111e-02
1.510845027666047613e-01 8.259275561646028940e-02
1.542288856439409939e-01 8.779285047031433475e-02
1.574387096717475842e-01 9.346391816542240494e-02
1.607153368165349372e-01 9.973315744567627650e-02
1.640601573901705190e-01 1.064229158088506599e-01
1.674745906398046880e-01 1.135614002336864936e-01
1.709600853500741757e-01 1.211787097263785085e-01
1.745181204578385992e-01 1.293069622312915945e-01
1.781502056797110434e-01 1.379804300544138218e-01
1.818578821526486422e-01 1.472356843705492357e-01
1.856427230878753554e-01 1.571117494235592382e-01
1.895063344384143311e-01 1.674955020927495208e-01
1.934503555805126840e-01 1.784287687998728500e-01
1.974764600092484834e-01 1.900757043482221020e-01
2.015863560486145234e-01 2.024828934620687138e-01
2.057817875763805759e-01 2.156999616829512190e-01
2.100645347640413829e-01 2.297797738589824335e-01
2.144364148321648011e-01 2.447786455905445191e-01
2.188992828214597897e-01 2.607864098657390883e-01
2.234550323798925042e-01 2.783145833446072359e-01
2.281055965661834550e-01 2.970208736803447436e-01
2.328529486700275375e-01 3.169844653544445223e-01
2.376991030493841028e-01 3.382898650556768194e-01
2.426461159851931171e-01 3.610272594003112734e-01
2.476960865538796186e-01 3.852928966957013257e-01
2.528511575180167337e-01 4.113275721599251589e-01
2.581135162355253088e-01 4.392280486971005815e-01
2.634853955877961562e-01 4.690210231937826380e-01
2.689690749271278492e-01 5.008348643723474769e-01
2.745668810438831597e-01 5.348066482453414094e-01
2.802811891537738131e-01 5.710827487336725961e-01
2.861144239056928607e-01 6.077693299294792961e-01
2.920690604105219967e-01 6.464650236625227864e-01
2.981476252913505820e-01 6.876244098521356873e-01
3.043526977555517377e-01 7.314043478264498077e-01
3.106869106891708698e-01 7.779716838942181134e-01
3.171529517740905302e-01 8.290251043423044752e-01
3.237535646284456226e-01 8.839774936926696469e-01
3.304915499707733462e-01 9.425724326829638677e-01
3.373697668083914247e-01 1.005051369738563904e+00
3.443911336505087739e-01 1.071403016931893326e+00
3.515586297465838617e-01 1.140042537075615092e+00
3.588752963504552862e-01 1.213079453578226330e+00
3.663442380107827523e-01 1.290795485989876701e+00
3.739686238883428437e-01 1.373490402246266395e+00
3.817516891007428637e-01 1.461337575830564450e+00
3.896967360951185122e-01 1.554785420950714370e+00
3.978071360494027653e-01 1.654208955673343695e+00
4.060863303027552607e-01 1.760021037505135499e+00
4.145378318157649788e-01 1.875750423031397052e+00
4.231652266610403390e-01 1.999089541844299989e+00
4.319721755448220901e-01 2.130538768506706759e+00
4.409624153602658136e-01 2.268183447025464261e+00
4.501397607730483474e-01 2.411014557909965994e+00
4.595081058399779206e-01 2.562839970495796926e+00
4.690714256612865118e-01 2.724423631970897208e+00
4.788337780673142530e-01 2.899313674887010972e+00
4.887993053402931998e-01 3.085430506013393526e+00
4.989722359719687139e-01 3.283494811167357863e+00
5.093568864577977529e-01 3.496349445229732567e+00
5.199576631284887895e-01 3.723169064516901994e+00
5.307790640196620169e-01 3.964703214058989733e+00
5.418256807804173736e-01 4.213432707849060321e+00
5.531022006216277376e-01 4.477646086036675577e+00
5.646134083047763541e-01 4.761339304374867076e+00
5.763641881721900395e-01 5.074538205764137722e+00
5.883595262195214781e-01 5.408339199455728163e+00
6.006045122113689017e-01 5.752944374629088031e+00
6.131043418409223289e-01 6.111176632918062346e+00
6.258643189345570734e-01 6.493016195926140988e+00
6.388898577023131020e-01 6.911598559986031454e+00
6.521864850352057097e-01 7.357165485644866720e+00
6.657598428503537225e-01 7.833636836935447434e+00
6.796156904849094404e-01 8.341832032571693034e+00
6.937599071398169448e-01 8.868946748594456864e+00
7.081984943744236149e-01 9.412546747604652708e+00
7.229375786530161108e-01 1.000161706727655542e+01
7.379834139443505192e-01 1.065609896970416237e+01
7.533423843752851123e-01 1.134670148380746468e+01
7.690210069396433701e-01 1.206016393750179461e+01
7.850259342634492432e-01 1.282285771079448899e+01
8.013639574277185984e-01 1.364675174504141175e+01
8.180420088499924525e-01 1.452085175013081297e+01
8.350671652258471189e-01 1.544577192881985894e+01
8.524466505316175002e-01 1.642754353191579142e+01
8.701878390896189419e-01 1.746975587019613485e+01
8.882982586971583938e-01 1.856989538258456562e+01
9.067855938206671462e-01 1.973870003761627245e+01
9.256576888563147198e-01 2.101705608578986428e+01
9.449225514584753682e-01 2.236384346894940478e+01
9.645883559374751615e-01 2.377520618428392396e+01
9.846634467280448444e-01 2.528033633060100271e+01
1.005156341929967390e+00 2.688563473848220653e+01
1.026075736922404058e+00 2.860326927632343441e+01
1.047430508053451392e+00 3.042431407981141689e+01
1.069229716406479680e+00 3.235764663811114872e+01
1.091482611644857048e+00 3.441002539661705839e+01
1.114198635936694659e+00 3.659891814353250084e+01
1.137387427961266795e+00 3.893478632430469588e+01
1.161058826998822235e+00 4.141615731918269461e+01
1.185222877105502892e+00 4.402182313394502700e+01
1.209889831375160485e+00 4.683973979550786026e+01
1.235070156289862053e+00 4.982301844621500209e+01
1.260774536160947035e+00 1.234211327546159680e+02
1.287013877662505523e+00 inf
1.313799314459207501e+00 inf
1.341142211930455019e+00 inf
1.369054171992841074e+00 inf
1.397547038022987298e+00 inf
1.426632899882822825e+00 inf
1.456324099049463694e+00 inf
1.486633233851841318e+00 inf
1.517573164816328868e+00 inf
1.549157020123613560e+00 inf
1.581398201179137208e+00 inf
1.614310388299477594e+00 inf
1.647907546517062949e+00 inf
1.682203931505708239e+00 inf
1.717214095629459480e+00 inf
1.752952894117343119e+00 inf
1.789435491366608399e+00 inf
1.826677367377168348e+00 inf
1.864694324319941865e+00 inf
1.903502493241907789e+00 inf
1.943118340910698461e+00 inf
1.983558676801640885e+00 inf
2.024840660230225353e+00 inf
2.066981807632997992e+00 inf
2.109999999999999876e+00 inf
