# k [Mpc^-1], sensitivity [mK^2], z=14.0, 94.7 MHz
3.500000000000000333e-02 1.267206360677740340e-02
3.572842282756675397e-02 1.309402756501205044e-02
3.647200564986839699e-02 1.353004239827181217e-02
3.723106397794004319e-02 1.398057598322035439e-02
3.800591988925806214e-02 1.444611177623239193e-02
3.879690216440116746e-02 1.492714933217859953e-02
3.960434642655615706e-02 1.542420484048564501e-02
4.042859528392659524e-02 1.593781167904605167e-02
4.126999847510574859e-02 1.646852098657287933e-02
4.212891301747467149e-02 1.701690225401286324e-02
4.300570335868902916e-02 1.758354393565301696e-02
4.390074153131857948e-02 1.816905408057628221e-02
4.481440731070487210e-02 1.877406098514381935e-02
4.574708837610465956e-02 1.939921386720426869e-02
4.669918047518661214e-02 2.004518356275314384e-02
4.767108759195193973e-02 2.071266324579038379e-02
4.866322211814942678e-02 2.140236917214799819e-02
4.967600502825834929e-02 2.211504144808646224e-02
5.070986605811275694e-02 2.285144482448419473e-02
5.176524388724366293e-02 2.361236951747286428e-02
5.284258632501594166e-02 2.439863205639852817e-02
5.394235050063903719e-02 2.521107616001890678e-02
5.506500305713256382e-02 2.605057364187713179e-02
5.621102034932823344e-02 2.691802534582301426e-02
5.738088864599311806e-02 2.781436211268626876e-02
5.857510433615904094e-02 2.893698176812969231e-02
5.979417413974657397e-02 3.047564745986364870e-02
6.103861532257209149e-02 3.209612859903745313e-02
6.230895591583001519e-02 3.380277555719430477e-02
6.360573494014265528e-02 3.560017002811737691e-02
6.492950263427293978e-02 3.749313732792360770e-02
6.628082068859754428e-02 3.948675934919063102e-02
6.766026248343849636e-02 4.158638820389272406e-02
6.906841333235554103e-02 4.379766059177297305e-02
7.050587073050135212e-02 4.612651293272406611e-02
7.197324460814619185e-02 4.857919730380360485e-02
7.347115758947816988e-02 5.116229822366733654e-02
7.500024525679045706e-02 5.388275032948156712e-02
7.656115642016625422e-02 5.674785699376925369e-02
7.815455339277647961e-02 5.976530993116934559e-02
7.978111227190747001e-02 6.294320984774659511e-02
8.144152322583671222e-02 6.629008818828599492e-02
8.313649078667982584e-02 6.981493003995664637e-02
8.486673414933156023e-02 7.352719825383084717e-02
8.663298747662909194e-02 7.743685884901747862e-02
8.843600021086570062e-02 8.203905939156030946e-02
9.027653739178835568e-02 8.716500938551555167e-02
9.215537998121303698e-02 9.261123808007283575e-02
9.407332519439604024e-02 9.839775707233691660e-02
9.603118683830201563e-02 1.045458283204824534e-01
9.802979565691193053e-02 1.110780422685930385e-01
1.000699996837176586e-01 1.180184008528827322e-01
1.021526646015524509e-01 1.253924056942970489e-01
1.042786741099108044e-01 1.332271518015499812e-01
1.064489302999123421e-01 1.415514271288959847e-01
1.086643540370700461e-01 1.503958183544537586e-01
1.109258853520242866e-01 1.597928232677526539e-01
1.132344838394090808e-01 1.697769701794577257e-01
1.155911290650195183e-01 1.803849447920319593e-01
1.179968209814531294e-01 1.921377395220953410e-01
1.204525803524016392e-01 2.048693085505040590e-01
1.229594491857733396e-01 2.184445059588882021e-01
1.255184911758291388e-01 2.329192328574653803e-01
1.281307921545208894e-01 2.483530945160064562e-01
1.307974605522227440e-01 2.648096458115205554e-01
1.335196278680513826e-01 2.823566529399674230e-01
1.362984491499744655e-01 3.010663724697023036e-01
1.391351034849112878e-01 3.210158488857599579e-01
1.420307944990333859e-01 3.422872318502312439e-01
1.449867508684773432e-01 3.649681144851756320e-01
1.480042268406868700e-01 3.890212571300324385e-01
1.510845027666047613e-01 4.146395644442840700e-01
1.542288856439409939e-01 4.419449201077421674e-01
1.574387096717475842e-01 4.710484217076769675e-01
1.607153368165349372e-01 5.020684829666093307e-01
1.640601573901705190e-01 5.351313155334669336e-01
1.674745906398046880e-01 5.703714425022453627e-01
1.709600853500741757e-01 6.079322457475327957e-01
1.745181204578385992e-01 6.479728845530340342e-01
1.781502056797110434e-01 6.909391718711097585e-01
1.818578821526486422e-01 7.367545010085400081e-01
1.856427230878753554e-01 7.856077884343776185e-01
1.895063344384143311e-01 8.377004774370557794e-01
1.934503555805126840e-01 8.932473687624193914e-01
1.974764600092484834e-01 9.524775063303441147e-01
2.015863560486145234e-01 1.015635121682139541e+00
2.057817875763805759e-01 1.082795406051898501e+00
2.100645347640413829e-01 1.154228070141141371e+00
2.144364148321648011e-01 1.230373190037241660e+00
2.188992828214597897e-01 1.311541649283668454e+00
2.234550323798925042e-01 1.398064840598208347e+00
2.281055965661834550e-01 1.490296018875526762e+00
2.328529486700275375e-01 1.588706003247264187e+00
2.376991030493841028e-01 1.695287190382807951e+00
2.426461159851931171e-01 1.809018567313067205e+00
2.476960865538796186e-01 1.930379817324318514e+00
2.528511575180167337e-01 2.059882804115071409e+00
2.581135162355253088e-01 2.198073730676644910e+00
2.634853955877961562e-01 2.343644196079378794e+00
2.689690749271278492e-01 2.494921842773202947e+00
2.745668810438831597e-01 2.655964165533257759e+00
2.802811891537738131e-01 2.827401455091601790e+00
2.861144239056928607e-01 3.009904686213660696e+00
2.920690604105219967e-01 3.203752421592869659e+00
2.981476252913505820e-01 3.408475399757975310e+00
3.043526977555517377e-01 3.626280380610402254e+00
3.106869106891708698e-01 3.858003317182117531e+00
3.171529517740905302e-01 4.104533580738404019e+00
3.237535646284456226e-01 4.369559979353181411e+00
3.304915499707733462e-01 4.653673948894715195e+00
3.373697668083914247e-01 4.956261345525032169e+00
3.443911336505087739e-01 5.278523333371878401e+00
3.515586297465838617e-01 5.617541738678315077e+00
3.588752963504552862e-01 5.970815114957003011e+00
3.663442380107827523e-01 6.346304984533479576e+00
3.739686238883428437e-01 6.745408488000797398e+00
3.817516891007428637e-01 7.178013477549011867e+00
3.896967360951185122e-01 7.647808426038366747e+00
3.978071360494027653e-01 8.148351059011252673e+00
4.060863303027552607e-01 8.681653786571539300e+00
4.145378318157649788e-01 9.236323223177592467e+00
4.231652266610403390e-01 9.824631016733222921e+00
4.319721755448220901e-01 1.045041108703742161e+01
4.409624153602658136e-01 1.111713518365219144e+01
4.501397607730483474e-01 1.182738099271374921e+01
4.595081058399779206e-01 1.258300262036133432e+01
4.690714256612865118e-01 1.338428581049112509e+01
4.788337780673142530e-01 1.423253335530639063e+01
4.887993053402931998e-01 1.513453975640076798e+01
4.989722359719687139e-01 1.610334543511525851e+01
5.093568864577977529e-01 1.714605797009441090e+01
5.199576631284887895e-01 1.825628749618466884e+01
5.307790640196620169e-01 1.940902643573388531e+01
5.418256807804173736e-01 2.062041731059351690e+01
5.531022006216277376e-01 2.190954125601620817e+01
5.646134083047763541e-01 2.331264465477519465e+01
5.763641881721900395e-01 2.480560384396835616e+01
5.883595262195214781e-01 2.639218038052214155e+01
6.006045122113689017e-01 2.807865665544964529e+01
6.131043418409223289e-01 2.987009200559797506e+01
6.258643189345570734e-01 3.176421436367006734e+01
6.388898577023131020e-01 3.377844681402705618e+01
6.521864850352057097e-01 3.592685258128352643e+01
6.657598428503537225e-01 3.821229299960300807e+01
6.796156904849094404e-01 4.064359225646835938e+01
6.937599071398169448e-01 4.322972094815284549e+01
7.081984943744236149e-01 4.598047490240707447e+01
7.229375786530161108e-01 4.890629153055595424e+01
7.379834139443505192e-01 5.200507445883389579e+01
7.533423843752851123e-01 5.529527340359702947e+01
7.690210069396433701e-01 5.881834650983758195e+01
7.850259342634492432e-01 6.257096012719320299e+01
8.013639574277185984e-01 6.654182962165643289e+01
8.180420088499924525e-01 7.076650710337592898e+01
8.350671652258471189e-01 7.526555126755904723e+01
8.524466505316175002e-01 8.005727382174681850e+01
8.701878390896189419e-01 8.516020762744827266e+01
8.882982586971583938e-01 9.053780712489066218e+01
9.067855938206671462e-01 9.627141534018747393e+01
9.256576888563147198e-01 1.024263533820955132e+02
9.449225514584753682e-01 1.089401596830917214e+02
9.645883559374751615e-01 1.158553217642818254e+02
9.846634467280448444e-01 1.232064618150894972e+02
1.005156341929967390e+00 1.310324020861447423e+02
1.026075736922404058e+00 1.393671769592228316e+02
1.047430508053451392e+00 1.482451653146183048e+02
1.069229716406479680e+00 1.576328052590395714e+02
1.091482611644857048e+00 1.676600927702093600e+02
1.114198635936694659e+00 1.783333321786588499e+02
1.137387427961266795e+00 1.896649169660900327e+02
1.161058826998822235e+00 2.016966861478889257e+02
1.185222877105502892e+00 3.533162560241808023e+03
1.209889831375160485e+00 inf
1.235070156289862053e+00 inf
1.260774536160947035e+00 inf
1.287013877662505523e+00 inf
1.313799314459207501e+00 inf
1.341142211930455019e+00 inf
1.369054171992841074e+00 inf
1.397547038022987298e+00 inf
1.426632899882822825e+00 inf
1.456324099049463694e+00 inf
1.486633233851841318e+00 inf
1.517573164816328868e+00 inf
1.549157020123613560e+00 inf
1.581398201179137208e+00 inf
1.614310388299477594e+00 inf
1.647907546517062949e+00 inf
1.682203931505708239e+00 inf
1.717214095629459480e+00 inf
1.752952894117343119e+00 inf
1.789435491366608399e+00 inf
1.826677367377168348e+00 inf
1.864694324319941865e+00 inf
1.903502493241907789e+00 inf
1.943118340910698461e+00 inf
1.983558676801640885e+00 inf
2.024840660230225353e+00 inf
2.066981807632997992e+00 inf
2.109999999999999876e+00 inf
