# k [Mpc^-1], sensitivity [mK^2], z=10.0, 129.1 MHz
3.500000000000000333e-02 1.244794775414057725e-01
3.572842282756675397e-02 1.248513850532221997e-01
3.647200564986839699e-02 1.252244037136398258e-01
3.723106397794004319e-02 1.255985368424388515e-01
3.800591988925806214e-02 1.259737877693181130e-01
3.879690216440116746e-02 1.263501598339245025e-01
3.960434642655615706e-02 1.267276563858827643e-01
4.042859528392659524e-02 1.271062807848253318e-01
4.126999847510574859e-02 1.274860364004223312e-01
4.212891301747467149e-02 1.278669266124113080e-01
4.300570335868902916e-02 1.282489548106274801e-01
4.390074153131857948e-02 1.286321243950339921e-01
4.481440731070487210e-02 1.290164387757519460e-01
4.574708837610465956e-02 1.294019013730909329e-01
4.669918047518661214e-02 1.297885156175793420e-01
4.767108759195193973e-02 1.301762849499950581e-01
4.866322211814942678e-02 1.305652128213957985e-01
4.967600502825834929e-02 1.309553026931502828e-01
5.070986605811275694e-02 1.313465580369685415e-01
5.176524388724366293e-02 1.317389823349331135e-01
5.284258632501594166e-02 1.321325790795299659e-01
5.394235050063903719e-02 1.325273517736796081e-01
5.506500305713256382e-02 1.329233039307681219e-01
5.621102034932823344e-02 1.333204390746786372e-01
5.738088864599311806e-02 1.337187607398225841e-01
5.857510433615904094e-02 1.341182724711710850e-01
5.979417413974657397e-02 1.345189778242866785e-01
6.103861532257209149e-02 1.349208803653548228e-01
6.230895591583001519e-02 1.353239836712155642e-01
6.360573494014265528e-02 1.357282913293957061e-01
6.492950263427293978e-02 1.361338069381403115e-01
6.628082068859754428e-02 1.365405341064449829e-01
6.766026248343849636e-02 1.369484764540880029e-01
6.906841333235554103e-02 1.389374770408397242e-01
7.050587073050135212e-02 1.412705449587173534e-01
7.197324460814619185e-02 1.436427902535372392e-01
7.347115758947816988e-02 1.460548708002168128e-01
7.500024525679045706e-02 1.485074555208504010e-01
7.656115642016625422e-02 1.510012245702156697e-01
7.815455339277647961e-02 1.535368695243949089e-01
7.978111227190747001e-02 1.561150935725647559e-01
8.144152322583671222e-02 1.587366117120048992e-01
8.313649078667982584e-02 1.614021509463831328e-01
8.486673414933156023e-02 1.641124504873684442e-01
8.663298747662909194e-02 1.668682619596310313e-01
8.843600021086570062e-02 1.696703496092835384e-01
9.027653739178835568e-02 1.725194905158233816e-01
9.215537998121303698e-02 1.754164748076336988e-01
9.407332519439604024e-02 1.783621058811027116e-01
9.603118683830201563e-02 1.813572006234231704e-01
9.802979565691193053e-02 1.844025896391329467e-01
1.000699996837176586e-01 1.874991174804594429e-01
1.021526646015524509e-01 1.905071443674788423e-01
1.042786741099108044e-01 1.927712153232219450e-01
1.064489302999123421e-01 1.950621934971150939e-01
1.086643540370700461e-01 1.973803986664103283e-01
1.109258853520242866e-01 1.997261544087335638e-01
1.132344838394090808e-01 2.020997881472500757e-01
1.155911290650195183e-01 2.045016311963663291e-01
1.179968209814531294e-01 2.069320188079756262e-01
1.204525803524016392e-01 2.093912902182524516e-01
1.229594491857733396e-01 2.118797886950038178e-01
1.255184911758291388e-01 2.143978615855827163e-01
1.281307921545208894e-01 2.169458603653712792e-01
1.307974605522227440e-01 2.195241406868403689e-01
1.335196278680513826e-01 2.221330624291915079e-01
1.362984491499744655e-01 2.247143202680378093e-01
1.391351034849112878e-01 2.270663250105275921e-01
1.420307944990333859e-01 2.294429473488256710e-01
1.449867508684773432e-01 2.318444449465380253e-01
1.480042268406868700e-01 2.342710781641439977e-01
1.510845027666047613e-01 2.367231100872231320e-01
1.542288856439409939e-01 2.392008065549781071e-01
1.574387096717475842e-01 2.417044361890558213e-01
1.607153368165349372e-01 2.442342704226702355e-01
1.640601573901705190e-01 2.467905835300301109e-01
1.674745906398046880e-01 2.493736526560746403e-01
1.709600853500741757e-01 2.518318936006526676e-01
1.745181204578385992e-01 2.540337196928362240e-01
1.781502056797110434e-01 2.562547968737953208e-01
1.818578821526486422e-01 2.584952934603740315e-01
1.856427230878753554e-01 2.607553792410506333e-01
1.895063344384143311e-01 2.630352254888043140e-01
1.934503555805126840e-01 2.653350049740947902e-01
1.974764600092484834e-01 2.676548919779548896e-01
2.015863560486145234e-01 2.699950623051977638e-01
2.057817875763805759e-01 2.728106853420671496e-01
2.100645347640413829e-01 2.761126025926095018e-01
2.144364148321648011e-01 2.794544840311959932e-01
2.188992828214597897e-01 2.828368133575090981e-01
2.234550323798925042e-01 2.862600801256073302e-01
2.281055965661834550e-01 2.897247798147828957e-01
2.328529486700275375e-01 2.932314139012759946e-01
2.376991030493841028e-01 2.967151793879386212e-01
2.426461159851931171e-01 2.967254317421173515e-01
2.476960865538796186e-01 2.967356844505441016e-01
2.528511575180167337e-01 2.967459375132310839e-01
2.581135162355253088e-01 2.967561909301906775e-01
2.634853955877961562e-01 2.967664447014348728e-01
2.689690749271278492e-01 2.967766988269761597e-01
2.745668810438831597e-01 2.993149648328600754e-01
2.802811891537738131e-01 3.041017888937833646e-01
2.861144239056928607e-01 3.089651667100560828e-01
2.920690604105219967e-01 3.139063225751519970e-01
2.981476252913505820e-01 3.189265003621790662e-01
3.043526977555517377e-01 3.240269638370080751e-01
3.106869106891708698e-01 3.333593230006238750e-01
3.171529517740905302e-01 3.439196493106101982e-01
3.237535646284456226e-01 3.548145110125260349e-01
3.304915499707733462e-01 3.660545056887915538e-01
3.373697668083914247e-01 3.776505666374367909e-01
3.443911336505087739e-01 3.869959456165059097e-01
3.515586297465838617e-01 3.954431919595374212e-01
3.588752963504552862e-01 4.040748225876966693e-01
3.663442380107827523e-01 4.128948621929630081e-01
3.739686238883428437e-01 4.218063838039918245e-01
3.817516891007428637e-01 4.296517224777428035e-01
3.896967360951185122e-01 4.376429796137765726e-01
3.978071360494027653e-01 4.457828692055260111e-01
4.060863303027552607e-01 4.540741557250274063e-01
4.145378318157649788e-01 4.617904459367546677e-01
4.231652266610403390e-01 4.695086711787392897e-01
4.319721755448220901e-01 4.773558964929647819e-01
4.409624153602658136e-01 4.853342779474542068e-01
4.501397607730483474e-01 4.910403258146001093e-01
4.595081058399779206e-01 4.967271361038081978e-01
4.690714256612865118e-01 5.024798061800139770e-01
4.788337780673142530e-01 5.079590399966421588e-01
4.887993053402931998e-01 5.129079803299617657e-01
4.989722359719687139e-01 5.179051371699171513e-01
5.093568864577977529e-01 5.230616265849669100e-01
5.199576631284887895e-01 5.342304051009870713e-01
5.307790640196620169e-01 5.456376672051733712e-01
5.418256807804173736e-01 5.572885051662764822e-01
5.531022006216277376e-01 5.629263400624137104e-01
5.646134083047763541e-01 5.678071069974562901e-01
5.763641881721900395e-01 5.727301918774568845e-01
5.883595262195214781e-01 5.791944551646375228e-01
6.006045122113689017e-01 5.858248172229131301e-01
6.131043418409223289e-01 5.922712522495046095e-01
6.258643189345570734e-01 5.974827351235774131e-01
6.388898577023131020e-01 6.027400746108890761e-01
6.521864850352057097e-01 6.082210946005819352e-01
6.657598428503537225e-01 6.139029984001422857e-01
6.796156904849094404e-01 6.196012099075143276e-01
6.937599071398169448e-01 6.246804270806837200e-01
7.081984943744236149e-01 6.298012814338320720e-01
7.229375786530161108e-01 6.361848748149702137e-01
7.379834139443505192e-01 6.432044924583216750e-01
7.533423843752851123e-01 6.492356718356463441e-01
7.690210069396433701e-01 6.538721764573804940e-01
7.850259342634492432e-01 6.595839448069820143e-01
8.013639574277185984e-01 6.682364560526884434e-01
8.180420088499924525e-01 6.774224972276794432e-01
8.350671652258471189e-01 6.884289942392463058e-01
8.524466505316175002e-01 6.981164079954775836e-01
8.701878390896189419e-01 7.025589650978411038e-01
8.882982586971583938e-01 7.082730092812266065e-01
9.067855938206671462e-01 7.167635710833265561e-01
9.256576888563147198e-01 7.245102164540073719e-01
9.449225514584753682e-01 7.314268600472495496e-01
9.645883559374751615e-01 7.352089754973419877e-01
9.846634467280448444e-01 7.378328860551248702e-01
1.005156341929967390e+00 7.465440335899181656e-01
1.026075736922404058e+00 7.550669703157800727e-01
1.047430508053451392e+00 7.631820840727526756e-01
1.069229716406479680e+00 7.677149620742006464e-01
1.091482611644857048e+00 7.726723701290094670e-01
1.114198635936694659e+00 7.824619204068906653e-01
1.137387427961266795e+00 7.875160139746790744e-01
1.161058826998822235e+00 7.925911766691728921e-01
1.185222877105502892e+00 8.018446787793577224e-01
1.209889831375160485e+00 8.076118450041255281e-01
1.235070156289862053e+00 8.129492274300662569e-01
1.260774536160947035e+00 8.196448547930046402e-01
1.287013877662505523e+00 8.322292422614717688e-01
1.313799314459207501e+00 8.362953804629140730e-01
1.341142211930455019e+00 8.419344995307528334e-01
1.369054171992841074e+00 9.779714208477070514e-01
1.397547038022987298e+00 inf
1.426632899882822825e+00 inf
1.456324099049463694e+00 inf
1.486633233851841318e+00 inf
1.517573164816328868e+00 inf
1.549157020123613560e+00 inf
1.581398201179137208e+00 inf
1.614310388299477594e+00 inf
1.647907546517062949e+00 inf
1.682203931505708239e+00 inf
1.717214095629459480e+00 inf
1.752952894117343119e+00 inf
1.789435491366608399e+00 inf
1.826677367377168348e+00 inf
1.864694324319941865e+00 inf
1.903502493241907789e+00 inf
1.943118340910698461e+00 inf
1.983558676801640885e+00 inf
2.024840660230225353e+00 inf
2.066981807632997992e+00 inf
2.109999999999999876e+00 inf
