# k [Mpc^-1], sensitivity [mK^2], z=7.0, 177.6 MHz
3.500000000000000333e-02 inf
3.572842282756675397e-02 inf
3.647200564986839699e-02 inf
3.723106397794004319e-02 inf
3.800591988925806214e-02 inf
3.879690216440116746e-02 inf
3.960434642655615706e-02 inf
4.042859528392659524e-02 5.608858614155840527e-01
4.126999847510574859e-02 5.659256938910010026e-01
4.212891301747467149e-02 5.710108117143425366e-01
4.300570335868902916e-02 5.761416217965025233e-01
4.390074153131857948e-02 5.813185347046671003e-01
4.481440731070487210e-02 5.865419646951683941e-01
4.574708837610465956e-02 5.918123297466334476e-01
4.669918047518661214e-02 5.971300515934303554e-01
4.767108759195193973e-02 6.024955557594163791e-01
4.866322211814942678e-02 6.079092715919870438e-01
4.967600502825834929e-02 6.133716322964338774e-01
5.070986605811275694e-02 6.188830749706084600e-01
5.176524388724366293e-02 6.244440406398992227e-01
5.284258632501594166e-02 6.300549742925229957e-01
5.394235050063903719e-02 6.357163249151313034e-01
5.506500305713256382e-02 6.414285455287404014e-01
5.621102034932823344e-02 6.471920932249799474e-01
5.738088864599311806e-02 6.530074292026709637e-01
5.857510433615904094e-02 6.588750188047300949e-01
5.979417413974657397e-02 6.647953315554069320e-01
6.103861532257209149e-02 6.707688411978542931e-01
6.230895591583001519e-02 6.767960257320385642e-01
6.360573494014265528e-02 6.828773674529883264e-01
6.492950263427293978e-02 6.890133529893873732e-01
6.628082068859754428e-02 6.952044733425154499e-01
6.766026248343849636e-02 7.014512239255374926e-01
6.906841333235554103e-02 7.077541046031474714e-01
7.050587073050135212e-02 7.141136197315659517e-01
7.197324460814619185e-02 7.205302781989006977e-01
7.347115758947816988e-02 7.270045934658661002e-01
7.500024525679045706e-02 7.335370836068711986e-01
7.656115642016625422e-02 7.401282713514759637e-01
7.815455339277647961e-02 7.467786841262196162e-01
7.978111227190747001e-02 7.538671807794325996e-01
8.144152322583671222e-02 7.684701222158472067e-01
8.313649078667982584e-02 7.833559329746472288e-01
8.486673414933156023e-02 7.985300924350304808e-01
8.663298747662909194e-02 8.139981861156539988e-01
8.843600021086570062e-02 8.297659077306269726e-01
9.027653739178835568e-02 8.458390612853364798e-01
9.215537998121303698e-02 8.622235632128661953e-01
9.407332519439604024e-02 8.789254445517999947e-01
9.603118683830201563e-02 8.959508531662119246e-01
9.802979565691193053e-02 9.133060560086605495e-01
1.000699996837176586e-01 9.309974414270154597e-01
1.021526646015524509e-01 9.490315215159699225e-01
1.042786741099108044e-01 9.674149345141066503e-01
1.064489302999123421e-01 9.861544472473926515e-01
1.086643540370700461e-01 1.005256957620008329e+00
1.109258853520242866e-01 1.024729497153425983e+00
1.132344838394090808e-01 1.044579233574670196e+00
1.155911290650195183e-01 1.064813473454717441e+00
1.179968209814531294e-01 1.085439664898000700e+00
1.204525803524016392e-01 1.100456579110651978e+00
1.229594491857733396e-01 1.105151910859271558e+00
1.255184911758291388e-01 1.109867276238157396e+00
1.281307921545208894e-01 1.114602760725047714e+00
1.307974605522227440e-01 1.119358450162391216e+00
1.335196278680513826e-01 1.124134430758900294e+00
1.362984491499744655e-01 1.128930789091115772e+00
1.391351034849112878e-01 1.133747612104975877e+00
1.420307944990333859e-01 1.138584987117391423e+00
1.449867508684773432e-01 1.143443001817830096e+00
1.480042268406868700e-01 1.148321744269905187e+00
1.510845027666047613e-01 1.153221302912971424e+00
1.542288856439409939e-01 1.158141766563729913e+00
1.574387096717475842e-01 1.163083224417836181e+00
1.607153368165349372e-01 1.163362369715374323e+00
1.640601573901705190e-01 1.156609093648686803e+00
1.674745906398046880e-01 1.149895020102916554e+00
1.709600853500741757e-01 1.143219921508860981e+00
1.745181204578385992e-01 1.136583571618349442e+00
1.781502056797110434e-01 1.129985745496572491e+00
1.818578821526486422e-01 1.123426219514459978e+00
1.856427230878753554e-01 1.116904771341100000e+00
1.895063344384143311e-01 1.110421179936203373e+00
1.934503555805126840e-01 1.103975225542611627e+00
1.974764600092484834e-01 1.097566689678849183e+00
2.015863560486145234e-01 1.087946550452533856e+00
2.057817875763805759e-01 1.075943718472359478e+00
2.100645347640413829e-01 1.064073308416299435e+00
2.144364148321648011e-01 1.052333859331970434e+00
2.188992828214597897e-01 1.040723926385028975e+00
2.234550323798925042e-01 1.029242080681349147e+00
2.281055965661834550e-01 1.017886909091159753e+00
2.328529486700275375e-01 1.006657014075123868e+00
2.376991030493841028e-01 9.955510135123372129e-01
2.426461159851931171e-01 9.828456869621509107e-01
2.476960865538796186e-01 9.696236373930133823e-01
2.528511575180167337e-01 9.565794617232354913e-01
2.581135162355253088e-01 9.437107670466412523e-01
2.634853955877961562e-01 9.310151926483991591e-01
2.689690749271278492e-01 9.184904095719572670e-01
2.745668810438831597e-01 9.061341201918060584e-01
2.802811891537738131e-01 8.934900611897178546e-01
2.861144239056928607e-01 8.795318061388527342e-01
2.920690604105219967e-01 8.657916093435048532e-01
2.981476252913505820e-01 8.522660642601894709e-01
3.043526977555517377e-01 8.389518175630292784e-01
3.106869106891708698e-01 8.258455683123786528e-01
3.171529517740905302e-01 8.129440671364375204e-01
3.237535646284456226e-01 7.988331940148024612e-01
3.304915499707733462e-01 7.845011459530470965e-01
3.373697668083914247e-01 7.704262324259898431e-01
3.443911336505087739e-01 7.566038401244477019e-01
3.515586297465838617e-01 7.430294385076674502e-01
3.588752963504552862e-01 7.297764553614399796e-01
3.663442380107827523e-01 7.192267855844913793e-01
3.739686238883428437e-01 7.088296221423048271e-01
3.817516891007428637e-01 6.985827603988453705e-01
3.896967360951185122e-01 6.884840275883620242e-01
3.978071360494027653e-01 6.785312823546678640e-01
4.060863303027552607e-01 6.760481827425756096e-01
4.145378318157649788e-01 6.742548909819788827e-01
4.231652266610403390e-01 6.724663561239531129e-01
4.319721755448220901e-01 6.706825655502939298e-01
4.409624153602658136e-01 6.747502134568947874e-01
4.501397607730483474e-01 6.935985846227836760e-01
4.595081058399779206e-01 7.129734633592110793e-01
4.690714256612865118e-01 7.328895570496092304e-01
4.788337780673142530e-01 7.526564115584698511e-01
4.887993053402931998e-01 7.624252983171001530e-01
4.989722359719687139e-01 7.723209775231705265e-01
5.093568864577977529e-01 7.823450948426742269e-01
5.199576631284887895e-01 7.925861939198221018e-01
5.307790640196620169e-01 8.033677014111703096e-01
5.418256807804173736e-01 8.142958691707361529e-01
5.531022006216277376e-01 8.253726922102836427e-01
5.646134083047763541e-01 8.327109074310080628e-01
5.763641881721900395e-01 8.372882540915522753e-01
5.883595262195214781e-01 8.418907620683032667e-01
6.006045122113689017e-01 8.476494438466216641e-01
6.131043418409223289e-01 8.572506359909046747e-01
6.258643189345570734e-01 8.669605793309329567e-01
6.388898577023131020e-01 8.761643533439160692e-01
6.521864850352057097e-01 8.797388383183080141e-01
6.657598428503537225e-01 8.833279061078802563e-01
6.796156904849094404e-01 8.870618620547618960e-01
6.937599071398169448e-01 8.915272442288502130e-01
7.081984943744236149e-01 8.960151046976477796e-01
7.229375786530161108e-01 9.027660103846912865e-01
7.379834139443505192e-01 9.132675644014457417e-01
7.533423843752851123e-01 9.238912792389422091e-01
7.690210069396433701e-01 9.290858518377990150e-01
7.850259342634492432e-01 9.325036248321666443e-01
8.013639574277185984e-01 9.367252817486976246e-01
8.180420088499924525e-01 9.431773139873694811e-01
8.350671652258471189e-01 9.496737869183341507e-01
8.524466505316175002e-01 9.496056419529783632e-01
8.701878390896189419e-01 9.487741978321658776e-01
8.882982586971583938e-01 9.538636078404595375e-01
9.067855938206671462e-01 9.623786220684409365e-01
9.256576888563147198e-01 9.672263243669285693e-01
9.449225514584753682e-01 9.680337186638650060e-01
9.645883559374751615e-01 9.733533479542418876e-01
9.846634467280448444e-01 9.851723785758612628e-01
1.005156341929967390e+00 9.960183286439484585e-01
1.026075736922404058e+00 1.005499612820921262e+00
1.047430508053451392e+00 1.009752947718485006e+00
1.069229716406479680e+00 1.009267158405381393e+00
1.091482611644857048e+00 1.013501417844907992e+00
1.114198635936694659e+00 1.019835832238610296e+00
1.137387427961266795e+00 1.024927416227940480e+00
1.161058826998822235e+00 1.029254196112143527e+00
1.185222877105502892e+00 1.031223286790132976e+00
1.209889831375160485e+00 1.039329125382366215e+00
1.235070156289862053e+00 1.051988422407235335e+00
1.260774536160947035e+00 1.047191633091482332e+00
1.287013877662505523e+00 1.049890569192574397e+00
1.313799314459207501e+00 1.062179963815024886e+00
1.341142211930455019e+00 1.067079108723890002e+00
1.369054171992841074e+00 1.069731425687458160e+00
1.397547038022987298e+00 1.071230600104574826e+00
1.426632899882822825e+00 1.079394557382370889e+00
1.456324099049463694e+00 1.085207558451804388e+00
1.486633233851841318e+00 1.089341417617462504e+00
1.517573164816328868e+00 1.093505078034840317e+00
1.549157020123613560e+00 1.108403067326953595e+00
1.581398201179137208e+00 1.116507636466378850e+00
1.614310388299477594e+00 1.256189742528048603e+00
1.647907546517062949e+00 inf
1.682203931505708239e+00 inf
1.717214095629459480e+00 inf
1.752952894117343119e+00 inf
1.789435491366608399e+00 inf
1.826677367377168348e+00 inf
1.864694324319941865e+00 inf
1.903502493241907789e+00 inf
1.943118340910698461e+00 inf
1.983558676801640885e+00 inf
2.024840660230225353e+00 inf
2.066981807632997992e+00 inf
2.109999999999999876e+00 inf
