# k [Mpc^-1], sensitivity [mK^2], z=11.0, 118.4 MHz
3.500000000000000333e-02 1.945358805385976556e-03
3.572842282756675397e-02 2.010053879441882092e-03
3.647200564986839699e-02 2.076900460250945442e-03
3.723106397794004319e-02 2.145970098566854847e-03
3.800591988925806214e-02 2.217336724643323084e-03
3.879690216440116746e-02 2.291076727366993856e-03
3.960434642655615706e-02 2.367269036022036453e-03
4.042859528392659524e-02 2.445995204773878263e-03
4.126999847510574859e-02 2.527339499962571751e-03
4.212891301747467149e-02 2.611388990299166966e-03
4.300570335868902916e-02 2.698233640061687647e-03
4.390074153131857948e-02 2.787966405390441930e-03
4.481440731070487210e-02 2.880683333785731461e-03
4.574708837610465956e-02 2.976483666914462277e-03
4.669918047518661214e-02 3.075469946835722185e-03
4.767108759195193973e-02 3.177748125759004109e-03
4.866322211814942678e-02 3.283427679452549999e-03
4.967600502825834929e-02 3.392621724423216904e-03
5.070986605811275694e-02 3.505447138993299586e-03
5.176524388724366293e-02 3.622024688403901755e-03
5.284258632501594166e-02 3.742479154078743198e-03
5.394235050063903719e-02 3.866939467186776037e-03
5.506500305713256382e-02 3.995538846646609459e-03
5.621102034932823344e-02 4.128414941720373078e-03
5.738088864599311806e-02 4.265709979349753544e-03
5.857510433615904094e-02 4.407570916391797926e-03
5.979417413974657397e-02 4.554149596917551369e-03
6.103861532257209149e-02 4.705602914741763808e-03
6.230895591583001519e-02 4.862092981357779044e-03
6.360573494014265528e-02 5.023787299457230758e-03
6.492950263427293978e-02 5.190858942220333457e-03
6.628082068859754428e-02 5.444731727488853409e-03
6.766026248343849636e-02 5.716535803812609375e-03
6.906841333235554103e-02 6.001908492807084446e-03
7.050587073050135212e-02 6.301527147263646933e-03
7.197324460814619185e-02 6.616102933806770198e-03
7.347115758947816988e-02 6.946382520899604777e-03
7.500024525679045706e-02 7.293149851115784260e-03
7.656115642016625422e-02 7.657228001884022750e-03
7.815455339277647961e-02 8.039481139122140255e-03
7.978111227190747001e-02 8.440816568397596642e-03
8.144152322583671222e-02 8.862186888483079839e-03
8.313649078667982584e-02 9.304592252418922987e-03
8.486673414933156023e-02 9.769082741448820856e-03
8.663298747662909194e-02 1.025676085746402011e-02
8.843600021086570062e-02 1.076878413987144949e-02
9.027653739178835568e-02 1.130636791309761954e-02
9.215537998121303698e-02 1.187078817124934300e-02
9.407332519439604024e-02 1.246338460677833861e-02
9.603118683830201563e-02 1.308556379033850268e-02
9.802979565691193053e-02 1.376360873039732778e-02
1.000699996837176586e-01 1.455311002918431226e-02
1.021526646015524509e-01 1.538789830996820790e-02
1.042786741099108044e-01 1.627057130215308831e-02
1.064489302999123421e-01 1.720387574480888859e-02
1.086643540370700461e-01 1.819071593408998558e-02
1.109258853520242866e-01 1.923416276094659649e-02
1.132344838394090808e-01 2.033746326725276166e-02
1.155911290650195183e-01 2.150405075008837708e-02
1.179968209814531294e-01 2.273755544561787204e-02
1.204525803524016392e-01 2.404181582581233975e-02
1.229594491857733396e-01 2.542089054316868171e-02
1.255184911758291388e-01 2.687907106059567522e-02
1.281307921545208894e-01 2.842089500576930328e-02
1.307974605522227440e-01 3.007856217975930432e-02
1.335196278680513826e-01 3.190428623417214393e-02
1.362984491499744655e-01 3.384082902729133174e-02
1.391351034849112878e-01 3.589491709197861757e-02
1.420307944990333859e-01 3.807368525165081424e-02
1.449867508684773432e-01 4.038470140291011701e-02
1.480042268406868700e-01 4.283599280244347607e-02
1.510845027666047613e-01 4.543607394949721046e-02
1.542288856439409939e-01 4.819397616077711333e-02
1.574387096717475842e-01 5.111927894050036919e-02
1.607153368165349372e-01 5.422214325456375938e-02
1.640601573901705190e-01 5.766611439326548016e-02
1.674745906398046880e-01 6.152303997073797770e-02
1.709600853500741757e-01 6.563793116747718148e-02
1.745181204578385992e-01 7.002804168967639853e-02
1.781502056797110434e-01 7.471177923598082415e-02
1.818578821526486422e-01 7.970878268082169649e-02
1.856427230878753554e-01 8.504000442006136307e-02
1.895063344384143311e-01 9.072779822422330498e-02
1.934503555805126840e-01 9.679601296767474661e-02
1.974764600092484834e-01 1.032856950010280217e-01
2.015863560486145234e-01 1.102213477313127160e-01
2.057817875763805759e-01 1.176227307720206089e-01
2.100645347640413829e-01 1.255211179960633583e-01
2.144364148321648011e-01 1.339498833224632979e-01
2.188992828214597897e-01 1.429446417348214649e-01
2.234550323798925042e-01 1.525433997692018651e-01
2.281055965661834550e-01 1.627915113341909248e-01
2.328529486700275375e-01 1.737651429615942600e-01
2.376991030493841028e-01 1.854784973798668524e-01
2.426461159851931171e-01 1.979814386473177923e-01
2.476960865538796186e-01 2.113271921142721721e-01
2.528511575180167337e-01 2.255725710047896959e-01
2.581135162355253088e-01 2.407782182720555608e-01
2.634853955877961562e-01 2.567965113115251441e-01
2.689690749271278492e-01 2.737524926449422247e-01
2.745668810438831597e-01 2.918280581250081718e-01
2.802811891537738131e-01 3.110971326185168473e-01
2.861144239056928607e-01 3.316385221670684058e-01
2.920690604105219967e-01 3.535362362854859164e-01
2.981476252913505820e-01 3.773642306323788942e-01
3.043526977555517377e-01 4.028427258204446137e-01
3.106869106891708698e-01 4.300414521919490585e-01
3.171529517740905302e-01 4.590765545703069384e-01
3.237535646284456226e-01 4.900720195272597612e-01
3.304915499707733462e-01 5.220277094545965335e-01
3.373697668083914247e-01 5.557767804240402176e-01
3.443911336505087739e-01 5.917077275097737399e-01
3.515586297465838617e-01 6.299616089172557221e-01
3.588752963504552862e-01 6.707021710753399146e-01
3.663442380107827523e-01 7.141438595935801770e-01
3.739686238883428437e-01 7.603992862845913026e-01
3.817516891007428637e-01 8.096506982657176721e-01
3.896967360951185122e-01 8.620921468840242463e-01
3.978071360494027653e-01 9.170527626262464649e-01
4.060863303027552607e-01 9.754728784260897623e-01
4.145378318157649788e-01 1.037614601170655737e+00
4.231652266610403390e-01 1.103867544380830124e+00
4.319721755448220901e-01 1.176551683161157325e+00
4.409624153602658136e-01 1.254021707763685489e+00
4.501397607730483474e-01 1.336592744755052076e+00
4.595081058399779206e-01 1.422572928124310687e+00
4.690714256612865118e-01 1.511663654220181341e+00
4.788337780673142530e-01 1.606333818332462249e+00
4.887993053402931998e-01 1.707421570865271132e+00
4.989722359719687139e-01 1.818628843941003437e+00
5.093568864577977529e-01 1.937079235995652571e+00
5.199576631284887895e-01 2.063244503696663568e+00
5.307790640196620169e-01 2.197414159044647430e+00
5.418256807804173736e-01 2.340306001721241813e+00
5.531022006216277376e-01 2.492230378050012796e+00
5.646134083047763541e-01 2.648195489315865458e+00
5.763641881721900395e-01 2.813920980740157507e+00
5.883595262195214781e-01 2.991924869590484093e+00
6.006045122113689017e-01 3.186668346591312151e+00
6.131043418409223289e-01 3.394087617098807463e+00
6.258643189345570734e-01 3.611807209120074802e+00
6.388898577023131020e-01 3.841623931448753471e+00
6.521864850352057097e-01 4.086365739338055469e+00
6.657598428503537225e-01 4.348446157638313103e+00
6.796156904849094404e-01 4.627335190252063413e+00
6.937599071398169448e-01 4.925496146626507254e+00
7.081984943744236149e-01 5.243268754472885540e+00
7.229375786530161108e-01 5.574216190802292914e+00
7.379834139443505192e-01 5.919107597479812632e+00
7.533423843752851123e-01 6.292502092133249292e+00
7.690210069396433701e-01 6.702420754997931773e+00
7.850259342634492432e-01 7.135490179514392572e+00
8.013639574277185984e-01 7.587895712755097222e+00
8.180420088499924525e-01 8.070738380364419484e+00
8.350671652258471189e-01 8.588228036737644899e+00
8.524466505316175002e-01 9.137301279358092998e+00
8.701878390896189419e-01 9.719115627158341653e+00
8.882982586971583938e-01 1.033862334966107355e+01
9.067855938206671462e-01 1.099810490372531824e+01
9.256576888563147198e-01 1.169241088424904085e+01
9.449225514584753682e-01 1.242980675600120399e+01
9.645883559374751615e-01 1.322126700485693718e+01
9.846634467280448444e-01 1.406741507910630240e+01
1.005156341929967390e+00 1.497284353231821186e+01
1.026075736922404058e+00 1.591128262026004947e+01
1.047430508053451392e+00 1.691775296378873605e+01
1.069229716406479680e+00 1.801477651873217312e+01
1.091482611644857048e+00 1.916034089793513218e+01
1.114198635936694659e+00 2.037126232926468461e+01
1.137387427961266795e+00 2.165373687008431247e+01
1.161058826998822235e+00 2.304341015842840079e+01
1.185222877105502892e+00 2.451194611878575458e+01
1.209889831375160485e+00 2.607210585845050232e+01
1.235070156289862053e+00 2.774459727627978012e+01
1.260774536160947035e+00 2.947952033967544239e+01
1.287013877662505523e+00 3.136213129807729061e+01
1.313799314459207501e+00 7.813447843334203924e+01
1.341142211930455019e+00 inf
1.369054171992841074e+00 inf
1.397547038022987298e+00 inf
1.426632899882822825e+00 inf
1.456324099049463694e+00 inf
1.486633233851841318e+00 inf
1.517573164816328868e+00 inf
1.549157020123613560e+00 inf
1.581398201179137208e+00 inf
1.614310388299477594e+00 inf
1.647907546517062949e+00 inf
1.682203931505708239e+00 inf
1.717214095629459480e+00 inf
1.752952894117343119e+00 inf
1.789435491366608399e+00 inf
1.826677367377168348e+00 inf
1.864694324319941865e+00 inf
1.903502493241907789e+00 inf
1.943118340910698461e+00 inf
1.983558676801640885e+00 inf
2.024840660230225353e+00 inf
2.066981807632997992e+00 inf
2.109999999999999876e+00 inf
