# k [Mpc^-1], sensitivity [mK^2], z=14.0, 94.7 MHz
3.500000000000000333e-02 9.618548666123642732e-02
3.572842282756675397e-02 9.663008793924671158e-02
3.647200564986839699e-02 9.707674431208757060e-02
3.723106397794004319e-02 9.752546527909003449e-02
3.800591988925806214e-02 9.797626038349434296e-02
3.879690216440116746e-02 9.842913921265276922e-02
3.960434642655615706e-02 9.888411139823338747e-02
4.042859528392659524e-02 9.934118661642515891e-02
4.126999847510574859e-02 9.980037458814361440e-02
4.212891301747467149e-02 1.002616850792374392e-01
4.300570335868902916e-02 1.007251279006964872e-01
4.390074153131857948e-02 1.011907129088601837e-01
4.481440731070487210e-02 1.016584500056272183e-01
4.574708837610465956e-02 1.021283491386662245e-01
4.669918047518661214e-02 1.026004203016271654e-01
4.767108759195193973e-02 1.030746735343540110e-01
4.866322211814942678e-02 1.035511189230982759e-01
4.967600502825834929e-02 1.040297666007334310e-01
5.070986605811275694e-02 1.045106267469704114e-01
5.176524388724366293e-02 1.049937095885742633e-01
5.284258632501594166e-02 1.054790253995814969e-01
5.394235050063903719e-02 1.059665845015186070e-01
5.506500305713256382e-02 1.064563972636216188e-01
5.621102034932823344e-02 1.069484741030566066e-01
5.738088864599311806e-02 1.074428254851413078e-01
5.857510433615904094e-02 1.080963731770595293e-01
5.979417413974657397e-02 1.090381398432154897e-01
6.103861532257209149e-02 1.099881114511971070e-01
6.230895591583001519e-02 1.109463594848153906e-01
6.360573494014265528e-02 1.119129560506688104e-01
6.492950263427293978e-02 1.128879738835692759e-01
6.628082068859754428e-02 1.138714863520152859e-01
6.766026248343849636e-02 1.148635674637127624e-01
6.906841333235554103e-02 1.158642918711440539e-01
7.050587073050135212e-02 1.168737348771852758e-01
7.197324460814619185e-02 1.178919724407730685e-01
7.347115758947816988e-02 1.189190811826199290e-01
7.500024525679045706e-02 1.199551383909800983e-01
7.656115642016625422e-02 1.210002220274653956e-01
7.815455339277647961e-02 1.220544107329114142e-01
7.978111227190747001e-02 1.231177838332955382e-01
8.144152322583671222e-02 1.241904213457056122e-01
8.313649078667982584e-02 1.252724039843615411e-01
8.486673414933156023e-02 1.263638131666885989e-01
8.663298747662909194e-02 1.274647310194441385e-01
8.843600021086570062e-02 1.286522884729808802e-01
9.027653739178835568e-02 1.298886598678725135e-01
9.215537998121303698e-02 1.311369130119677817e-01
9.407332519439604024e-02 1.323971620909916713e-01
9.603118683830201563e-02 1.336695223880143557e-01
9.802979565691193053e-02 1.349541102939968706e-01
1.000699996837176586e-01 1.362510433184381253e-01
1.021526646015524509e-01 1.375604401001240817e-01
1.042786741099108044e-01 1.388824204179807120e-01
1.064489302999123421e-01 1.402171052020307618e-01
1.086643540370700461e-01 1.415646165444559845e-01
1.109258853520242866e-01 1.429250777107657078e-01
1.132344838394090808e-01 1.442986131510728409e-01
1.155911290650195183e-01 1.456853485114779356e-01
1.179968209814531294e-01 1.472055852825384370e-01
1.204525803524016392e-01 1.487920098505702005e-01
1.229594491857733396e-01 1.503955312081376727e-01
1.255184911758291388e-01 1.520163336061774173e-01
1.281307921545208894e-01 1.536546032812856621e-01
1.307974605522227440e-01 1.553105284771180705e-01
1.335196278680513826e-01 1.569842994660189950e-01
1.362984491499744655e-01 1.586761085708851549e-01
1.391351034849112878e-01 1.603861501872638762e-01
1.420307944990333859e-01 1.621146208056901128e-01
1.449867508684773432e-01 1.638617190342639418e-01
1.480042268406868700e-01 1.639814050927220768e-01
1.510845027666047613e-01 1.638652439785887871e-01
1.542288856439409939e-01 1.637491651506417234e-01
1.574387096717475842e-01 1.636331685505910127e-01
1.607153368165349372e-01 1.635172541201880825e-01
1.640601573901705190e-01 1.634014218012255770e-01
1.674745906398046880e-01 1.632856715355374688e-01
1.709600853500741757e-01 1.631700032649988363e-01
1.745181204578385992e-01 1.630716794706663642e-01
1.781502056797110434e-01 1.637118695985767258e-01
1.818578821526486422e-01 1.643545729979588588e-01
1.856427230878753554e-01 1.649997995354652858e-01
1.895063344384143311e-01 1.656475591164830730e-01
1.934503555805126840e-01 1.662978616852862357e-01
1.974764600092484834e-01 1.669507172251880889e-01
2.015863560486145234e-01 1.676061357586946521e-01
2.057817875763805759e-01 1.710430084736489220e-01
2.100645347640413829e-01 1.770101553556610863e-01
2.144364148321648011e-01 1.831854770249929654e-01
2.188992828214597897e-01 1.895762360382619305e-01
2.234550323798925042e-01 1.961899483196008209e-01
2.281055965661834550e-01 2.030343919998451874e-01
2.328529486700275375e-01 2.100344219537832735e-01
2.376991030493841028e-01 2.158487972511673458e-01
2.426461159851931171e-01 2.218241316893643789e-01
2.476960865538796186e-01 2.279648810944410187e-01
2.528511575180167337e-01 2.342756246429354983e-01
2.581135162355253088e-01 2.407610682765644050e-01
2.634853955877961562e-01 2.469843378920085208e-01
2.689690749271278492e-01 2.524858656259991729e-01
2.745668810438831597e-01 2.581099388123296312e-01
2.802811891537738131e-01 2.638592871269401230e-01
2.861144239056928607e-01 2.697367010487675687e-01
2.920690604105219967e-01 2.761039079024771303e-01
2.981476252913505820e-01 2.839000920273298534e-01
3.043526977555517377e-01 2.919164124312027542e-01
3.106869106891708698e-01 3.001590849731066157e-01
3.171529517740905302e-01 3.086345010256175136e-01
3.237535646284456226e-01 3.155893260420287727e-01
3.304915499707733462e-01 3.214898518853919196e-01
3.373697668083914247e-01 3.275006989670075641e-01
3.443911336505087739e-01 3.336239299463626407e-01
3.515586297465838617e-01 3.396973919342282655e-01
3.588752963504552862e-01 3.455998158624394301e-01
3.663442380107827523e-01 3.516047975642914158e-01
3.739686238883428437e-01 3.577141190359709455e-01
3.817516891007428637e-01 3.640954758652066303e-01
3.896967360951185122e-01 3.707688959266347006e-01
3.978071360494027653e-01 3.775646315296401490e-01
4.060863303027552607e-01 3.844849245669213489e-01
4.145378318157649788e-01 3.914860521431922091e-01
4.231652266610403390e-01 3.986088071117877552e-01
4.319721755448220901e-01 4.058611545347371452e-01
4.409624153602658136e-01 4.143942183996736639e-01
4.501397607730483474e-01 4.241106724357792124e-01
4.595081058399779206e-01 4.340549517523640266e-01
4.690714256612865118e-01 4.436231081346123650e-01
4.788337780673142530e-01 4.524936601169778361e-01
4.887993053402931998e-01 4.615415849436087514e-01
4.989722359719687139e-01 4.703672971348188958e-01
5.093568864577977529e-01 4.788859191551993466e-01
5.199576631284887895e-01 4.875588183151002286e-01
5.307790640196620169e-01 4.946543846068596206e-01
5.418256807804173736e-01 5.010580826224745321e-01
5.531022006216277376e-01 5.076365448794105673e-01
5.646134083047763541e-01 5.156781580150805455e-01
5.763641881721900395e-01 5.238471606038468398e-01
5.883595262195214781e-01 5.322819032836336728e-01
6.006045122113689017e-01 5.409556057367117532e-01
6.131043418409223289e-01 5.495310564521170837e-01
6.258643189345570734e-01 5.572973818954906067e-01
6.388898577023131020e-01 5.651734660325437032e-01
6.521864850352057097e-01 5.734512750156617322e-01
6.657598428503537225e-01 5.818670836298941440e-01
6.796156904849094404e-01 5.904729736029188381e-01
6.937599071398169448e-01 5.992243021686555204e-01
7.081984943744236149e-01 6.079917739553285516e-01
7.229375786530161108e-01 6.168431742437888721e-01
7.379834139443505192e-01 6.246818434600905912e-01
7.533423843752851123e-01 6.322149247689411444e-01
7.690210069396433701e-01 6.414477504040067002e-01
7.850259342634492432e-01 6.511301197193617440e-01
8.013639574277185984e-01 6.595414002615477278e-01
8.180420088499924525e-01 6.681064141644629251e-01
8.350671652258471189e-01 6.769285225500795145e-01
8.524466505316175002e-01 6.867408665540054580e-01
8.701878390896189419e-01 6.974672704178308535e-01
8.882982586971583938e-01 7.028770273091784482e-01
9.067855938206671462e-01 7.099262287779889435e-01
9.256576888563147198e-01 7.225331068730960205e-01
9.449225514584753682e-01 7.321001773315144456e-01
9.645883559374751615e-01 7.405829052262229428e-01
9.846634467280448444e-01 7.487480919985708416e-01
1.005156341929967390e+00 7.572804417994473125e-01
1.026075736922404058e+00 7.672878458125178547e-01
1.047430508053451392e+00 7.790756568718278929e-01
1.069229716406479680e+00 7.831414504672409294e-01
1.091482611644857048e+00 7.937959123210190926e-01
1.114198635936694659e+00 8.055107852618134112e-01
1.137387427961266795e+00 8.141184508035216316e-01
1.161058826998822235e+00 8.193412108838120655e-01
1.185222877105502892e+00 1.926238105654387800e+00
1.209889831375160485e+00 inf
1.235070156289862053e+00 inf
1.260774536160947035e+00 inf
1.287013877662505523e+00 inf
1.313799314459207501e+00 inf
1.341142211930455019e+00 inf
1.369054171992841074e+00 inf
1.397547038022987298e+00 inf
1.426632899882822825e+00 inf
1.456324099049463694e+00 inf
1.486633233851841318e+00 inf
1.517573164816328868e+00 inf
1.549157020123613560e+00 inf
1.581398201179137208e+00 inf
1.614310388299477594e+00 inf
1.647907546517062949e+00 inf
1.682203931505708239e+00 inf
1.717214095629459480e+00 inf
1.752952894117343119e+00 inf
1.789435491366608399e+00 inf
1.826677367377168348e+00 inf
1.864694324319941865e+00 inf
1.903502493241907789e+00 inf
1.943118340910698461e+00 inf
1.983558676801640885e+00 inf
2.024840660230225353e+00 inf
2.066981807632997992e+00 inf
2.109999999999999876e+00 inf
