# k [Mpc^-1], sensitivity [mK^2], z=8.0, 157.8 MHz
3.500000000000000333e-02 inf
3.572842282756675397e-02 inf
3.647200564986839699e-02 inf
3.723106397794004319e-02 inf
3.800591988925806214e-02 inf
3.879690216440116746e-02 inf
3.960434642655615706e-02 inf
4.042859528392659524e-02 inf
4.126999847510574859e-02 inf
4.212891301747467149e-02 inf
4.300570335868902916e-02 inf
4.390074153131857948e-02 inf
4.481440731070487210e-02 inf
4.574708837610465956e-02 inf
4.669918047518661214e-02 inf
4.767108759195193973e-02 inf
4.866322211814942678e-02 inf
4.967600502825834929e-02 inf
5.070986605811275694e-02 inf
5.176524388724366293e-02 inf
5.284258632501594166e-02 inf
5.394235050063903719e-02 inf
5.506500305713256382e-02 inf
5.621102034932823344e-02 inf
5.738088864599311806e-02 inf
5.857510433615904094e-02 inf
5.979417413974657397e-02 inf
6.103861532257209149e-02 inf
6.230895591583001519e-02 inf
6.360573494014265528e-02 inf
6.492950263427293978e-02 inf
6.628082068859754428e-02 inf
6.766026248343849636e-02 inf
6.906841333235554103e-02 inf
7.050587073050135212e-02 inf
7.197324460814619185e-02 inf
7.347115758947816988e-02 inf
7.500024525679045706e-02 inf
7.656115642016625422e-02 inf
7.815455339277647961e-02 inf
7.978111227190747001e-02 inf
8.144152322583671222e-02 inf
8.313649078667982584e-02 inf
8.486673414933156023e-02 inf
8.663298747662909194e-02 inf
8.843600021086570062e-02 inf
9.027653739178835568e-02 inf
9.215537998121303698e-02 inf
9.407332519439604024e-02 inf
9.603118683830201563e-02 inf
9.802979565691193053e-02 inf
1.000699996837176586e-01 inf
1.021526646015524509e-01 inf
1.042786741099108044e-01 inf
1.064489302999123421e-01 inf
1.086643540370700461e-01 inf
1.109258853520242866e-01 inf
1.132344838394090808e-01 inf
1.155911290650195183e-01 inf
1.179968209814531294e-01 inf
1.204525803524016392e-01 inf
1.229594491857733396e-01 inf
1.255184911758291388e-01 inf
1.281307921545208894e-01 inf
1.307974605522227440e-01 inf
1.335196278680513826e-01 inf
1.362984491499744655e-01 inf
1.391351034849112878e-01 inf
1.420307944990333859e-01 inf
1.449867508684773432e-01 inf
1.480042268406868700e-01 inf
1.510845027666047613e-01 4.107275984941032715e-02
1.542288856439409939e-01 4.243664408794689535e-02
1.574387096717475842e-01 4.384581820286255482e-02
1.607153368165349372e-01 4.530178611424415941e-02
1.640601573901705190e-01 4.680610168216085137e-02
1.674745906398046880e-01 4.836037036499821196e-02
1.709600853500741757e-01 4.996625093285976538e-02
1.745181204578385992e-01 5.162545723786456792e-02
1.781502056797110434e-01 5.333976004323051634e-02
1.818578821526486422e-01 5.511098891309496733e-02
1.856427230878753554e-01 5.694103416508968646e-02
1.895063344384143311e-01 5.914467591694772680e-02
1.934503555805126840e-01 6.181757931676681861e-02
1.974764600092484834e-01 6.461127824845752654e-02
2.015863560486145234e-01 6.753123177968436974e-02
2.057817875763805759e-01 7.058314568773173259e-02
2.100645347640413829e-01 7.377298360896043794e-02
2.144364148321648011e-01 7.710697869213722910e-02
2.188992828214597897e-01 8.059164577840882693e-02
2.234550323798925042e-01 8.423379413172153718e-02
2.281055965661834550e-01 8.842933664063623578e-02
2.328529486700275375e-01 9.309733464641122003e-02
2.376991030493841028e-01 9.801174641270639365e-02
2.426461159851931171e-01 1.031855796017568383e-01
2.476960865538796186e-01 1.086325285228278426e-01
2.528511575180167337e-01 1.143670103788618914e-01
2.581135162355253088e-01 1.204042034265098565e-01
2.634853955877961562e-01 1.266980141914534619e-01
2.689690749271278492e-01 1.328643559882096148e-01
2.745668810438831597e-01 1.393308111797736670e-01
2.802811891537738131e-01 1.461119861653222829e-01
2.861144239056928607e-01 1.532231982316519803e-01
2.920690604105219967e-01 1.606805101517958523e-01
2.981476252913505820e-01 1.685007664675411965e-01
3.043526977555517377e-01 1.762201528457373878e-01
3.106869106891708698e-01 1.840134513747540279e-01
3.171529517740905302e-01 1.921514068625894966e-01
3.237535646284456226e-01 2.006492616894527126e-01
3.304915499707733462e-01 2.095229323265539734e-01
3.373697668083914247e-01 2.187890391476349228e-01
3.443911336505087739e-01 2.287478941304803282e-01
3.515586297465838617e-01 2.391842912389982034e-01
3.588752963504552862e-01 2.500968386745853755e-01
3.663442380107827523e-01 2.615072603263978168e-01
3.739686238883428437e-01 2.734382712146118943e-01
3.817516891007428637e-01 2.868787617617096219e-01
3.896967360951185122e-01 3.012189009934454487e-01
3.978071360494027653e-01 3.162758572942555024e-01
4.060863303027552607e-01 3.320854620254817258e-01
4.145378318157649788e-01 3.488354616337878689e-01
4.231652266610403390e-01 3.671384342258209310e-01
4.319721755448220901e-01 3.864017415388011356e-01
4.409624153602658136e-01 4.066757711680569209e-01
4.501397607730483474e-01 4.280135544847852302e-01
4.595081058399779206e-01 4.489707599668109617e-01
4.690714256612865118e-01 4.708854889994138482e-01
4.788337780673142530e-01 4.938698987136900254e-01
4.887993053402931998e-01 5.179826915531460241e-01
4.989722359719687139e-01 5.433601405548822427e-01
5.093568864577977529e-01 5.699809031428411110e-01
5.199576631284887895e-01 5.979058927947140667e-01
5.307790640196620169e-01 6.281397397577320740e-01
5.418256807804173736e-01 6.609984582369896611e-01
5.531022006216277376e-01 6.955760543986495570e-01
5.646134083047763541e-01 7.323052896414363744e-01
5.763641881721900395e-01 7.735024145026800912e-01
5.883595262195214781e-01 8.170171562387967823e-01
6.006045122113689017e-01 8.629798964722147359e-01
6.131043418409223289e-01 9.060932086070223601e-01
6.258643189345570734e-01 9.513142667612463077e-01
6.388898577023131020e-01 9.992408325705186556e-01
6.521864850352057097e-01 1.058810506197413792e+00
6.657598428503537225e-01 1.121931421827588649e+00
6.796156904849094404e-01 1.185947681533855658e+00
6.937599071398169448e-01 1.245616607059299774e+00
7.081984943744236149e-01 1.308287672332387963e+00
7.229375786530161108e-01 1.373575929466002155e+00
7.379834139443505192e-01 1.441818167502086911e+00
7.533423843752851123e-01 1.515757606960826287e+00
7.690210069396433701e-01 1.606383275438978631e+00
7.850259342634492432e-01 1.702427364216914540e+00
8.013639574277185984e-01 1.799982239417368790e+00
8.180420088499924525e-01 1.901942001869101784e+00
8.350671652258471189e-01 2.009609738570528492e+00
8.524466505316175002e-01 2.123309688644642090e+00
8.701878390896189419e-01 2.247597828829541733e+00
8.882982586971583938e-01 2.386545566821606457e+00
9.067855938206671462e-01 2.531305791940882788e+00
9.256576888563147198e-01 2.678231313689419579e+00
9.449225514584753682e-01 2.837199678791078483e+00
9.645883559374751615e-01 3.013319202668316876e+00
9.846634467280448444e-01 3.196666792437808713e+00
1.005156341929967390e+00 3.385791885624117814e+00
1.026075736922404058e+00 3.592938586030501646e+00
1.047430508053451392e+00 3.817812144378646355e+00
1.069229716406479680e+00 4.059173911270232082e+00
1.091482611644857048e+00 4.314338447409447497e+00
1.114198635936694659e+00 4.570031162522334434e+00
1.137387427961266795e+00 4.851216889584770264e+00
1.161058826998822235e+00 5.161875856573518107e+00
1.185222877105502892e+00 5.490652883145673790e+00
1.209889831375160485e+00 5.836782634879474685e+00
1.235070156289862053e+00 6.197897638514906049e+00
1.260774536160947035e+00 6.593660996325452217e+00
1.287013877662505523e+00 7.010199576626540363e+00
1.313799314459207501e+00 7.442064123632503581e+00
1.341142211930455019e+00 7.923259339419274738e+00
1.369054171992841074e+00 8.430990451627510041e+00
1.397547038022987298e+00 8.971004421940357076e+00
1.426632899882822825e+00 9.552856725867002297e+00
1.456324099049463694e+00 1.013891589795043835e+01
1.486633233851841318e+00 1.078779546612948081e+01
1.517573164816328868e+00 2.132077029158081771e+01
1.549157020123613560e+00 inf
1.581398201179137208e+00 inf
1.614310388299477594e+00 inf
1.647907546517062949e+00 inf
1.682203931505708239e+00 inf
1.717214095629459480e+00 inf
1.752952894117343119e+00 inf
1.789435491366608399e+00 inf
1.826677367377168348e+00 inf
1.864694324319941865e+00 inf
1.903502493241907789e+00 inf
1.943118340910698461e+00 inf
1.983558676801640885e+00 inf
2.024840660230225353e+00 inf
2.066981807632997992e+00 inf
2.109999999999999876e+00 inf
