# k [Mpc^-1], sensitivity [mK^2], z=10.0, 129.1 MHz
3.500000000000000333e-02 inf
3.572842282756675397e-02 inf
3.647200564986839699e-02 inf
3.723106397794004319e-02 inf
3.800591988925806214e-02 inf
3.879690216440116746e-02 inf
3.960434642655615706e-02 inf
4.042859528392659524e-02 inf
4.126999847510574859e-02 inf
4.212891301747467149e-02 inf
4.300570335868902916e-02 inf
4.390074153131857948e-02 inf
4.481440731070487210e-02 inf
4.574708837610465956e-02 inf
4.669918047518661214e-02 inf
4.767108759195193973e-02 inf
4.866322211814942678e-02 inf
4.967600502825834929e-02 inf
5.070986605811275694e-02 inf
5.176524388724366293e-02 inf
5.284258632501594166e-02 inf
5.394235050063903719e-02 inf
5.506500305713256382e-02 inf
5.621102034932823344e-02 inf
5.738088864599311806e-02 inf
5.857510433615904094e-02 inf
5.979417413974657397e-02 inf
6.103861532257209149e-02 inf
6.230895591583001519e-02 inf
6.360573494014265528e-02 inf
6.492950263427293978e-02 inf
6.628082068859754428e-02 inf
6.766026248343849636e-02 inf
6.906841333235554103e-02 inf
7.050587073050135212e-02 inf
7.197324460814619185e-02 inf
7.347115758947816988e-02 inf
7.500024525679045706e-02 inf
7.656115642016625422e-02 inf
7.815455339277647961e-02 inf
7.978111227190747001e-02 inf
8.144152322583671222e-02 inf
8.313649078667982584e-02 inf
8.486673414933156023e-02 inf
8.663298747662909194e-02 inf
8.843600021086570062e-02 inf
9.027653739178835568e-02 inf
9.215537998121303698e-02 inf
9.407332519439604024e-02 inf
9.603118683830201563e-02 inf
9.802979565691193053e-02 inf
1.000699996837176586e-01 inf
1.021526646015524509e-01 inf
1.042786741099108044e-01 inf
1.064489302999123421e-01 inf
1.086643540370700461e-01 inf
1.109258853520242866e-01 inf
1.132344838394090808e-01 inf
1.155911290650195183e-01 inf
1.179968209814531294e-01 inf
1.204525803524016392e-01 inf
1.229594491857733396e-01 inf
1.255184911758291388e-01 inf
1.281307921545208894e-01 inf
1.307974605522227440e-01 inf
1.335196278680513826e-01 inf
1.362984491499744655e-01 4.194616899494324258e+00
1.391351034849112878e-01 4.151247678276605235e+00
1.420307944990333859e-01 4.108326862573404625e+00
1.449867508684773432e-01 4.065849816204968548e+00
1.480042268406868700e-01 4.023811950926192260e+00
1.510845027666047613e-01 3.982208725931017934e+00
1.542288856439409939e-01 3.941035647361945227e+00
1.574387096717475842e-01 3.900288267824623123e+00
1.607153368165349372e-01 3.859962185907450216e+00
1.640601573901705190e-01 3.820053045706152783e+00
1.674745906398046880e-01 3.780556536353265606e+00
1.709600853500741757e-01 3.767208349334320250e+00
1.745181204578385992e-01 3.801342977388698419e+00
1.781502056797110434e-01 3.835786898883831508e+00
1.818578821526486422e-01 3.870542916323746585e+00
1.856427230878753554e-01 3.905613857605920280e+00
1.895063344384143311e-01 3.941002576251376066e+00
1.934503555805126840e-01 3.976711951636854092e+00
1.974764600092484834e-01 4.012744889229092671e+00
2.015863560486145234e-01 4.049104320821228065e+00
2.057817875763805759e-01 4.057651611070335562e+00
2.100645347640413829e-01 4.038426575702573906e+00
2.144364148321648011e-01 4.019292627993467093e+00
2.188992828214597897e-01 4.000249336372337261e+00
2.234550323798925042e-01 3.981296271313274460e+00
2.281055965661834550e-01 3.962433005325452839e+00
2.328529486700275375e-01 3.943659112943480594e+00
2.376991030493841028e-01 3.924473689548496402e+00
2.426461159851931171e-01 3.878825491686853422e+00
2.476960865538796186e-01 3.833708258773087074e+00
2.528511575180167337e-01 3.789115814796115700e+00
2.581135162355253088e-01 3.745042055582203488e+00
2.634853955877961562e-01 3.701480947959373324e+00
2.689690749271278492e-01 3.658426528931532751e+00
2.745668810438831597e-01 3.615554960588994948e+00
2.802811891537738131e-01 3.572913533871133307e+00
2.861144239056928607e-01 3.530775015086453195e+00
2.920690604105219967e-01 3.489133472998391827e+00
2.981476252913505820e-01 3.447983046322686373e+00
3.043526977555517377e-01 3.407317942902367669e+00
3.106869106891708698e-01 3.383235574777556209e+00
3.171529517740905302e-01 3.362898290934876133e+00
3.237535646284456226e-01 3.342683258441520255e+00
3.304915499707733462e-01 3.322589742420966274e+00
3.373697668083914247e-01 3.302617012414179154e+00
3.443911336505087739e-01 3.258116895908157673e+00
3.515586297465838617e-01 3.203986047970592832e+00
3.588752963504552862e-01 3.150754538145212447e+00
3.663442380107827523e-01 3.098407424692307011e+00
3.739686238883428437e-01 3.048797881211843919e+00
3.817516891007428637e-01 3.022518695021542801e+00
3.896967360951185122e-01 2.996466022904569648e+00
3.978071360494027653e-01 2.970637912417455340e+00
4.060863303027552607e-01 2.945032427945866171e+00
4.145378318157649788e-01 2.899674758981530154e+00
4.231652266610403390e-01 2.851600473786088052e+00
4.319721755448220901e-01 2.804323221737172300e+00
4.409624153602658136e-01 2.757829788663545223e+00
4.501397607730483474e-01 2.724040554584835405e+00
4.595081058399779206e-01 2.691085367844341381e+00
4.690714256612865118e-01 2.658528869857314625e+00
4.788337780673142530e-01 2.625870907748349747e+00
4.887993053402931998e-01 2.592773835381712910e+00
4.989722359719687139e-01 2.560093926020314825e+00
5.093568864577977529e-01 2.527809676853890242e+00
5.199576631284887895e-01 2.495081964360463811e+00
5.307790640196620169e-01 2.462777979640080606e+00
5.418256807804173736e-01 2.430892236662342665e+00
5.531022006216277376e-01 2.402189580048969653e+00
5.646134083047763541e-01 2.374180618308392443e+00
5.763641881721900395e-01 2.346498234430070440e+00
5.883595262195214781e-01 2.315018841097621571e+00
6.006045122113689017e-01 2.283712528847735346e+00
6.131043418409223289e-01 2.251789545069443843e+00
6.258643189345570734e-01 2.215215157881436081e+00
6.388898577023131020e-01 2.179234825231564976e+00
6.521864850352057097e-01 2.148695168191954163e+00
6.657598428503537225e-01 2.122630421684868374e+00
6.796156904849094404e-01 2.097788115530690778e+00
6.937599071398169448e-01 2.089527642855100176e+00
7.081984943744236149e-01 2.081299697491643563e+00
7.229375786530161108e-01 2.064178680836392221e+00
7.379834139443505192e-01 2.043115939956508420e+00
7.533423843752851123e-01 2.016766476178505574e+00
7.690210069396433701e-01 1.983440881680698320e+00
7.850259342634492432e-01 1.951959734514468359e+00
8.013639574277185984e-01 1.924473504404133672e+00
8.180420088499924525e-01 1.898960042397067616e+00
8.350671652258471189e-01 1.880013824469491501e+00
8.524466505316175002e-01 1.855446824775607739e+00
8.701878390896189419e-01 1.810933395470221141e+00
8.882982586971583938e-01 1.779310623983374029e+00
9.067855938206671462e-01 1.773741086993090077e+00
9.256576888563147198e-01 1.757700611252000167e+00
9.449225514584753682e-01 1.730750554521405471e+00
9.645883559374751615e-01 1.698279313461551698e+00
9.846634467280448444e-01 1.664320854508952729e+00
1.005156341929967390e+00 1.644345754954534833e+00
1.026075736922404058e+00 1.625429339566716980e+00
1.047430508053451392e+00 1.608121268314600671e+00
1.069229716406479680e+00 1.581140206061846021e+00
1.091482611644857048e+00 1.556111114524013628e+00
1.114198635936694659e+00 1.545284989742542026e+00
1.137387427961266795e+00 1.519078640284875936e+00
1.161058826998822235e+00 1.492597031142754771e+00
1.185222877105502892e+00 1.477496332203808160e+00
1.209889831375160485e+00 1.456923032959349218e+00
1.235070156289862053e+00 1.437481946690866375e+00
1.260774536160947035e+00 1.426023171704174919e+00
1.287013877662505523e+00 1.442090941141618066e+00
1.313799314459207501e+00 1.448506089096912586e+00
1.341142211930455019e+00 1.458273329832338705e+00
1.369054171992841074e+00 1.693896189258552676e+00
1.397547038022987298e+00 inf
1.426632899882822825e+00 inf
1.456324099049463694e+00 inf
1.486633233851841318e+00 inf
1.517573164816328868e+00 inf
1.549157020123613560e+00 inf
1.581398201179137208e+00 inf
1.614310388299477594e+00 inf
1.647907546517062949e+00 inf
1.682203931505708239e+00 inf
1.717214095629459480e+00 inf
1.752952894117343119e+00 inf
1.789435491366608399e+00 inf
1.826677367377168348e+00 inf
1.864694324319941865e+00 inf
1.903502493241907789e+00 inf
1.943118340910698461e+00 inf
1.983558676801640885e+00 inf
2.024840660230225353e+00 inf
2.066981807632997992e+00 inf
2.109999999999999876e+00 inf
