# k [Mpc^-1], sensitivity [mK^2], z=6.0, 202.9 MHz
3.500000000000000333e-02 inf
3.572842282756675397e-02 inf
3.647200564986839699e-02 inf
3.723106397794004319e-02 inf
3.800591988925806214e-02 inf
3.879690216440116746e-02 inf
3.960434642655615706e-02 inf
4.042859528392659524e-02 inf
4.126999847510574859e-02 inf
4.212891301747467149e-02 inf
4.300570335868902916e-02 2.476410925445900429e-04
4.390074153131857948e-02 2.554849868242009092e-04
4.481440731070487210e-02 2.635773321053698709e-04
4.574708837610465956e-02 2.719259979357956949e-04
4.669918047518661214e-02 2.805391031267362684e-04
4.767108759195193973e-02 2.894250236482940448e-04
4.866322211814942678e-02 2.985924007747790083e-04
4.967600502825834929e-02 3.080501494880737547e-04
5.070986605811275694e-02 3.178074671471678740e-04
5.176524388724366293e-02 3.278738424322968914e-04
5.284258632501594166e-02 3.382590645723807963e-04
5.394235050063903719e-02 3.489732328647371850e-04
5.506500305713256382e-02 3.600267664963259897e-04
5.621102034932823344e-02 3.714304146760752834e-04
5.738088864599311806e-02 3.831952670881460534e-04
5.857510433615904094e-02 3.953327646762951867e-04
5.979417413974657397e-02 4.078547107698288730e-04
6.103861532257209149e-02 4.207732825619621008e-04
6.230895591583001519e-02 4.341010429517547253e-04
6.360573494014265528e-02 4.478509527611264124e-04
6.492950263427293978e-02 4.620363833388429608e-04
6.628082068859754428e-02 4.766711295637287410e-04
6.766026248343849636e-02 4.917694232597446093e-04
6.906841333235554103e-02 5.073459470359837882e-04
7.050587073050135212e-02 5.234158485650382796e-04
7.197324460814619185e-02 5.399947553136334906e-04
7.347115758947816988e-02 5.570987897398330026e-04
7.500024525679045706e-02 5.747445849716217858e-04
7.656115642016625422e-02 5.929493009820889201e-04
7.815455339277647961e-02 6.117306412769555821e-04
7.978111227190747001e-02 6.311068701106699146e-04
8.144152322583671222e-02 6.510968302478088591e-04
8.313649078667982584e-02 6.717199612870727128e-04
8.486673414933156023e-02 6.929963185656662274e-04
8.663298747662909194e-02 7.234339663630125032e-04
8.843600021086570062e-02 7.578567245556275212e-04
9.027653739178835568e-02 7.939174018074542745e-04
9.215537998121303698e-02 8.316939343149337910e-04
9.407332519439604024e-02 8.712679666694255008e-04
9.603118683830201563e-02 9.127250283117088530e-04
9.802979565691193053e-02 9.561547183826273315e-04
1.000699996837176586e-01 1.001650899369376912e-03
1.021526646015524509e-01 1.049311899965947072e-03
1.042786741099108044e-01 1.099240727586182301e-03
1.064489302999123421e-01 1.151545290988705917e-03
1.086643540370700461e-01 1.206338633494907732e-03
1.109258853520242866e-01 1.263739177303999008e-03
1.132344838394090808e-01 1.323870979433180604e-03
1.155911290650195183e-01 1.386863999836070388e-03
1.179968209814531294e-01 1.452854382278860644e-03
1.204525803524016392e-01 1.521984748581250903e-03
1.229594491857733396e-01 1.594404506858084370e-03
1.255184911758291388e-01 1.670270174427876614e-03
1.281307921545208894e-01 1.750141333743841137e-03
1.307974605522227440e-01 1.838187646472288703e-03
1.335196278680513826e-01 1.930663403289398835e-03
1.362984491499744655e-01 2.027791441180918763e-03
1.391351034849112878e-01 2.129805807641460026e-03
1.420307944990333859e-01 2.236952324654076577e-03
1.449867508684773432e-01 2.349489181042581278e-03
1.480042268406868700e-01 2.467687554624026485e-03
1.510845027666047613e-01 2.591832265660447276e-03
1.542288856439409939e-01 2.722222463184586876e-03
1.574387096717475842e-01 2.859172345853340427e-03
1.607153368165349372e-01 3.003011919065990288e-03
1.640601573901705190e-01 3.154087790171635017e-03
1.674745906398046880e-01 3.312764003681986733e-03
1.709600853500741757e-01 3.481066575127934101e-03
1.745181204578385992e-01 3.670513027088267207e-03
1.781502056797110434e-01 3.870269525520219755e-03
1.818578821526486422e-01 4.080897163319149867e-03
1.856427230878753554e-01 4.302987569153287305e-03
1.895063344384143311e-01 4.537164569280194813e-03
1.934503555805126840e-01 4.784085939802587735e-03
1.974764600092484834e-01 5.044445254285277562e-03
2.015863560486145234e-01 5.318973831923119212e-03
2.057817875763805759e-01 5.608442791731989806e-03
2.100645347640413829e-01 5.913665218532913360e-03
2.144364148321648011e-01 6.238584618644135195e-03
2.188992828214597897e-01 6.589420109365902098e-03
2.234550323798925042e-01 6.959985322304163523e-03
2.281055965661834550e-01 7.351389785853384810e-03
2.328529486700275375e-01 7.764805424281865341e-03
2.376991030493841028e-01 8.201470066650534685e-03
2.426461159851931171e-01 8.662691153060769061e-03
2.476960865538796186e-01 9.149849649328091125e-03
2.528511575180167337e-01 9.664404181803133015e-03
2.581135162355253088e-01 1.024038104814737650e-02
2.634853955877961562e-01 1.089526932452081556e-02
2.689690749271278492e-01 1.159203872353169879e-02
2.745668810438831597e-01 1.233336760803462918e-02
2.802811891537738131e-01 1.312210562634959915e-02
2.861144239056928607e-01 1.396128466623358134e-02
2.920690604105219967e-01 1.485413050937561645e-02
2.981476252913505820e-01 1.580407523121496460e-02
3.043526977555517377e-01 1.680627881867433407e-02
3.106869106891708698e-01 1.787159096593763513e-02
3.171529517740905302e-01 1.900443084990883352e-02
3.237535646284456226e-01 2.020907890166776660e-02
3.304915499707733462e-01 2.149008687917599442e-02
3.373697668083914247e-01 2.285229506607646191e-02
3.443911336505087739e-01 2.433333138744149526e-02
3.515586297465838617e-01 2.594934756999733513e-02
3.588752963504552862e-01 2.767268602013343154e-02
3.663442380107827523e-01 2.951047418449479279e-02
3.739686238883428437e-01 3.147031285507042447e-02
3.817516891007428637e-01 3.356030760482905939e-02
3.896967360951185122e-01 3.582204711288433652e-02
3.978071360494027653e-01 3.824779545031248285e-02
4.060863303027552607e-01 4.083780729222406120e-02
4.145378318157649788e-01 4.360320600969967014e-02
4.231652266610403390e-01 4.655586821103219891e-02
4.319721755448220901e-01 4.964552503305542236e-02
4.409624153602658136e-01 5.290207210221393314e-02
4.501397607730483474e-01 5.637223558104039606e-02
4.595081058399779206e-01 6.007002784814036156e-02
4.690714256612865118e-01 6.401222894322818047e-02
4.788337780673142530e-01 6.840226750949392198e-02
4.887993053402931998e-01 7.309338040064197739e-02
4.989722359719687139e-01 7.810621566969863649e-02
5.093568864577977529e-01 8.346283743894143681e-02
5.199576631284887895e-01 8.892429177110949823e-02
5.307790640196620169e-01 9.466717807124036543e-02
5.418256807804173736e-01 1.007809500135207620e-01
5.531022006216277376e-01 1.072895600414373596e-01
5.646134083047763541e-01 1.146900240698651707e-01
5.763641881721900395e-01 1.226568936516777147e-01
5.883595262195214781e-01 1.311771767622459395e-01
6.006045122113689017e-01 1.400250136396870293e-01
6.131043418409223289e-01 1.488212985544993816e-01
6.258643189345570734e-01 1.581701606574247299e-01
6.388898577023131020e-01 1.681063125062969843e-01
6.521864850352057097e-01 1.792314841362509792e-01
6.657598428503537225e-01 1.911225702388789638e-01
6.796156904849094404e-01 2.038025686767557798e-01
6.937599071398169448e-01 2.166101908994471636e-01
7.081984943744236149e-01 2.300564884159876644e-01
7.229375786530161108e-01 2.443374785024048368e-01
7.379834139443505192e-01 2.605847163586387794e-01
7.533423843752851123e-01 2.780744940616457495e-01
7.690210069396433701e-01 2.967566349722155494e-01
7.850259342634492432e-01 3.168678830003032187e-01
8.013639574277185984e-01 3.383420737551315338e-01
8.180420088499924525e-01 3.598475586916164426e-01
8.350671652258471189e-01 3.810669102727955448e-01
8.524466505316175002e-01 4.035375163661980014e-01
8.701878390896189419e-01 4.301783378178511419e-01
8.882982586971583938e-01 4.586181757102441026e-01
9.067855938206671462e-01 4.886079997939413166e-01
9.256576888563147198e-01 5.203418579896618157e-01
9.449225514584753682e-01 5.541342080447001495e-01
9.645883559374751615e-01 5.901163058105336479e-01
9.846634467280448444e-01 6.281361432008049084e-01
1.005156341929967390e+00 6.673499834366330985e-01
1.026075736922404058e+00 7.092107424069351573e-01
1.047430508053451392e+00 7.550442327417986599e-01
1.069229716406479680e+00 8.035895782135723531e-01
1.091482611644857048e+00 8.537941237119864857e-01
1.114198635936694659e+00 9.077327232336450669e-01
1.137387427961266795e+00 9.669884627927797238e-01
1.161058826998822235e+00 1.029439723546824004e+00
1.185222877105502892e+00 1.094926761178893981e+00
1.209889831375160485e+00 1.166958008827502891e+00
1.235070156289862053e+00 1.245082167743495782e+00
1.260774536160947035e+00 1.316602561020109752e+00
1.287013877662505523e+00 1.396937599456665513e+00
1.313799314459207501e+00 1.495412149433835269e+00
1.341142211930455019e+00 1.593728468963322875e+00
1.369054171992841074e+00 1.694747458070726243e+00
1.397547038022987298e+00 1.798564515837177913e+00
1.426632899882822825e+00 1.914022380448281213e+00
1.456324099049463694e+00 2.037822189513471383e+00
1.486633233851841318e+00 2.163190359965384779e+00
1.517573164816328868e+00 2.306471545400898382e+00
1.549157020123613560e+00 2.456010729235726942e+00
1.581398201179137208e+00 2.608597142570056260e+00
1.614310388299477594e+00 2.775515109302599370e+00
1.647907546517062949e+00 2.956392007918050790e+00
1.682203931505708239e+00 3.142798122539795624e+00
1.717214095629459480e+00 4.393385517405947738e+00
1.752952894117343119e+00 1.221118364290595082e+01
1.789435491366608399e+00 8.358990722961762287e+01
1.826677367377168348e+00 inf
1.864694324319941865e+00 inf
1.903502493241907789e+00 inf
1.943118340910698461e+00 inf
1.983558676801640885e+00 inf
2.024840660230225353e+00 inf
2.066981807632997992e+00 inf
2.109999999999999876e+00 inf
