# k [Mpc^-1], sensitivity [mK^2], z=11.0, 118.4 MHz
3.500000000000000333e-02 9.740435985714775147e-02
3.572842282756675397e-02 9.774197467695072694e-02
3.647200564986839699e-02 9.808075970891590167e-02
3.723106397794004319e-02 9.842071900913437754e-02
3.800591988925806214e-02 9.876185664775631590e-02
3.879690216440116746e-02 9.910417670903946818e-02
3.960434642655615706e-02 9.944768329139795637e-02
4.042859528392659524e-02 9.979238050745162236e-02
4.126999847510574859e-02 1.001382724840751554e-01
4.212891301747467149e-02 1.004853633624472886e-01
4.300570335868902916e-02 1.008336572981007456e-01
4.390074153131857948e-02 1.011831584609717283e-01
4.481440731070487210e-02 1.015338710354498769e-01
4.574708837610465956e-02 1.018857992204285495e-01
4.669918047518661214e-02 1.022389472293548235e-01
4.767108759195193973e-02 1.025933192902800939e-01
4.866322211814942678e-02 1.029489196459107692e-01
4.967600502825834929e-02 1.033057525536588694e-01
5.070986605811275694e-02 1.036638222856930969e-01
5.176524388724366293e-02 1.040231331289900862e-01
5.284258632501594166e-02 1.043836893853855308e-01
5.394235050063903719e-02 1.047454953716257936e-01
5.506500305713256382e-02 1.051085554194196720e-01
5.621102034932823344e-02 1.054728738754900641e-01
5.738088864599311806e-02 1.058384551016261638e-01
5.857510433615904094e-02 1.062053034747356128e-01
5.979417413974657397e-02 1.065734233868969594e-01
6.103861532257209149e-02 1.069428192454121573e-01
6.230895591583001519e-02 1.073134954728594409e-01
6.360573494014265528e-02 1.076854565071461572e-01
6.492950263427293978e-02 1.080587068015619323e-01
6.628082068859754428e-02 1.091555250213908507e-01
6.766026248343849636e-02 1.103104829301441436e-01
6.906841333235554103e-02 1.114776612718140075e-01
7.050587073050135212e-02 1.126571893489312359e-01
7.197324460814619185e-02 1.138491978321570924e-01
7.347115758947816988e-02 1.150538187747589536e-01
7.500024525679045706e-02 1.162711856272397593e-01
7.656115642016625422e-02 1.175014332521217009e-01
7.815455339277647961e-02 1.187446979388866730e-01
7.978111227190747001e-02 1.200011174190748486e-01
8.144152322583671222e-02 1.212708308815425851e-01
8.313649078667982584e-02 1.225539789878823949e-01
8.486673414933156023e-02 1.238507038880054256e-01
8.663298747662909194e-02 1.251611492358894462e-01
8.843600021086570062e-02 1.264854602054928112e-01
9.027653739178835568e-02 1.278237835068374573e-01
9.215537998121303698e-02 1.291762674022615964e-01
9.407332519439604024e-02 1.305430617228444667e-01
9.603118683830201563e-02 1.319243178850050546e-01
9.802979565691193053e-02 1.332781161295559513e-01
1.000699996837176586e-01 1.345219884359416251e-01
1.021526646015524509e-01 1.357774696872878217e-01
1.042786741099108044e-01 1.370446682288020690e-01
1.064489302999123421e-01 1.383236934168675658e-01
1.086643540370700461e-01 1.396146556284805496e-01
1.109258853520242866e-01 1.409176662707755656e-01
1.132344838394090808e-01 1.422328377906395547e-01
1.155911290650195183e-01 1.435602836844158403e-01
1.179968209814531294e-01 1.449001185076987108e-01
1.204525803524016392e-01 1.462524578852190671e-01
1.229594491857733396e-01 1.476174185208227463e-01
1.255184911758291388e-01 1.489951182075418268e-01
1.281307921545208894e-01 1.503856758377596914e-01
1.307974605522227440e-01 1.517364802417839609e-01
1.335196278680513826e-01 1.529687599083678906e-01
1.362984491499744655e-01 1.542110471431665242e-01
1.391351034849112878e-01 1.554634232194689047e-01
1.420307944990333859e-01 1.567259700705993797e-01
1.449867508684773432e-01 1.579987702952777018e-01
1.480042268406868700e-01 1.592819071630229844e-01
1.510845027666047613e-01 1.605754646196013158e-01
1.542288856439409939e-01 1.618795272925175610e-01
1.574387096717475842e-01 1.631941804965521270e-01
1.607153368165349372e-01 1.645195102393423037e-01
1.640601573901705190e-01 1.663537124402354739e-01
1.674745906398046880e-01 1.688106388704502248e-01
1.709600853500741757e-01 1.713038523627025411e-01
1.745181204578385992e-01 1.738338888511802571e-01
1.781502056797110434e-01 1.764012921854396232e-01
1.818578821526486422e-01 1.790066142473091260e-01
1.856427230878753554e-01 1.816504150695208986e-01
1.895063344384143311e-01 1.843332629560934799e-01
1.934503555805126840e-01 1.870557346044930402e-01
1.974764600092484834e-01 1.891045626478791430e-01
2.015863560486145234e-01 1.907061479640894397e-01
2.057817875763805759e-01 1.923212976041276667e-01
2.100645347640413829e-01 1.939501264484682908e-01
2.144364148321648011e-01 1.955927503505440757e-01
2.188992828214597897e-01 1.972492861449866852e-01
2.234550323798925042e-01 1.989198516559363972e-01
2.281055965661834550e-01 2.005466056677029929e-01
2.328529486700275375e-01 2.017643194871741874e-01
2.376991030493841028e-01 2.029894272335642791e-01
2.426461159851931171e-01 2.042219738026068154e-01
2.476960865538796186e-01 2.054620043626412540e-01
2.528511575180167337e-01 2.067095643562678609e-01
2.581135162355253088e-01 2.079646995020133504e-01
2.634853955877961562e-01 2.131459821104920160e-01
2.689690749271278492e-01 2.207601736669400350e-01
2.745668810438831597e-01 2.286463661895062338e-01
2.802811891537738131e-01 2.368142763401660245e-01
2.861144239056928607e-01 2.452739678881909746e-01
2.920690604105219967e-01 2.540358641098266479e-01
2.981476252913505820e-01 2.613129266536149964e-01
3.043526977555517377e-01 2.686399224795257834e-01
3.106869106891708698e-01 2.761723611379837684e-01
3.171529517740905302e-01 2.839160030741219587e-01
3.237535646284456226e-01 2.918767702511352313e-01
3.304915499707733462e-01 2.997592974719053283e-01
3.373697668083914247e-01 3.077801404443112898e-01
3.443911336505087739e-01 3.160156020208125249e-01
3.515586297465838617e-01 3.244714248827433867e-01
3.588752963504552862e-01 3.328581754846269281e-01
3.663442380107827523e-01 3.400732749747983896e-01
3.739686238883428437e-01 3.474447703851758495e-01
3.817516891007428637e-01 3.549760517845855223e-01
3.896967360951185122e-01 3.626705827256537229e-01
3.978071360494027653e-01 3.680844185600529728e-01
4.060863303027552607e-01 3.734613128205876986e-01
4.145378318157649788e-01 3.789167515411189791e-01
4.231652266610403390e-01 3.846536618938986574e-01
4.319721755448220901e-01 3.932634157293434796e-01
4.409624153602658136e-01 4.020658828246648775e-01
4.501397607730483474e-01 4.110653767062700803e-01
4.595081058399779206e-01 4.188150315658386025e-01
4.690714256612865118e-01 4.250560896124311872e-01
4.788337780673142530e-01 4.313901500648719134e-01
4.887993053402931998e-01 4.378260806595771770e-01
4.989722359719687139e-01 4.444129000271704322e-01
5.093568864577977529e-01 4.510988139697511556e-01
5.199576631284887895e-01 4.578853133031806633e-01
5.307790640196620169e-01 4.634179602173243984e-01
5.418256807804173736e-01 4.690013783238445311e-01
5.531022006216277376e-01 4.746251854711382445e-01
5.646134083047763541e-01 4.797426578683881004e-01
5.763641881721900395e-01 4.849153075392810264e-01
5.883595262195214781e-01 4.905090632884450685e-01
6.006045122113689017e-01 4.971660820256935120e-01
6.131043418409223289e-01 5.039134475104027899e-01
6.258643189345570734e-01 5.093728547446499944e-01
6.388898577023131020e-01 5.141273029273442097e-01
6.521864850352057097e-01 5.192383065143865162e-01
6.657598428503537225e-01 5.261171940676973025e-01
6.796156904849094404e-01 5.330872133679869229e-01
6.937599071398169448e-01 5.424446323208443888e-01
7.081984943744236149e-01 5.526009966270253315e-01
7.229375786530161108e-01 5.603781957359685872e-01
7.379834139443505192e-01 5.659488606115342657e-01
7.533423843752851123e-01 5.720694246568949204e-01
7.690210069396433701e-01 5.791071365878798227e-01
7.850259342634492432e-01 5.856745861502582473e-01
8.013639574277185984e-01 5.910302014908223045e-01
8.180420088499924525e-01 5.967601938555407992e-01
8.350671652258471189e-01 6.032369667370979238e-01
8.524466505316175002e-01 6.095246103878236843e-01
8.701878390896189419e-01 6.155134674358982982e-01
8.882982586971583938e-01 6.217099748053207531e-01
9.067855938206671462e-01 6.280750224009726823e-01
9.256576888563147198e-01 6.334227941684629215e-01
9.449225514584753682e-01 6.386505044231163275e-01
9.645883559374751615e-01 6.444762378407021819e-01
9.846634467280448444e-01 6.513269954462382882e-01
1.005156341929967390e+00 6.593548317112362112e-01
1.026075736922404058e+00 6.629064716254857714e-01
1.047430508053451392e+00 6.681567413629929675e-01
1.069229716406479680e+00 6.780296157344157804e-01
1.091482611644857048e+00 6.846073291664617200e-01
1.114198635936694659e+00 6.897681679452073444e-01
1.137387427961266795e+00 6.936712909010535055e-01
1.161058826998822235e+00 7.023254658321222976e-01
1.185222877105502892e+00 7.091492382395687688e-01
1.209889831375160485e+00 7.159009719585557319e-01
1.235070156289862053e+00 7.254365908596366319e-01
1.260774536160947035e+00 7.271362642029947088e-01
1.287013877662505523e+00 7.347817956320915611e-01
1.313799314459207501e+00 9.242567231066044497e-01
1.341142211930455019e+00 inf
1.369054171992841074e+00 inf
1.397547038022987298e+00 inf
1.426632899882822825e+00 inf
1.456324099049463694e+00 inf
1.486633233851841318e+00 inf
1.517573164816328868e+00 inf
1.549157020123613560e+00 inf
1.581398201179137208e+00 inf
1.614310388299477594e+00 inf
1.647907546517062949e+00 inf
1.682203931505708239e+00 inf
1.717214095629459480e+00 inf
1.752952894117343119e+00 inf
1.789435491366608399e+00 inf
1.826677367377168348e+00 inf
1.864694324319941865e+00 inf
1.903502493241907789e+00 inf
1.943118340910698461e+00 inf
1.983558676801640885e+00 inf
2.024840660230225353e+00 inf
2.066981807632997992e+00 inf
2.109999999999999876e+00 inf
