# k [Mpc^-1], sensitivity [mK^2], z=5.5, 218.5 MHz
3.500000000000000333e-02 inf
3.572842282756675397e-02 inf
3.647200564986839699e-02 inf
3.723106397794004319e-02 inf
3.800591988925806214e-02 inf
3.879690216440116746e-02 inf
3.960434642655615706e-02 inf
4.042859528392659524e-02 inf
4.126999847510574859e-02 inf
4.212891301747467149e-02 inf
4.300570335868902916e-02 inf
4.390074153131857948e-02 inf
4.481440731070487210e-02 1.173912248218368485e-04
4.574708837610465956e-02 1.212814377102364708e-04
4.669918047518661214e-02 1.253005678694118770e-04
4.767108759195193973e-02 1.294528874724243861e-04
4.866322211814942678e-02 1.337428102673357110e-04
4.967600502825834929e-02 1.381748962688439950e-04
5.070986605811275694e-02 1.427538566053949270e-04
5.176524388724366293e-02 1.474845585269216790e-04
5.284258632501594166e-02 1.523720305785346426e-04
5.394235050063903719e-02 1.574214679456618839e-04
5.506500305713256382e-02 1.626382379763216697e-04
5.621102034932823344e-02 1.680278858863959608e-04
5.738088864599311806e-02 1.735961406539719590e-04
5.857510433615904094e-02 1.793489211090138695e-04
5.979417413974657397e-02 1.852923422248404942e-04
6.103861532257209149e-02 1.914327216180940888e-04
6.230895591583001519e-02 1.977765862641127619e-04
6.360573494014265528e-02 2.043306794348419286e-04
6.492950263427293978e-02 2.111019678666582354e-04
6.628082068859754428e-02 2.180976491657312299e-04
6.766026248343849636e-02 2.253251594587862513e-04
6.906841333235554103e-02 2.327921812974082958e-04
7.050587073050135212e-02 2.405066518242832466e-04
7.197324460814619185e-02 2.484767712100606268e-04
7.347115758947816988e-02 2.567110113698026306e-04
7.500024525679045706e-02 2.652181249682895219e-04
7.656115642016625422e-02 2.740071547237475885e-04
7.815455339277647961e-02 2.830874430198938364e-04
7.978111227190747001e-02 2.924686418365129667e-04
8.144152322583671222e-02 3.021607230091205576e-04
8.313649078667982584e-02 3.121739888286247295e-04
8.486673414933156023e-02 3.225190829922414495e-04
8.663298747662909194e-02 3.332070019173181616e-04
8.843600021086570062e-02 3.442491064300788649e-04
9.027653739178835568e-02 3.585425118869467812e-04
9.215537998121303698e-02 3.736299842429304267e-04
9.407332519439604024e-02 3.893523375810731572e-04
9.603118683830201563e-02 4.057362876992230802e-04
9.802979565691193053e-02 4.228096745962596145e-04
1.000699996837176586e-01 4.406015097784846081e-04
1.021526646015524509e-01 4.591420255566622580e-04
1.042786741099108044e-01 4.784627264174867375e-04
1.064489302999123421e-01 4.985964425567555869e-04
1.086643540370700461e-01 5.195773856652224302e-04
1.109258853520242866e-01 5.414412070619160433e-04
1.132344838394090808e-01 5.642250582737150764e-04
1.155911290650195183e-01 5.879676541641067847e-04
1.179968209814531294e-01 6.127093387184070735e-04
1.204525803524016392e-01 6.384921535972227754e-04
1.229594491857733396e-01 6.653599095746445770e-04
1.255184911758291388e-01 6.933582609825594953e-04
1.281307921545208894e-01 7.225347832875782901e-04
1.307974605522227440e-01 7.529390539324077973e-04
1.335196278680513826e-01 7.861879474606842761e-04
1.362984491499744655e-01 8.257382336457744004e-04
1.391351034849112878e-01 8.672781523893065498e-04
1.420307944990333859e-01 9.109077949447066036e-04
1.449867508684773432e-01 9.567322877961355158e-04
1.480042268406868700e-01 1.004862045962829709e-03
1.510845027666047613e-01 1.055413039046264757e-03
1.542288856439409939e-01 1.108507070661195757e-03
1.574387096717475842e-01 1.164272071923872507e-03
1.607153368165349372e-01 1.222842409704583220e-03
1.640601573901705190e-01 1.284359210387285176e-03
1.674745906398046880e-01 1.348970699916401429e-03
1.709600853500741757e-01 1.416832560950162653e-03
1.745181204578385992e-01 1.488108307981039465e-03
1.781502056797110434e-01 1.564508468915206622e-03
1.818578821526486422e-01 1.648852039132287384e-03
1.856427230878753554e-01 1.737742620745157552e-03
1.895063344384143311e-01 1.831425345808103096e-03
1.934503555805126840e-01 1.930158561588402261e-03
1.974764600092484834e-01 2.034214543006201970e-03
2.015863560486145234e-01 2.143880243482477153e-03
2.057817875763805759e-01 2.259458086265622029e-03
2.100645347640413829e-01 2.381266798418923795e-03
2.144364148321648011e-01 2.509642289768811239e-03
2.188992828214597897e-01 2.644938579237697193e-03
2.234550323798925042e-01 2.790839279663294079e-03
2.281055965661834550e-01 2.948990623828618828e-03
2.328529486700275375e-01 3.116104091984224674e-03
2.376991030493841028e-01 3.292687549977485299e-03
2.426461159851931171e-01 3.479277643409234115e-03
2.476960865538796186e-01 3.676441428525484105e-03
2.528511575180167337e-01 3.884778095528586966e-03
2.581135162355253088e-01 4.104920789544975156e-03
2.634853955877961562e-01 4.337538534783616853e-03
2.689690749271278492e-01 4.590748916964376355e-03
2.745668810438831597e-01 4.863911156240716821e-03
2.802811891537738131e-01 5.153327303172675414e-03
2.861144239056928607e-01 5.459964510155749552e-03
2.920690604105219967e-01 5.784847477824065116e-03
2.981476252913505820e-01 6.129061879329478039e-03
3.043526977555517377e-01 6.493757988374785836e-03
3.106869106891708698e-01 6.882726209778705292e-03
3.171529517740905302e-01 7.315123692853924171e-03
3.237535646284456226e-01 7.774685932694305399e-03
3.304915499707733462e-01 8.263119516500251616e-03
3.373697668083914247e-01 8.782238245385353900e-03
3.443911336505087739e-01 9.333969869937895278e-03
3.515586297465838617e-01 9.920363248934565420e-03
3.588752963504552862e-01 1.056499089979428055e-02
3.663442380107827523e-01 1.126452113343928869e-02
3.739686238883428437e-01 1.201036873284679583e-02
3.817516891007428637e-01 1.280560046806907860e-02
3.896967360951185122e-01 1.365348616644362217e-02
3.978071360494027653e-01 1.455751215744255020e-02
4.060863303027552607e-01 1.551673938718971940e-02
4.145378318157649788e-01 1.653873361478580550e-02
4.231652266610403390e-01 1.762804045073198059e-02
4.319721755448220901e-01 1.878909337138306296e-02
4.409624153602658136e-01 2.002661785949627279e-02
4.501397607730483474e-01 2.136594316246052602e-02
4.595081058399779206e-01 2.280012598413693956e-02
4.690714256612865118e-01 2.433057791737800249e-02
4.788337780673142530e-01 2.596376099875359264e-02
4.887993053402931998e-01 2.768207727583218286e-02
4.989722359719687139e-01 2.939279326722521804e-02
5.093568864577977529e-01 3.120922925838737552e-02
5.199576631284887895e-01 3.313791860634994479e-02
5.307790640196620169e-01 3.518579842102187438e-02
5.418256807804173736e-01 3.784571240088207417e-02
5.531022006216277376e-01 4.073286799158332833e-02
5.646134083047763541e-01 4.384027752589171600e-02
5.763641881721900395e-01 4.714127824662510402e-02
5.883595262195214781e-01 5.004173803674551863e-02
6.006045122113689017e-01 5.312065431568015195e-02
6.131043418409223289e-01 5.638900696962104858e-02
6.258643189345570734e-01 5.995621962871828386e-02
6.388898577023131020e-01 6.386699908541056125e-02
6.521864850352057097e-01 6.803286793989332670e-02
6.657598428503537225e-01 7.248368397847346212e-02
6.796156904849094404e-01 7.732945354913418889e-02
6.937599071398169448e-01 8.249917854594192301e-02
7.081984943744236149e-01 8.801451644075916625e-02
7.229375786530161108e-01 9.379372394784586675e-02
7.379834139443505192e-01 9.995086687752086085e-02
7.533423843752851123e-01 1.065199155980862261e-01
7.690210069396433701e-01 1.137027922725304813e-01
7.850259342634492432e-01 1.213700264216363289e-01
8.013639574277185984e-01 1.293133690809572245e-01
8.180420088499924525e-01 1.370792125221167168e-01
8.350671652258471189e-01 1.453114294309326704e-01
8.524466505316175002e-01 1.546318785557162234e-01
8.701878390896189419e-01 1.649012332320925478e-01
8.882982586971583938e-01 1.757913311072865914e-01
9.067855938206671462e-01 1.870405722294329054e-01
9.256576888563147198e-01 1.990096749342132876e-01
9.449225514584753682e-01 2.124719441177315149e-01
9.645883559374751615e-01 2.270583082277064235e-01
9.846634467280448444e-01 2.411048926753502908e-01
1.005156341929967390e+00 2.545566328882749030e-01
1.026075736922404058e+00 2.702820371960699131e-01
1.047430508053451392e+00 2.897738330982164157e-01
1.069229716406479680e+00 3.098121571679345321e-01
1.091482611644857048e+00 3.291245470915179494e-01
1.114198635936694659e+00 3.499192140142359242e-01
1.137387427961266795e+00 3.726564572365044792e-01
1.161058826998822235e+00 3.964051635634005533e-01
1.185222877105502892e+00 4.209733721339320445e-01
1.209889831375160485e+00 4.479729672525610273e-01
1.235070156289862053e+00 4.773938752803680297e-01
1.260774536160947035e+00 5.075918460153321377e-01
1.287013877662505523e+00 5.394715724428856829e-01
1.313799314459207501e+00 5.737087299168098786e-01
1.341142211930455019e+00 6.110279753387880541e-01
1.369054171992841074e+00 6.518722812660662225e-01
1.397547038022987298e+00 6.938084797631625111e-01
1.426632899882822825e+00 7.383350140953881535e-01
1.456324099049463694e+00 7.860053640123045859e-01
1.486633233851841318e+00 8.311029436744814536e-01
1.517573164816328868e+00 8.826379223208739022e-01
1.549157020123613560e+00 9.455785474204536634e-01
1.581398201179137208e+00 1.006574954474962480e+00
1.614310388299477594e+00 1.070508549293287093e+00
1.647907546517062949e+00 1.138167742209450717e+00
1.682203931505708239e+00 1.210773183613397475e+00
1.717214095629459480e+00 1.282886253933264831e+00
1.752952894117343119e+00 1.368451855705636211e+00
1.789435491366608399e+00 2.048712288578156571e+00
1.826677367377168348e+00 5.180045264424501639e+00
1.864694324319941865e+00 inf
1.903502493241907789e+00 inf
1.943118340910698461e+00 inf
1.983558676801640885e+00 inf
2.024840660230225353e+00 inf
2.066981807632997992e+00 inf
2.109999999999999876e+00 inf
