# k [Mpc^-1], sensitivity [mK^2], z=14.0, 94.7 MHz
3.500000000000000333e-02 inf
3.572842282756675397e-02 inf
3.647200564986839699e-02 inf
3.723106397794004319e-02 inf
3.800591988925806214e-02 inf
3.879690216440116746e-02 inf
3.960434642655615706e-02 inf
4.042859528392659524e-02 inf
4.126999847510574859e-02 inf
4.212891301747467149e-02 inf
4.300570335868902916e-02 inf
4.390074153131857948e-02 inf
4.481440731070487210e-02 inf
4.574708837610465956e-02 inf
4.669918047518661214e-02 inf
4.767108759195193973e-02 inf
4.866322211814942678e-02 inf
4.967600502825834929e-02 inf
5.070986605811275694e-02 inf
5.176524388724366293e-02 inf
5.284258632501594166e-02 inf
5.394235050063903719e-02 inf
5.506500305713256382e-02 inf
5.621102034932823344e-02 inf
5.738088864599311806e-02 inf
5.857510433615904094e-02 inf
5.979417413974657397e-02 inf
6.103861532257209149e-02 inf
6.230895591583001519e-02 inf
6.360573494014265528e-02 inf
6.492950263427293978e-02 inf
6.628082068859754428e-02 inf
6.766026248343849636e-02 inf
6.906841333235554103e-02 inf
7.050587073050135212e-02 inf
7.197324460814619185e-02 inf
7.347115758947816988e-02 inf
7.500024525679045706e-02 inf
7.656115642016625422e-02 inf
7.815455339277647961e-02 inf
7.978111227190747001e-02 inf
8.144152322583671222e-02 inf
8.313649078667982584e-02 inf
8.486673414933156023e-02 inf
8.663298747662909194e-02 inf
8.843600021086570062e-02 inf
9.027653739178835568e-02 inf
9.215537998121303698e-02 inf
9.407332519439604024e-02 inf
9.603118683830201563e-02 inf
9.802979565691193053e-02 inf
1.000699996837176586e-01 inf
1.021526646015524509e-01 inf
1.042786741099108044e-01 inf
1.064489302999123421e-01 inf
1.086643540370700461e-01 inf
1.109258853520242866e-01 inf
1.132344838394090808e-01 inf
1.155911290650195183e-01 inf
1.179968209814531294e-01 1.203296567679955409e+00
1.204525803524016392e-01 1.207504652394007172e+00
1.229594491857733396e-01 1.211727453328013571e+00
1.255184911758291388e-01 1.215965021946511460e+00
1.281307921545208894e-01 1.220217409894015059e+00
1.307974605522227440e-01 1.224484668995647008e+00
1.335196278680513826e-01 1.228766851257769188e+00
1.362984491499744655e-01 1.233064008868615558e+00
1.391351034849112878e-01 1.237376194198930301e+00
1.420307944990333859e-01 1.241703459802603993e+00
1.449867508684773432e-01 1.246045858417315522e+00
1.480042268406868700e-01 1.286380133424640082e+00
1.510845027666047613e-01 1.333456949228003063e+00
1.542288856439409939e-01 1.382256604593792515e+00
1.574387096717475842e-01 1.432842149159228473e+00
1.607153368165349372e-01 1.485278939948033727e+00
1.640601573901705190e-01 1.539634725812355720e+00
1.674745906398046880e-01 1.595979734964951824e+00
1.709600853500741757e-01 1.654386765714736196e+00
1.745181204578385992e-01 1.715106641332331927e+00
1.781502056797110434e-01 1.785836039937028108e+00
1.818578821526486422e-01 1.859482252987207040e+00
1.856427230878753554e-01 1.936165567190761383e+00
1.895063344384143311e-01 2.016011229767253887e+00
1.934503555805126840e-01 2.099149653014792616e+00
1.974764600092484834e-01 2.185716627313053273e+00
2.015863560486145234e-01 2.275853542910350580e+00
2.057817875763805759e-01 2.374249273070226707e+00
2.100645347640413829e-01 2.480954069732449252e+00
2.144364148321648011e-01 2.592454451154820649e+00
2.188992828214597897e-01 2.708965943104794327e+00
2.234550323798925042e-01 2.830713757625589189e+00
2.281055965661834550e-01 2.957933228362040534e+00
2.328529486700275375e-01 3.091759773048120330e+00
2.376991030493841028e-01 3.247150362783886912e+00
2.426461159851931171e-01 3.410350820410723127e+00
2.476960865538796186e-01 3.581753666714988071e+00
2.528511575180167337e-01 3.761771150418248055e+00
2.581135162355253088e-01 3.950836239695279861e+00
2.634853955877961562e-01 4.148378860075847996e+00
2.689690749271278492e-01 4.353697962480093331e+00
2.745668810438831597e-01 4.569179090879068816e+00
2.802811891537738131e-01 4.795325202723437208e+00
2.861144239056928607e-01 5.032664148747672428e+00
2.920690604105219967e-01 5.278896338103992392e+00
2.981476252913505820e-01 5.526799847992596604e+00
3.043526977555517377e-01 5.786345213731161508e+00
3.106869106891708698e-01 6.058079151288699116e+00
3.171529517740905302e-01 6.342574051093238907e+00
3.237535646284456226e-01 6.638210808681051844e+00
3.304915499707733462e-01 6.946058328224072653e+00
3.373697668083914247e-01 7.268182299362283771e+00
3.443911336505087739e-01 7.605244793599304387e+00
3.515586297465838617e-01 7.968689459335169367e+00
3.588752963504552862e-01 8.368516588186720284e+00
3.663442380107827523e-01 8.788404949663982890e+00
3.739686238883428437e-01 9.229361111419352781e+00
3.817516891007428637e-01 9.693841775437558539e+00
3.896967360951185122e-01 1.018324935132112508e+01
3.978071360494027653e-01 1.069736537416317468e+01
4.060863303027552607e-01 1.123743728552606491e+01
4.145378318157649788e-01 1.181271274539097504e+01
4.231652266610403390e-01 1.241848181251158145e+01
4.319721755448220901e-01 1.305531539212726422e+01
4.409624153602658136e-01 1.371388924233331430e+01
4.501397607730483474e-01 1.439590093647914948e+01
4.595081058399779206e-01 1.511183006591504352e+01
4.690714256612865118e-01 1.588079376020241185e+01
4.788337780673142530e-01 1.671569157632439229e+01
4.887993053402931998e-01 1.759448230950646419e+01
4.989722359719687139e-01 1.852945720983158040e+01
5.093568864577977529e-01 1.952631337144254786e+01
5.199576631284887895e-01 2.057679885396065345e+01
5.307790640196620169e-01 2.168297183367214132e+01
5.418256807804173736e-01 2.284821597490042322e+01
5.531022006216277376e-01 2.408099716859034700e+01
5.646134083047763541e-01 2.545696589277827471e+01
5.763641881721900395e-01 2.691155635827905357e+01
5.883595262195214781e-01 2.845071458948327603e+01
6.006045122113689017e-01 3.007904629532254148e+01
6.131043418409223289e-01 3.180170501823507934e+01
6.258643189345570734e-01 3.362767488172751484e+01
6.388898577023131020e-01 3.555848710950429847e+01
6.521864850352057097e-01 3.760344112697490004e+01
6.657598428503537225e-01 3.976619681961620500e+01
6.796156904849094404e-01 4.211553467018491403e+01
6.937599071398169448e-01 4.462138542977473321e+01
7.081984943744236149e-01 4.731040391047783800e+01
7.229375786530161108e-01 5.017538465262351366e+01
7.379834139443505192e-01 5.320612059412572847e+01
7.533423843752851123e-01 5.641704180631997900e+01
7.690210069396433701e-01 5.984081648307165580e+01
7.850259342634492432e-01 6.347649442953019872e+01
8.013639574277185984e-01 6.737538247949925108e+01
8.180420088499924525e-01 7.152475007254466277e+01
8.350671652258471189e-01 7.596696961481403321e+01
8.524466505316175002e-01 8.069120249949807544e+01
8.701878390896189419e-01 8.571487842409763402e+01
8.882982586971583938e-01 9.107435334961760987e+01
9.067855938206671462e-01 9.677406692644598252e+01
9.256576888563147198e-01 1.028356939810352628e+02
9.449225514584753682e-01 1.092592754158379336e+02
9.645883559374751615e-01 1.160872587513289460e+02
9.846634467280448444e-01 1.233696067602129318e+02
1.005156341929967390e+00 1.311497178825401306e+02
1.026075736922404058e+00 1.394378145308959063e+02
1.047430508053451392e+00 1.482608825397859391e+02
1.069229716406479680e+00 1.576366515270731270e+02
1.091482611644857048e+00 1.676601337785655801e+02
1.114198635936694659e+00 1.783333321786588499e+02
1.137387427961266795e+00 1.896649169660900327e+02
1.161058826998822235e+00 2.016966861478889257e+02
1.185222877105502892e+00 3.533162560241808023e+03
1.209889831375160485e+00 inf
1.235070156289862053e+00 inf
1.260774536160947035e+00 inf
1.287013877662505523e+00 inf
1.313799314459207501e+00 inf
1.341142211930455019e+00 inf
1.369054171992841074e+00 inf
1.397547038022987298e+00 inf
1.426632899882822825e+00 inf
1.456324099049463694e+00 inf
1.486633233851841318e+00 inf
1.517573164816328868e+00 inf
1.549157020123613560e+00 inf
1.581398201179137208e+00 inf
1.614310388299477594e+00 inf
1.647907546517062949e+00 inf
1.682203931505708239e+00 inf
1.717214095629459480e+00 inf
1.752952894117343119e+00 inf
1.789435491366608399e+00 inf
1.826677367377168348e+00 inf
1.864694324319941865e+00 inf
1.903502493241907789e+00 inf
1.943118340910698461e+00 inf
1.983558676801640885e+00 inf
2.024840660230225353e+00 inf
2.066981807632997992e+00 inf
2.109999999999999876e+00 inf
