# k [Mpc^-1], sensitivity [mK^2], z=14.0, 94.7 MHz
3.500000000000000333e-02 inf
3.572842282756675397e-02 inf
3.647200564986839699e-02 inf
3.723106397794004319e-02 inf
3.800591988925806214e-02 inf
3.879690216440116746e-02 inf
3.960434642655615706e-02 inf
4.042859528392659524e-02 inf
4.126999847510574859e-02 inf
4.212891301747467149e-02 inf
4.300570335868902916e-02 inf
4.390074153131857948e-02 inf
4.481440731070487210e-02 inf
4.574708837610465956e-02 inf
4.669918047518661214e-02 inf
4.767108759195193973e-02 inf
4.866322211814942678e-02 inf
4.967600502825834929e-02 inf
5.070986605811275694e-02 inf
5.176524388724366293e-02 inf
5.284258632501594166e-02 inf
5.394235050063903719e-02 inf
5.506500305713256382e-02 inf
5.621102034932823344e-02 inf
5.738088864599311806e-02 inf
5.857510433615904094e-02 inf
5.979417413974657397e-02 inf
6.103861532257209149e-02 inf
6.230895591583001519e-02 inf
6.360573494014265528e-02 inf
6.492950263427293978e-02 inf
6.628082068859754428e-02 inf
6.766026248343849636e-02 inf
6.906841333235554103e-02 inf
7.050587073050135212e-02 inf
7.197324460814619185e-02 inf
7.347115758947816988e-02 inf
7.500024525679045706e-02 inf
7.656115642016625422e-02 inf
7.815455339277647961e-02 inf
7.978111227190747001e-02 inf
8.144152322583671222e-02 inf
8.313649078667982584e-02 inf
8.486673414933156023e-02 inf
8.663298747662909194e-02 inf
8.843600021086570062e-02 inf
9.027653739178835568e-02 inf
9.215537998121303698e-02 inf
9.407332519439604024e-02 inf
9.603118683830201563e-02 inf
9.802979565691193053e-02 inf
1.000699996837176586e-01 inf
1.021526646015524509e-01 inf
1.042786741099108044e-01 inf
1.064489302999123421e-01 inf
1.086643540370700461e-01 inf
1.109258853520242866e-01 inf
1.132344838394090808e-01 inf
1.155911290650195183e-01 inf
1.179968209814531294e-01 2.458637888871214816e+00
1.204525803524016392e-01 2.405941091211843741e+00
1.229594491857733396e-01 2.354373761416008293e+00
1.255184911758291388e-01 2.303911691226064651e+00
1.281307921545208894e-01 2.254531191247949096e+00
1.307974605522227440e-01 2.206209079830199649e+00
1.335196278680513826e-01 2.158922672181346591e+00
1.362984491499744655e-01 2.112649769720544413e+00
1.391351034849112878e-01 2.067368649656461166e+00
1.420307944990333859e-01 2.023058054789523830e+00
1.449867508684773432e-01 1.979697183532736382e+00
1.480042268406868700e-01 1.950771357855061172e+00
1.510845027666047613e-01 1.924192654960027449e+00
1.542288856439409939e-01 1.897976079304938057e+00
1.574387096717475842e-01 1.872116697009519326e+00
1.607153368165349372e-01 1.846609641416208314e+00
1.640601573901705190e-01 1.821450112174261671e+00
1.674745906398046880e-01 1.796633374336345179e+00
1.709600853500741757e-01 1.772154757467430120e+00
1.745181204578385992e-01 1.747704097187561256e+00
1.781502056797110434e-01 1.710771107796106305e+00
1.818578821526486422e-01 1.674618597038068035e+00
1.856427230878753554e-01 1.639230071612815642e+00
1.895063344384143311e-01 1.604589386760926439e+00
1.934503555805126840e-01 1.570680738898712070e+00
1.974764600092484834e-01 1.537488658408393993e+00
2.015863560486145234e-01 1.504998002580638428e+00
2.057817875763805759e-01 1.481753854581032925e+00
2.100645347640413829e-01 1.466107423344741756e+00
2.144364148321648011e-01 1.450626209030056568e+00
2.188992828214597897e-01 1.435308467045461889e+00
2.234550323798925042e-01 1.420152471221281409e+00
2.281055965661834550e-01 1.405156513615154035e+00
2.328529486700275375e-01 1.391016479142312301e+00
2.376991030493841028e-01 1.388559734564709824e+00
2.426461159851931171e-01 1.386107328967996599e+00
2.476960865538796186e-01 1.383659254688878848e+00
2.528511575180167337e-01 1.381215504077597522e+00
2.581135162355253088e-01 1.378776069497904100e+00
2.634853955877961562e-01 1.374882167968556335e+00
2.689690749271278492e-01 1.368162843766254078e+00
2.745668810438831597e-01 1.361476358245540474e+00
2.802811891537738131e-01 1.354822550917208934e+00
2.861144239056928607e-01 1.348201262076396123e+00
2.920690604105219967e-01 1.340819041394381905e+00
2.981476252913505820e-01 1.330742624107677852e+00
3.043526977555517377e-01 1.320741932315765421e+00
3.106869106891708698e-01 1.310816396932391381e+00
3.171529517740905302e-01 1.300965453148054340e+00
3.237535646284456226e-01 1.288931053231142876e+00
3.304915499707733462e-01 1.275498032442576424e+00
3.373697668083914247e-01 1.262205008317953681e+00
3.443911336505087739e-01 1.249050521835791683e+00
3.515586297465838617e-01 1.238502649305045722e+00
3.588752963504552862e-01 1.232180610735766013e+00
3.663442380107827523e-01 1.225890843531988628e+00
3.739686238883428437e-01 1.219633182961876061e+00
3.817516891007428637e-01 1.213186872344850009e+00
3.896967360951185122e-01 1.206543164491659770e+00
3.978071360494027653e-01 1.199935839206600185e+00
4.060863303027552607e-01 1.193364697249835737e+00
4.145378318157649788e-01 1.186111846357435384e+00
4.231652266610403390e-01 1.178813911640220757e+00
4.319721755448220901e-01 1.171560879814163236e+00
4.409624153602658136e-01 1.160836383283685214e+00
4.501397607730483474e-01 1.147243921902052488e+00
4.595081058399779206e-01 1.133810617322421610e+00
4.690714256612865118e-01 1.122333325076012134e+00
4.788337780673142530e-01 1.113579431963364064e+00
4.887993053402931998e-01 1.104893816823859787e+00
4.989722359719687139e-01 1.096209123404771280e+00
5.093568864577977529e-01 1.087515837109834571e+00
5.199576631284887895e-01 1.078891491334541985e+00
5.307790640196620169e-01 1.068224208993721724e+00
5.418256807804173736e-01 1.056716733979626177e+00
5.531022006216277376e-01 1.045786267990336471e+00
5.646134083047763541e-01 1.041614681366353379e+00
5.763641881721900395e-01 1.037459734982822956e+00
5.883595262195214781e-01 1.032131796620611164e+00
6.006045122113689017e-01 1.025951102546094562e+00
6.131043418409223289e-01 1.019209981078182947e+00
6.258643189345570734e-01 1.010209430442935208e+00
6.388898577023131020e-01 1.001288362851654012e+00
6.521864850352057097e-01 9.882240173562718555e-01
6.657598428503537225e-01 9.750937368309519071e-01
6.796156904849094404e-01 9.664750610368679773e-01
6.937599071398169448e-01 9.590910967774145535e-01
7.081984943744236149e-01 9.536012946640648469e-01
7.229375786530161108e-01 9.488472977535872266e-01
7.379834139443505192e-01 9.403212041889743578e-01
7.533423843752851123e-01 9.305552574585586045e-01
7.690210069396433701e-01 9.194992212751886829e-01
7.850259342634492432e-01 9.083124178262844683e-01
8.013639574277185984e-01 8.989960895213446879e-01
8.180420088499924525e-01 8.908235796046684030e-01
8.350671652258471189e-01 8.860513112721289941e-01
8.524466505316175002e-01 8.806567687112947240e-01
8.701878390896189419e-01 8.747354592181715294e-01
8.882982586971583938e-01 8.703527696064606856e-01
9.067855938206671462e-01 8.663482602272326583e-01
9.256576888563147198e-01 8.627622356554501826e-01
9.449225514584753682e-01 8.527102392515730767e-01
9.645883559374751615e-01 8.411202522725164110e-01
9.846634467280448444e-01 8.308104399370511706e-01
1.005156341929967390e+00 8.255050053255204023e-01
1.026075736922404058e+00 8.197184847642383643e-01
1.047430508053451392e+00 8.113474543528391703e-01
1.069229716406479680e+00 7.968356367114823868e-01
1.091482611644857048e+00 7.975974584133886935e-01
1.114198635936694659e+00 8.055107852618134112e-01
1.137387427961266795e+00 8.141184508035216316e-01
1.161058826998822235e+00 8.193412108838120655e-01
1.185222877105502892e+00 1.926238105654387800e+00
1.209889831375160485e+00 inf
1.235070156289862053e+00 inf
1.260774536160947035e+00 inf
1.287013877662505523e+00 inf
1.313799314459207501e+00 inf
1.341142211930455019e+00 inf
1.369054171992841074e+00 inf
1.397547038022987298e+00 inf
1.426632899882822825e+00 inf
1.456324099049463694e+00 inf
1.486633233851841318e+00 inf
1.517573164816328868e+00 inf
1.549157020123613560e+00 inf
1.581398201179137208e+00 inf
1.614310388299477594e+00 inf
1.647907546517062949e+00 inf
1.682203931505708239e+00 inf
1.717214095629459480e+00 inf
1.752952894117343119e+00 inf
1.789435491366608399e+00 inf
1.826677367377168348e+00 inf
1.864694324319941865e+00 inf
1.903502493241907789e+00 inf
1.943118340910698461e+00 inf
1.983558676801640885e+00 inf
2.024840660230225353e+00 inf
2.066981807632997992e+00 inf
2.109999999999999876e+00 inf
