# k [Mpc^-1], sensitivity [mK^2], z=12.0, 109.3 MHz
3.500000000000000333e-02 1.380042317396673324e-01
3.572842282756675397e-02 1.383857882581167043e-01
3.647200564986839699e-02 1.387683997107151124e-01
3.723106397794004319e-02 1.391520690141629657e-01
3.800591988925806214e-02 1.395367990932248337e-01
3.879690216440116746e-02 1.399225928807516783e-01
3.960434642655615706e-02 1.403094533177033920e-01
4.042859528392659524e-02 1.406973833531709461e-01
4.126999847510574859e-02 1.410863859443990120e-01
4.212891301747467149e-02 1.414764640568086651e-01
4.300570335868902916e-02 1.418676206640196447e-01
4.390074153131857948e-02 1.422598587478732524e-01
4.481440731070487210e-02 1.426531812984551673e-01
4.574708837610465956e-02 1.430475913141179278e-01
4.669918047518661214e-02 1.434430918015040246e-01
4.767108759195193973e-02 1.438396857755688540e-01
4.866322211814942678e-02 1.442373762596035058e-01
4.967600502825834929e-02 1.446361662852579943e-01
5.070986605811275694e-02 1.450360588925642125e-01
5.176524388724366293e-02 1.454370571299593018e-01
5.284258632501594166e-02 1.458391640543086065e-01
5.394235050063903719e-02 1.462423827309293489e-01
5.506500305713256382e-02 1.466467162336136665e-01
5.621102034932823344e-02 1.470521676446521486e-01
5.738088864599311806e-02 1.474587400548574567e-01
5.857510433615904094e-02 1.478664365635877498e-01
5.979417413974657397e-02 1.482752602787702767e-01
6.103861532257209149e-02 1.486852143169251628e-01
6.230895591583001519e-02 1.490963018031892517e-01
6.360573494014265528e-02 1.505433699595417896e-01
6.492950263427293978e-02 1.521458677323939690e-01
6.628082068859754428e-02 1.537654237065650409e-01
6.766026248343849636e-02 1.554022194624834763e-01
6.906841333235554103e-02 1.570564385134576302e-01
7.050587073050135212e-02 1.587282663262503390e-01
7.197324460814619185e-02 1.604178903418736757e-01
7.347115758947816988e-02 1.621254999966035837e-01
7.500024525679045706e-02 1.638512867432196651e-01
7.656115642016625422e-02 1.655954440724700105e-01
7.815455339277647961e-02 1.673581675347647069e-01
7.978111227190747001e-02 1.691396547621009661e-01
8.144152322583671222e-02 1.709401054902207062e-01
8.313649078667982584e-02 1.727597215810044717e-01
8.486673414933156023e-02 1.745987070451037182e-01
8.663298747662909194e-02 1.764572680648142100e-01
8.843600021086570062e-02 1.783356130171919185e-01
9.027653739178835568e-02 1.802339524974166385e-01
9.215537998121303698e-02 1.821524993424027961e-01
9.407332519439604024e-02 1.839176857921561992e-01
9.603118683830201563e-02 1.849864164104751130e-01
9.802979565691193053e-02 1.860613573349405581e-01
1.000699996837176586e-01 1.871425446531332637e-01
1.021526646015524509e-01 1.882300146623358539e-01
1.042786741099108044e-01 1.893238038707515947e-01
1.064489302999123421e-01 1.904239489987298584e-01
1.086643540370700461e-01 1.915304869799989984e-01
1.109258853520242866e-01 1.926434549629061910e-01
1.132344838394090808e-01 1.937628903116646872e-01
1.155911290650195183e-01 1.948888306076081434e-01
1.179968209814531294e-01 1.960213136504520837e-01
1.204525803524016392e-01 1.971603774595632741e-01
1.229594491857733396e-01 1.983060602752358959e-01
1.255184911758291388e-01 1.995839438771990493e-01
1.281307921545208894e-01 2.012917328058481115e-01
1.307974605522227440e-01 2.030141348489999942e-01
1.335196278680513826e-01 2.047512750473503840e-01
1.362984491499744655e-01 2.065032795115361031e-01
1.391351034849112878e-01 2.082702754312906190e-01
1.420307944990333859e-01 2.100523910846775200e-01
1.449867508684773432e-01 2.118497558474030373e-01
1.480042268406868700e-01 2.136625002022085051e-01
1.510845027666047613e-01 2.154907557483426161e-01
1.542288856439409939e-01 2.173346552111153351e-01
1.574387096717475842e-01 2.194882160095172341e-01
1.607153368165349372e-01 2.221131980799867234e-01
1.640601573901705190e-01 2.247695737760254941e-01
1.674745906398046880e-01 2.274577185515224143e-01
1.709600853500741757e-01 2.301780123506288744e-01
1.745181204578385992e-01 2.329308396614604149e-01
1.781502056797110434e-01 2.357165895704405600e-01
1.818578821526486422e-01 2.385356558172944674e-01
1.856427230878753554e-01 2.413884368507004385e-01
1.895063344384143311e-01 2.429306981582003977e-01
1.934503555805126840e-01 2.433658235161028638e-01
1.974764600092484834e-01 2.438017282488580406e-01
2.015863560486145234e-01 2.442384137524432619e-01
2.057817875763805759e-01 2.446758814253364167e-01
2.100645347640413829e-01 2.451141326685200572e-01
2.144364148321648011e-01 2.455531688854862837e-01
2.188992828214597897e-01 2.462003324042766894e-01
2.234550323798925042e-01 2.499636283661730851e-01
2.281055965661834550e-01 2.537844482004320001e-01
2.328529486700275375e-01 2.576636711883868447e-01
2.376991030493841028e-01 2.616021900516286580e-01
2.426461159851931171e-01 2.656009111574472725e-01
2.476960865538796186e-01 2.696607547274125771e-01
2.528511575180167337e-01 2.776169914724426757e-01
2.581135162355253088e-01 2.886964367842027035e-01
2.634853955877961562e-01 3.002180528282555327e-01
2.689690749271278492e-01 3.121994862422257655e-01
2.745668810438831597e-01 3.246590879252290729e-01
2.802811891537738131e-01 3.376159411443179770e-01
2.861144239056928607e-01 3.478584671704857412e-01
2.920690604105219967e-01 3.578830299248445534e-01
2.981476252913505820e-01 3.681964798787403237e-01
3.043526977555517377e-01 3.788071421647599135e-01
3.106869106891708698e-01 3.897235818286213238e-01
3.171529517740905302e-01 3.999694559366279156e-01
3.237535646284456226e-01 4.101434802643441624e-01
3.304915499707733462e-01 4.205763012813690804e-01
3.373697668083914247e-01 4.312745019999148499e-01
3.443911336505087739e-01 4.419865941008573329e-01
3.515586297465838617e-01 4.510343386993435622e-01
3.588752963504552862e-01 4.602672963414197738e-01
3.663442380107827523e-01 4.696892584550098615e-01
3.739686238883428437e-01 4.793040940809599748e-01
3.817516891007428637e-01 4.920111718789718092e-01
3.896967360951185122e-01 5.054007270343962022e-01
3.978071360494027653e-01 5.191546645402775884e-01
4.060863303027552607e-01 5.332436342515179950e-01
4.145378318157649788e-01 5.438478069960780426e-01
4.231652266610403390e-01 5.546628561062875162e-01
4.319721755448220901e-01 5.656929751050787658e-01
4.409624153602658136e-01 5.757559291064082707e-01
4.501397607730483474e-01 5.842825416480287304e-01
4.595081058399779206e-01 5.929354283932826153e-01
4.690714256612865118e-01 6.017383977265884365e-01
4.788337780673142530e-01 6.110025843867614714e-01
4.887993053402931998e-01 6.204093997287646323e-01
4.989722359719687139e-01 6.299610396216613895e-01
5.093568864577977529e-01 6.407079482134684367e-01
5.199576631284887895e-01 6.517185653672964429e-01
5.307790640196620169e-01 6.629184008544483087e-01
5.418256807804173736e-01 6.706675016772334352e-01
5.531022006216277376e-01 6.784579909783170493e-01
5.646134083047763541e-01 6.872928359185025426e-01
5.763641881721900395e-01 6.998481892398216164e-01
5.883595262195214781e-01 7.126329017058670168e-01
6.006045122113689017e-01 7.264943456133942101e-01
6.131043418409223289e-01 7.412305684539589601e-01
6.258643189345570734e-01 7.558000808889842048e-01
6.388898577023131020e-01 7.662470774963562326e-01
6.521864850352057097e-01 7.768384770230636338e-01
6.657598428503537225e-01 7.880468165948357750e-01
6.796156904849094404e-01 7.995950111666852989e-01
6.937599071398169448e-01 8.085076441022740479e-01
7.081984943744236149e-01 8.143318248171013130e-01
7.229375786530161108e-01 8.222438494365933437e-01
7.379834139443505192e-01 8.348089639306778276e-01
7.533423843752851123e-01 8.463599656104051627e-01
7.690210069396433701e-01 8.543279885152988973e-01
7.850259342634492432e-01 8.632425363126214890e-01
8.013639574277185984e-01 8.747108206405301845e-01
8.180420088499924525e-01 8.858313332896828873e-01
8.350671652258471189e-01 8.961929678535914823e-01
8.524466505316175002e-01 9.061398720608501156e-01
8.701878390896189419e-01 9.157124012173339933e-01
8.882982586971583938e-01 9.231837643771748647e-01
9.067855938206671462e-01 9.304958437031266572e-01
9.256576888563147198e-01 9.455461720867615050e-01
9.449225514584753682e-01 9.578185923932159840e-01
9.645883559374751615e-01 9.659115456448780224e-01
9.846634467280448444e-01 9.748807951858161625e-01
1.005156341929967390e+00 9.847123855598982622e-01
1.026075736922404058e+00 9.962094696654645309e-01
1.047430508053451392e+00 1.007300441858315576e+00
1.069229716406479680e+00 1.017710090779019527e+00
1.091482611644857048e+00 1.026921379486997132e+00
1.114198635936694659e+00 1.036740185754233545e+00
1.137387427961266795e+00 1.049305883836755049e+00
1.161058826998822235e+00 1.061632092251060921e+00
1.185222877105502892e+00 1.065869273486826696e+00
1.209889831375160485e+00 1.081001567691053600e+00
1.235070156289862053e+00 1.092928171059899478e+00
1.260774536160947035e+00 1.400522426266253451e+00
1.287013877662505523e+00 inf
1.313799314459207501e+00 inf
1.341142211930455019e+00 inf
1.369054171992841074e+00 inf
1.397547038022987298e+00 inf
1.426632899882822825e+00 inf
1.456324099049463694e+00 inf
1.486633233851841318e+00 inf
1.517573164816328868e+00 inf
1.549157020123613560e+00 inf
1.581398201179137208e+00 inf
1.614310388299477594e+00 inf
1.647907546517062949e+00 inf
1.682203931505708239e+00 inf
1.717214095629459480e+00 inf
1.752952894117343119e+00 inf
1.789435491366608399e+00 inf
1.826677367377168348e+00 inf
1.864694324319941865e+00 inf
1.903502493241907789e+00 inf
1.943118340910698461e+00 inf
1.983558676801640885e+00 inf
2.024840660230225353e+00 inf
2.066981807632997992e+00 inf
2.109999999999999876e+00 inf
