# k [Mpc^-1], sensitivity [mK^2], z=8.0, 157.8 MHz
3.500000000000000333e-02 inf
3.572842282756675397e-02 inf
3.647200564986839699e-02 inf
3.723106397794004319e-02 inf
3.800591988925806214e-02 4.005530536643572281e-01
3.879690216440116746e-02 4.042878533223689397e-01
3.960434642655615706e-02 4.080574766531948616e-01
4.042859528392659524e-02 4.118622483564970960e-01
4.126999847510574859e-02 4.157024961594729673e-01
4.212891301747467149e-02 4.195785508450827206e-01
4.300570335868902916e-02 4.234907462805427292e-01
4.390074153131857948e-02 4.274394194460832130e-01
4.481440731070487210e-02 4.314249104639738541e-01
4.574708837610465956e-02 4.354475626278213052e-01
4.669918047518661214e-02 4.395077224321382037e-01
4.767108759195193973e-02 4.436057396021896859e-01
4.866322211814942678e-02 4.477419671241164023e-01
4.967600502825834929e-02 4.519167612753399177e-01
5.070986605811275694e-02 4.561304816552504415e-01
5.176524388724366293e-02 4.603834912161818282e-01
5.284258632501594166e-02 4.646761562946742363e-01
5.394235050063903719e-02 4.690088466430288872e-01
5.506500305713256382e-02 4.733819354611575325e-01
5.621102034932823344e-02 4.777957994287276300e-01
5.738088864599311806e-02 4.822508187376083888e-01
5.857510433615904094e-02 4.867473771246188519e-01
5.979417413974657397e-02 4.912858619045812891e-01
6.103861532257209149e-02 4.958666640036828999e-01
6.230895591583001519e-02 5.004901779931486550e-01
6.360573494014265528e-02 5.051568021232279992e-01
6.492950263427293978e-02 5.098669383574983005e-01
6.628082068859754428e-02 5.146209924074888198e-01
6.766026248343849636e-02 5.194193737676261469e-01
6.906841333235554103e-02 5.242624957505074290e-01
7.050587073050135212e-02 5.291507755225001164e-01
7.197324460814619185e-02 5.340846341396763286e-01
7.347115758947816988e-02 5.390644965840795111e-01
7.500024525679045706e-02 5.440907918003319299e-01
7.656115642016625422e-02 5.546934893585018234e-01
7.815455339277647961e-02 5.658439161933855877e-01
7.978111227190747001e-02 5.772184884725291010e-01
8.144152322583671222e-02 5.888217119588883275e-01
8.313649078667982584e-02 6.006581829900912162e-01
8.486673414933156023e-02 6.127325902991637152e-01
8.663298747662909194e-02 6.250497168718610608e-01
8.843600021086570062e-02 6.376144418413296489e-01
9.027653739178835568e-02 6.504317424208611031e-01
9.215537998121303698e-02 6.635066958754932687e-01
9.407332519439604024e-02 6.768444815332472775e-01
9.603118683830201563e-02 6.904503828367931639e-01
9.802979565691193053e-02 7.043297894363600431e-01
1.000699996837176586e-01 7.184881993247147491e-01
1.021526646015524509e-01 7.329312210150590312e-01
1.042786741099108044e-01 7.476645757627088384e-01
1.064489302999123421e-01 7.626940998314301057e-01
1.086643540370700461e-01 7.780257468053348724e-01
1.109258853520242866e-01 7.936655899472505604e-01
1.132344838394090808e-01 8.080393823424485422e-01
1.155911290650195183e-01 8.180870669740346601e-01
1.179968209814531294e-01 8.282596910190479500e-01
1.204525803524016392e-01 8.385588080550135937e-01
1.229594491857733396e-01 8.489859909776460434e-01
1.255184911758291388e-01 8.595428322410623156e-01
1.281307921545208894e-01 8.702309441009844493e-01
1.307974605522227440e-01 8.810519588609662112e-01
1.335196278680513826e-01 8.920075291216796876e-01
1.362984491499744655e-01 9.030993280333033946e-01
1.391351034849112878e-01 9.143290495510479898e-01
1.420307944990333859e-01 9.256984086938595535e-01
1.449867508684773432e-01 9.372091418063392965e-01
1.480042268406868700e-01 9.488630068239217730e-01
1.510845027666047613e-01 9.574872979943753748e-01
1.542288856439409939e-01 9.584966674148324151e-01
1.574387096717475842e-01 9.595071008981016503e-01
1.607153368165349372e-01 9.605185995659029086e-01
1.640601573901705190e-01 9.615311645411385166e-01
1.674745906398046880e-01 9.625447969478944099e-01
1.709600853500741757e-01 9.635594979114417979e-01
1.745181204578385992e-01 9.645752685582378305e-01
1.781502056797110434e-01 9.655921100159273740e-01
1.818578821526486422e-01 9.666100234133438995e-01
1.856427230878753554e-01 9.676290098805110373e-01
1.895063344384143311e-01 9.667585148446470322e-01
1.934503555805126840e-01 9.636742555834307833e-01
1.974764600092484834e-01 9.605998360650711554e-01
2.015863560486145234e-01 9.575352248977389014e-01
2.057817875763805759e-01 9.544803907897547735e-01
2.100645347640413829e-01 9.514353025492694460e-01
2.144364148321648011e-01 9.483999290839453256e-01
2.188992828214597897e-01 9.453742394006390271e-01
2.234550323798925042e-01 9.423582026050849603e-01
2.281055965661834550e-01 9.359559640958676763e-01
2.328529486700275375e-01 9.274343016427663011e-01
2.376991030493841028e-01 9.189902269542076230e-01
2.426461159851931171e-01 9.106230336115509472e-01
2.476960865538796186e-01 9.023320216279338002e-01
2.528511575180167337e-01 8.941164973897121060e-01
2.581135162355253088e-01 8.859757735984334914e-01
2.634853955877961562e-01 8.779063366997764684e-01
2.689690749271278492e-01 8.698907434946513417e-01
2.745668810438831597e-01 8.619483354708424860e-01
2.802811891537738131e-01 8.540784444219392535e-01
2.861144239056928607e-01 8.462804082424904006e-01
2.920690604105219967e-01 8.385535708722997583e-01
2.981476252913505820e-01 8.308972822412313830e-01
3.043526977555517377e-01 8.213232854859545684e-01
3.106869106891708698e-01 8.107678837993101961e-01
3.171529517740905302e-01 8.003481369841826121e-01
3.237535646284456226e-01 7.900623016446582936e-01
3.304915499707733462e-01 7.799086567904276457e-01
3.373697668083914247e-01 7.698855035488346710e-01
3.443911336505087739e-01 7.729572709930787600e-01
3.515586297465838617e-01 7.771167578876844173e-01
3.588752963504552862e-01 7.812986280780757076e-01
3.663442380107827523e-01 7.855030020146697156e-01
3.739686238883428437e-01 7.897300007960583734e-01
3.817516891007428637e-01 8.062902731291491376e-01
3.896967360951185122e-01 8.261864719892044739e-01
3.978071360494027653e-01 8.465736338960333507e-01
4.060863303027552607e-01 8.674638739634306095e-01
4.145378318157649788e-01 8.875245575414136834e-01
4.231652266610403390e-01 9.019025010177168511e-01
4.319721755448220901e-01 9.165133679177730475e-01
4.409624153602658136e-01 9.313609316130266880e-01
4.501397607730483474e-01 9.464490266037323130e-01
4.595081058399779206e-01 9.600345967927942370e-01
4.690714256612865118e-01 9.737378405577856721e-01
4.788337780673142530e-01 9.876366802839128267e-01
4.887993053402931998e-01 1.001329878977934573e+00
4.989722359719687139e-01 1.009970435774298014e+00
5.093568864577977529e-01 1.018685552636548808e+00
5.199576631284887895e-01 1.027475872949546343e+00
5.307790640196620169e-01 1.037183201675198063e+00
5.418256807804173736e-01 1.047923244740825766e+00
5.531022006216277376e-01 1.058774501066430451e+00
5.646134083047763541e-01 1.070283526996568035e+00
5.763641881721900395e-01 1.085780376598253216e+00
5.883595262195214781e-01 1.101501608189868309e+00
6.006045122113689017e-01 1.117450470643197358e+00
6.131043418409223289e-01 1.123086406516738966e+00
6.258643189345570734e-01 1.128665238801696891e+00
6.388898577023131020e-01 1.134447948480844293e+00
6.521864850352057097e-01 1.143717566948778463e+00
6.657598428503537225e-01 1.153062927831035367e+00
6.796156904849094404e-01 1.161944312077718422e+00
6.937599071398169448e-01 1.169451934039845487e+00
7.081984943744236149e-01 1.177008064684307742e+00
7.229375786530161108e-01 1.183439958291561123e+00
7.379834139443505192e-01 1.189269843876180843e+00
7.533423843752851123e-01 1.196763380612222871e+00
7.690210069396433701e-01 1.213047772869233709e+00
7.850259342634492432e-01 1.229553747299860111e+00
8.013639574277185984e-01 1.241997604955691781e+00
8.180420088499924525e-01 1.253421005967763735e+00
8.350671652258471189e-01 1.262706224515427023e+00
8.524466505316175002e-01 1.270074639891369817e+00
8.701878390896189419e-01 1.278296613376894486e+00
8.882982586971583938e-01 1.287939200888439828e+00
9.067855938206671462e-01 1.296849399961125471e+00
9.256576888563147198e-01 1.303999252798566877e+00
9.449225514584753682e-01 1.313109585291970083e+00
9.645883559374751615e-01 1.326293487038493923e+00
9.846634467280448444e-01 1.333482172233204421e+00
1.005156341929967390e+00 1.332312570914336636e+00
1.026075736922404058e+00 1.341581985921806108e+00
1.047430508053451392e+00 1.358278382015150498e+00
1.069229716406479680e+00 1.367029506425009977e+00
1.091482611644857048e+00 1.374271542662836687e+00
1.114198635936694659e+00 1.382868672705025892e+00
1.137387427961266795e+00 1.391567350009980553e+00
1.161058826998822235e+00 1.400373935502959855e+00
1.185222877105502892e+00 1.413403138947176618e+00
1.209889831375160485e+00 1.426623700660867078e+00
1.235070156289862053e+00 1.439017009519472756e+00
1.260774536160947035e+00 1.458991307946143623e+00
1.287013877662505523e+00 1.474213225552001072e+00
1.313799314459207501e+00 1.479887280381513293e+00
1.341142211930455019e+00 1.493129509488629436e+00
1.369054171992841074e+00 1.504817628201713164e+00
1.397547038022987298e+00 1.516768201393113413e+00
1.426632899882822825e+00 1.531803617058733469e+00
1.456324099049463694e+00 1.534435458331808944e+00
1.486633233851841318e+00 1.546706916135065724e+00
1.517573164816328868e+00 1.753424428267962076e+00
1.549157020123613560e+00 inf
1.581398201179137208e+00 inf
1.614310388299477594e+00 inf
1.647907546517062949e+00 inf
1.682203931505708239e+00 inf
1.717214095629459480e+00 inf
1.752952894117343119e+00 inf
1.789435491366608399e+00 inf
1.826677367377168348e+00 inf
1.864694324319941865e+00 inf
1.903502493241907789e+00 inf
1.943118340910698461e+00 inf
1.983558676801640885e+00 inf
2.024840660230225353e+00 inf
2.066981807632997992e+00 inf
2.109999999999999876e+00 inf
