# ell dksz/dzre dtautau/dzre dBB/dzre [uK2]
5.000000000000000000e+02 9.538264950907197892e-03 5.888568888281727867e-08 1.282288489011022494e-06
1.000000000000000000e+03 7.547303913334203751e-02 1.772165093399457251e-07 2.635349676575758986e-06
1.500000000000000000e+03 1.352026814813571398e-01 2.444600366789905357e-07 3.244431928111483090e-06
2.000000000000000000e+03 1.578071277472356815e-01 2.567791998055813848e-07 3.290157928555230226e-06
2.500000000000000000e+03 1.586158845157724928e-01 2.447008396760679101e-07 3.148137587406695306e-06
3.000000000000000000e+03 1.510881354301756019e-01 2.261611249439525308e-07 2.955252068206745582e-06
3.500000000000000000e+03 1.399263825140608930e-01 2.067293459969428552e-07 2.762950066157668383e-06
4.000000000000000000e+03 1.281758949218410881e-01 1.885699115412211201e-07 2.589899836386680504e-06
4.500000000000000000e+03 1.175348065508510925e-01 1.723289792627649833e-07 2.440023108968798068e-06
5.000000000000000000e+03 1.070513298796734875e-01 1.579972459632932458e-07 2.312923734038859999e-06
5.500000000000000000e+03 9.789569176675887163e-02 1.454131658443396434e-07 2.206601906765914830e-06
6.000000000000000000e+03 8.978993253309866529e-02 1.343513314824676832e-07 2.118558264411739899e-06
6.500000000000000000e+03 8.186042309879058843e-02 1.245898418520744723e-07 2.046490637908212057e-06
7.000000000000000000e+03 7.520665055211163408e-02 1.159337885946648900e-07 1.988422980080606432e-06
7.500000000000000000e+03 6.925944639951130133e-02 1.082177285976430641e-07 1.942680047272428442e-06
8.000000000000000000e+03 6.325197088248292465e-02 1.013030277328745013e-07 1.907853973456792785e-06
8.500000000000000000e+03 5.804180731059584847e-02 9.507409703885794353e-08 1.882767448551179451e-06
9.000000000000000000e+03 5.359584236368706428e-02 8.943468990011352744e-08 1.866436967859670664e-06
9.500000000000000000e+03 4.920830230491114038e-02 8.430439398453856324e-08 1.858040381426242953e-06
