# ell dksz/ddz dtautau/ddz dBB/ddz [uK2]
5.000000000000000000e+02 1.651826811583428645e-01 2.146767285335292748e-07 9.634160818881906539e-07
1.000000000000000000e+03 5.245866959474970725e-01 5.408836281311115831e-07 3.326056337756906649e-06
1.500000000000000000e+03 7.476840758909105711e-01 7.170919530116178127e-07 4.773698931317165734e-06
2.000000000000000000e+03 8.270206645281443780e-01 7.629421549742079096e-07 5.234594516685288453e-06
2.500000000000000000e+03 8.315739503187479231e-01 7.480535345407521728e-07 5.166936428722976538e-06
3.000000000000000000e+03 8.031609020141664557e-01 7.088162326895591531e-07 4.891009540374975278e-06
3.500000000000000000e+03 7.628043461161242433e-01 6.627908797596880546e-07 4.551075433421824594e-06
4.000000000000000000e+03 7.200703445803670055e-01 6.171384963217180188e-07 4.207960309578156001e-06
4.500000000000000000e+03 6.781513062232482625e-01 5.745774932992324531e-07 3.886776852535916147e-06
5.000000000000000000e+03 6.398040235117126162e-01 5.359901303475157201e-07 3.595658702516114170e-06
5.500000000000000000e+03 6.041977932138025142e-01 5.014166490847917235e-07 3.335814989159846925e-06
6.000000000000000000e+03 5.723250511493753745e-01 4.705710984467761807e-07 3.105563582608261765e-06
6.500000000000000000e+03 5.434840162725131929e-01 4.430645423480786177e-07 2.902130507495462970e-06
7.000000000000000000e+03 5.174172177940667972e-01 4.184974348818722110e-07 2.722519444126224847e-06
7.500000000000000000e+03 4.940634896488900196e-01 3.964976449501292053e-07 2.563892579730006454e-06
8.000000000000000000e+03 4.730305406770829446e-01 3.767339066187696847e-07 2.423702038025083781e-06
8.500000000000000000e+03 4.536285353016337729e-01 3.589179942301570262e-07 2.299719094062395197e-06
9.000000000000000000e+03 4.360704199206937304e-01 3.428019295029052539e-07 2.190019417317459712e-06
9.500000000000000000e+03 4.203152378334430450e-01 3.281736467395137587e-07 2.092950936273714056e-06
