# ell dksz/da0 dtautau/da0 dBB/da0 [uK2]
5.000000000000000000e+02 5.129057679263542280e-01 6.507237351409966700e-07 6.280939605361346653e-06
1.000000000000000000e+03 1.771985087289866589e+00 1.743814678278934962e-06 1.596315877142080126e-05
1.500000000000000000e+03 2.529814284756496168e+00 2.263241143111238348e-06 2.020914203098279240e-05
2.000000000000000000e+03 2.756376883544028544e+00 2.344802412594527602e-06 2.074336732999442246e-05
2.500000000000000000e+03 2.724572679431924271e+00 2.246459971362732715e-06 1.981115176276219188e-05
3.000000000000000000e+03 2.592462340193518955e+00 2.091492426166197667e-06 1.844363920421366091e-05
3.500000000000000000e+03 2.428763194612703735e+00 1.928513472204322979e-06 1.704029903135956264e-05
4.000000000000000000e+03 2.262438750968525536e+00 1.775113981944193297e-06 1.574237362281198576e-05
4.500000000000000000e+03 2.107716637163972173e+00 1.636622031058613736e-06 1.459016271248100029e-05
5.000000000000000000e+03 1.964692703495216408e+00 1.513622381860393812e-06 1.358550253582205921e-05
5.500000000000000000e+03 1.836976788327967514e+00 1.404972562566768899e-06 1.271662384820047961e-05
6.000000000000000000e+03 1.721622329414953301e+00 1.309019166247283590e-06 1.196806700637265700e-05
6.500000000000000000e+03 1.617840044077280437e+00 1.224079768850182155e-06 1.132453883494708173e-05
7.000000000000000000e+03 1.525877714402723795e+00 1.148619866622307021e-06 1.077227514223122137e-05
7.500000000000000000e+03 1.442315255172716748e+00 1.081302957724534997e-06 1.029937935235851906e-05
8.000000000000000000e+03 1.366310948879414067e+00 1.020989391227100333e-06 9.895757151932238824e-06
8.500000000000000000e+03 1.298153942817260376e+00 9.667164498302545479e-07 9.552910578301240162e-06
9.000000000000000000e+03 1.236460933800363815e+00 9.176734913693722173e-07 9.263701918371002440e-06
9.500000000000000000e+03 1.179477090719282861e+00 8.731777909794170679e-07 9.022131150901473561e-06
