# ell dksz/dkappa dtautau/dkappa dBB/dkappa [uK2]
5.000000000000000000e+02 9.068364853199942788e-01 6.562124120057122701e-07 7.802600167210841666e-06
1.000000000000000000e+03 9.155533281822716418e+00 7.588821938563129358e-06 7.467740870687147761e-05
1.500000000000000000e+03 1.964718412144273429e+01 1.594845899708255361e-05 1.461953044515739287e-04
2.000000000000000000e+03 2.573162749763340074e+01 2.038867735128048462e-05 1.823521198461897671e-04
2.500000000000000000e+03 2.803915850108431229e+01 2.184309908961998037e-05 1.933221031968510245e-04
3.000000000000000000e+03 2.826269042258426722e+01 2.175168885215150057e-05 1.915144545353259051e-04
3.500000000000000000e+03 2.747553538587224864e+01 2.095930292121207770e-05 1.840235123297741552e-04
4.000000000000000000e+03 2.624840981970682918e+01 1.989043247370149799e-05 1.743771137037329806e-04
4.500000000000000000e+03 2.488674990496839712e+01 1.874894793305876322e-05 1.642538867194432881e-04
5.000000000000000000e+03 2.350594418592269008e+01 1.762970277948414029e-05 1.544244778379756601e-04
5.500000000000000000e+03 2.219137106238583712e+01 1.657415866894458494e-05 1.452174656557377399e-04
6.000000000000000000e+03 2.095601846220215592e+01 1.559764222869874272e-05 1.367466705541657503e-04
6.500000000000000000e+03 1.981258217983697278e+01 1.470281165315946316e-05 1.290229894662526242e-04
7.000000000000000000e+03 1.877051827307673548e+01 1.388639201766369933e-05 1.220100461155947336e-04
7.500000000000000000e+03 1.781014330152777703e+01 1.314256955603377063e-05 1.156520431556087083e-04
8.000000000000000000e+03 1.692690963356385581e+01 1.246469728508367802e-05 1.098876169327685568e-04
8.500000000000000000e+03 1.612292672426304918e+01 1.184613433334603656e-05 1.046565458272919971e-04
9.000000000000000000e+03 1.538658976638660292e+01 1.128063689211161230e-05 9.990278362976090054e-05
9.500000000000000000e+03 1.470482186426526994e+01 1.076251708768151394e-05 9.557560818522113037e-05
